*3DSMAX_ASCIIEXPORT	110
*COMMENT "[ GothicSourcer v3.10 ] - August 2006"
*SCENE {
	*SCENE_FILENAME "KRO_BODY.MAX"
	*SCENE_FIRSTFRAME 0
	*SCENE_LASTFRAME 100
	*SCENE_FRAMESPEED 25
	*SCENE_TICKSPERFRAME 192
	*SCENE_BACKGROUND_STATIC 0	0	0
	*SCENE_AMBIENT_STATIC 0.2	0.2	0.2
}
*MATERIAL_LIST {
	*MATERIAL_COUNT 1
	*MATERIAL 0 {
		*MATERIAL_NAME "MATERIAL #8"
		*MATERIAL_CLASS "Standard"
		*MATERIAL_AMBIENT 0.156863	0.164706	0.129412
		*MATERIAL_DIFFUSE 0.156863	0.164706	0.129412
		*MATERIAL_SPECULAR 0.9	0.9	0.9
		*MATERIAL_SHINE 0.1
		*MATERIAL_SHINESTRENGTH 0
		*MATERIAL_TRANSPARENCY 0
		*MATERIAL_WIRESIZE 1
		*MATERIAL_SHADING Blinn
		*MATERIAL_XP_FALLOFF 0
		*MATERIAL_SELFILLUM 0
		*MATERIAL_FALLOFF In
		*MATERIAL_XP_TYPE Filter
		*MAP_DIFFUSE {
			*MAP_NAME "Map #1"
			*MAP_CLASS "Bitmap"
			*MAP_SUBNO 1
			*MAP_AMOUNT 1
			*BITMAP "WARGATOR.TGA"
			*MAP_TYPE Screen
			*UVW_U_OFFSET 0
			*UVW_V_OFFSET 0
			*UVW_U_TILING 1
			*UVW_V_TILING 1
			*UVW_ANGLE 0
			*UVW_BLUR 1
			*UVW_BLUR_OFFSET 0
			*UVW_NOUSE_AMT 1
			*UVW_NOISE_SIZE 1
			*UVW_NOISE_LEVEL 1
			*UVW_NOISE_PHASE 0
			*BITMAP_FILTER Pyramidal
		}
	}
}
*HELPEROBJECT {
	*NODE_NAME "Bip01"
	*NODE_TM {
		*NODE_NAME "Bip01"
		*TM_ROW0 1.26759e-006	-1	0
		*TM_ROW1 1	1.26759e-006	0
		*TM_ROW2 -0	-0	1
		*TM_ROW3 -0.042146	57.0956	78.8996
		*TM_POS -0.042146	57.0956	78.8996
		*TM_ROTAXIS 0	0	1
		*TM_ROTANGLE 1.5708
		*TM_SCALE 1	1	1
		*TM_SCALEAXIS 0	0	0
		*TM_SCALEAXISANG 0	0	0
	}
}
*HELPEROBJECT {
	*NODE_NAME "Bip01 Pelvis"
	*NODE_PARENT "Bip01"
	*NODE_TM {
		*NODE_NAME "Bip01 Pelvis"
		*TM_ROW0 -1.19209e-006	-1.64892e-007	1
		*TM_ROW1 2.99332e-006	-1	-1.64887e-007
		*TM_ROW2 1	2.99332e-006	1.66893e-006
		*TM_ROW3 -0.039401	57.0963	78.8996
		*TM_POS -0.039401	57.0963	78.8996
		*TM_ROTAXIS -0.707106	-1e-006	-0.707107
		*TM_ROTANGLE 3.14159
		*TM_SCALE 1	1	1
		*TM_SCALEAXIS 0	0	0
		*TM_SCALEAXISANG 0	0	0
	}
}
*HELPEROBJECT {
	*NODE_NAME "Bip01 Spine"
	*NODE_PARENT "Bip01 Pelvis"
	*NODE_TM {
		*NODE_NAME "Bip01 Spine"
		*TM_ROW0 -4.91296e-005	-0.942359	-0.334604
		*TM_ROW1 1.46925e-005	0.334604	-0.942359
		*TM_ROW2 1	-5.13196e-005	-2.51877e-006
		*TM_ROW3 -0.039402	57.0858	87.6204
		*TM_POS -0.039402	57.0858	87.6204
		*TM_ROTAXIS 0.49962	-0.707619	0.499655
		*TM_ROTANGLE 1.90999
		*TM_SCALE 1	1	1
		*TM_SCALEAXIS 0	0	0
		*TM_SCALEAXISANG 0	0	0
	}
}
*HELPEROBJECT {
	*NODE_NAME "Bip01 Spine1"
	*NODE_PARENT "Bip01 Spine"
	*NODE_TM {
		*NODE_NAME "Bip01 Spine1"
		*TM_ROW0 -5.21929e-005	-0.979756	-0.200196
		*TM_ROW1 7.77841e-006	0.200197	-0.979756
		*TM_ROW2 1	-5.27501e-005	-2.75088e-006
		*TM_ROW3 -0.041368	19.8474	74.4312
		*TM_POS -0.041368	19.8474	74.4312
		*TM_ROTAXIS 0.534454	-0.654739	0.534487
		*TM_ROTANGLE 1.98224
		*TM_SCALE 1	1	1
		*TM_SCALEAXIS 0	0	0
		*TM_SCALEAXISANG 0	0	0
	}
}
*HELPEROBJECT {
	*NODE_NAME "Bip01 Spine2"
	*NODE_PARENT "Bip01 Spine1"
	*NODE_TM {
		*NODE_NAME "Bip01 Spine2"
		*TM_ROW0 -5.30142e-005	-0.999011	-0.0444646
		*TM_ROW1 -3.27826e-007	0.0444646	-0.999011
		*TM_ROW2 1	-5.29885e-005	-2.61844e-006
		*TM_ROW3 -0.043413	-18.8637	66.553
		*TM_POS -0.043413	-18.8637	66.553
		*TM_ROTAXIS 0.568578	-0.594479	0.568608
		*TM_ROTANGLE 2.06894
		*TM_SCALE 1	1	1
		*TM_SCALEAXIS 0	0	0
		*TM_SCALEAXISANG 0	0	0
	}
}
*HELPEROBJECT {
	*NODE_NAME "Bip01 Neck"
	*NODE_PARENT "Bip01 Spine2"
	*NODE_TM {
		*NODE_NAME "Bip01 Neck"
		*TM_ROW0 -5.28255e-005	-0.999989	-0.00466687
		*TM_ROW1 -2.5332e-006	0.00466676	-0.999989
		*TM_ROW2 1	-5.27799e-005	-2.84699e-006
		*TM_ROW3 -0.045497	-58.3342	64.8053
		*TM_POS -0.045497	-58.3342	64.8053
		*TM_ROTAXIS 0.57643	-0.579157	0.576459
		*TM_ROTANGLE 2.09173
		*TM_SCALE 1	1	1
		*TM_SCALEAXIS 0	0	0
		*TM_SCALEAXISANG 0	0	0
	}
}
*HELPEROBJECT {
	*NODE_NAME "Bip01 Neck1"
	*NODE_PARENT "Bip01 Neck"
	*NODE_TM {
		*NODE_NAME "Bip01 Neck1"
		*TM_ROW0 -5.3005e-005	-0.999399	-0.0346596
		*TM_ROW1 -4.76837e-007	0.0346598	-0.999399
		*TM_ROW2 1	-5.31077e-005	-2.19205e-006
		*TM_ROW3 -0.046101	-69.7608	64.7635
		*TM_POS -0.046101	-69.7608	64.7635
		*TM_ROTAXIS 0.570542	-0.590703	0.570572
		*TM_ROTANGLE 2.07453
		*TM_SCALE 1	1	1
		*TM_SCALEAXIS 0	0	0
		*TM_SCALEAXISANG 0	0	0
	}
}
*HELPEROBJECT {
	*NODE_NAME "Bip01 Head"
	*NODE_PARENT "Bip01 Neck1"
	*NODE_TM {
		*NODE_NAME "Bip01 Head"
		*TM_ROW0 5.39241e-007	-0.996195	0.0871567
		*TM_ROW1 -3.18885e-006	-0.0871567	-0.996195
		*TM_ROW2 1	2.08609e-007	-3.15624e-006
		*TM_ROW3 -0.046866	-84.246	64.2612
		*TM_POS -0.046866	-84.246	64.2612
		*TM_ROTAXIS 0.593427	-0.543775	0.593425
		*TM_ROTANGLE 2.14549
		*TM_SCALE 1	1	1
		*TM_SCALEAXIS 0	0	0
		*TM_SCALEAXISANG 0	0	0
	}
}
*HELPEROBJECT {
	*NODE_NAME "Bip01 Ponytail1"
	*NODE_PARENT "Bip01 Head"
	*NODE_TM {
		*NODE_NAME "Bip01 Ponytail1"
		*TM_ROW0 1.11823e-005	-0.99694	-0.0781727
		*TM_ROW1 4.97103e-005	0.0781728	-0.99694
		*TM_ROW2 1	7.18235e-006	5.04916e-005
		*TM_ROW3 -0.046862	-89.3531	50.4679
		*TM_POS -0.046862	-89.3531	50.4679
		*TM_ROTAXIS 0.561685	-0.607448	0.561709
		*TM_ROTANGLE 2.04979
		*TM_SCALE 1	1	1
		*TM_SCALEAXIS 0	0	0
		*TM_SCALEAXISANG 0	0	0
	}
}
*HELPEROBJECT {
	*NODE_NAME "Bip01 Tongue01"
	*NODE_PARENT "Bip01 Head"
	*NODE_TM {
		*NODE_NAME "Bip01 Tongue01"
		*TM_ROW0 1	-7.48263e-012	6.31393e-013
		*TM_ROW1 5.51841e-012	1	3.26558e-008
		*TM_ROW2 3.04225e-014	5.94082e-009	1
		*TM_ROW3 -0.006474	-83.956	54.1582
		*TM_POS -0.006474	-83.956	54.1582
		*TM_ROTAXIS 0	0	0
		*TM_ROTANGLE 0
		*TM_SCALE 1	1	1
		*TM_SCALEAXIS 0	0	0
		*TM_SCALEAXISANG 0	0	0
	}
}
*HELPEROBJECT {
	*NODE_NAME "Bip01 Tongue02"
	*NODE_PARENT "Bip01 Tongue01"
	*NODE_TM {
		*NODE_NAME "Bip01 Tongue02"
		*TM_ROW0 1	-7.48263e-012	6.31393e-013
		*TM_ROW1 5.51841e-012	1	3.26558e-008
		*TM_ROW2 3.04225e-014	5.94082e-009	1
		*TM_ROW3 -0.006474	-91.6348	54.0015
		*TM_POS -0.006474	-91.6348	54.0015
		*TM_ROTAXIS 0	0	0
		*TM_ROTANGLE 0
		*TM_SCALE 1	1	1
		*TM_SCALEAXIS 0	0	0
		*TM_SCALEAXISANG 0	0	0
	}
}
*HELPEROBJECT {
	*NODE_NAME "Bip01 Tongue03"
	*NODE_PARENT "Bip01 Tongue02"
	*NODE_TM {
		*NODE_NAME "Bip01 Tongue03"
		*TM_ROW0 1	-7.48263e-012	6.31393e-013
		*TM_ROW1 5.51841e-012	1	3.26558e-008
		*TM_ROW2 3.04225e-014	5.94082e-009	1
		*TM_ROW3 -0.006477	-133.476	56.6821
		*TM_POS -0.006477	-133.476	56.6821
		*TM_ROTAXIS 0	0	0
		*TM_ROTANGLE 0
		*TM_SCALE 1	1	1
		*TM_SCALEAXIS 0	0	0
		*TM_SCALEAXISANG 0	0	0
	}
}
*HELPEROBJECT {
	*NODE_NAME "Bip01 Tongue04"
	*NODE_PARENT "Bip01 Tongue03"
	*NODE_TM {
		*NODE_NAME "Bip01 Tongue04"
		*TM_ROW0 1	-7.48263e-012	6.31393e-013
		*TM_ROW1 5.51841e-012	1	3.26558e-008
		*TM_ROW2 3.04225e-014	5.94082e-009	1
		*TM_ROW3 -0.006478	-152.884	51.5355
		*TM_POS -0.006478	-152.884	51.5355
		*TM_ROTAXIS 0	0	0
		*TM_ROTANGLE 0
		*TM_SCALE 1	1	1
		*TM_SCALEAXIS 0	0	0
		*TM_SCALEAXISANG 0	0	0
	}
}
*HELPEROBJECT {
	*NODE_NAME "Bip01 Tongue05"
	*NODE_PARENT "Bip01 Tongue04"
	*NODE_TM {
		*NODE_NAME "Bip01 Tongue05"
		*TM_ROW0 1	-7.48263e-012	6.31393e-013
		*TM_ROW1 5.51841e-012	1	3.26558e-008
		*TM_ROW2 3.04225e-014	5.94082e-009	1
		*TM_ROW3 -0.006478	-162.721	52.5004
		*TM_POS -0.006478	-162.721	52.5004
		*TM_ROTAXIS 0	0	0
		*TM_ROTANGLE 0
		*TM_SCALE 1	1	1
		*TM_SCALEAXIS 0	0	0
		*TM_SCALEAXISANG 0	0	0
	}
}
*HELPEROBJECT {
	*NODE_NAME "Bip01 L Clavicle"
	*NODE_PARENT "Bip01 Neck"
	*NODE_TM {
		*NODE_NAME "Bip01 L Clavicle"
		*TM_ROW0 0.87499	0.483679	0.0211439
		*TM_ROW1 -2.45869e-006	-0.0436685	0.999046
		*TM_ROW2 0.48414	-0.874156	-0.0382084
		*TM_ROW3 21.5506	-35.3885	50.1357
		*TM_POS 21.5506	-35.3885	50.1357
		*TM_ROTAXIS -0.941652	-0.232747	-0.243145
		*TM_ROTANGLE 1.67443
		*TM_SCALE 1	1	1
		*TM_SCALEAXIS 0	0	0
		*TM_SCALEAXISANG 0	0	0
	}
}
*HELPEROBJECT {
	*NODE_NAME "Bip01 L UpperArm"
	*NODE_PARENT "Bip01 L Clavicle"
	*NODE_TM {
		*NODE_NAME "Bip01 L UpperArm"
		*TM_ROW0 0.579034	0.814501	0.0361717
		*TM_ROW1 -0.263121	0.144695	0.95385
		*TM_ROW2 0.771678	-0.561829	0.298096
		*TM_ROW3 38.9967	-25.7446	50.5572
		*TM_POS 38.9967	-25.7446	50.5572
		*TM_ROTAXIS -0.757885	-0.367775	-0.538843
		*TM_ROTANGLE 1.55988
		*TM_SCALE 1	1	1
		*TM_SCALEAXIS 0	0	0
		*TM_SCALEAXISANG 0	0	0
	}
}
*HELPEROBJECT {
	*NODE_NAME "Bip01 L Forearm"
	*NODE_PARENT "Bip01 L UpperArm"
	*NODE_TM {
		*NODE_NAME "Bip01 L Forearm"
		*TM_ROW0 0.138316	-0.309231	-0.940874
		*TM_ROW1 0.620792	0.767283	-0.160917
		*TM_ROW2 0.771678	-0.56183	0.298096
		*TM_ROW3 72.3888	21.2266	52.6432
		*TM_POS 72.3888	21.2266	52.6432
		*TM_ROTAXIS -0.201504	-0.860752	0.467442
		*TM_ROTANGLE 1.46877
		*TM_SCALE 1	1	1
		*TM_SCALEAXIS 0	0	0
		*TM_SCALEAXISANG 0	0	0
	}
}
*HELPEROBJECT {
	*NODE_NAME "Bip01 L Hand"
	*NODE_PARENT "Bip01 L Forearm"
	*NODE_TM {
		*NODE_NAME "Bip01 L Hand"
		*TM_ROW0 -0.0731301	-0.736604	-0.67236
		*TM_ROW1 0.0134966	0.673372	-0.739181
		*TM_ROW2 0.997231	-0.063131	-0.039302
		*TM_ROW3 78.9652	6.52385	7.9084
		*TM_POS 78.9652	6.52385	7.9084
		*TM_ROTAXIS 0.346477	-0.855669	0.384428
		*TM_ROTANGLE 1.79213
		*TM_SCALE 1	1	1
		*TM_SCALEAXIS 0	0	0
		*TM_SCALEAXISANG 0	0	0
	}
}
*HELPEROBJECT {
	*NODE_NAME "Bip01 L Finger0"
	*NODE_PARENT "Bip01 L Hand"
	*NODE_TM {
		*NODE_NAME "Bip01 L Finger0"
		*TM_ROW0 -0.0651389	-0.995687	-0.066063
		*TM_ROW1 -0.0355829	0.0684792	-0.997018
		*TM_ROW2 0.997242	-0.0625941	-0.0398899
		*TM_ROW3 76.6693	-16.6016	-13.2001
		*TM_POS 76.6693	-16.6016	-13.2001
		*TM_ROTAXIS -0.54631	0.62166	-0.561324
		*TM_ROTANGLE 4.16756
		*TM_SCALE 1	1	1
		*TM_SCALEAXIS 0	0	0
		*TM_SCALEAXISANG 0	0	0
	}
}
*HELPEROBJECT {
	*NODE_NAME "Bip01 R Clavicle"
	*NODE_PARENT "Bip01 Neck"
	*NODE_TM {
		*NODE_NAME "Bip01 R Clavicle"
		*TM_ROW0 -0.874939	0.483771	0.0211441
		*TM_ROW1 -1.74344e-006	-0.0436684	0.999046
		*TM_ROW2 0.484232	0.874105	0.0382081
		*TM_ROW3 -21.6391	-35.3862	50.1357
		*TM_POS -21.6391	-35.3862	50.1357
		*TM_ROTAXIS -0.183401	-0.679766	-0.710128
		*TM_ROTANGLE 2.79401
		*TM_SCALE 1	1	1
		*TM_SCALEAXIS 0	0	0
		*TM_SCALEAXISANG 0	0	0
	}
}
*HELPEROBJECT {
	*NODE_NAME "Bip01 R UpperArm"
	*NODE_PARENT "Bip01 R Clavicle"
	*NODE_TM {
		*NODE_NAME "Bip01 R UpperArm"
		*TM_ROW0 -0.579039	0.814498	0.0361608
		*TM_ROW1 0.263114	0.144704	0.953851
		*TM_ROW2 0.771677	0.561832	-0.298094
		*TM_ROW3 -39.0842	-25.7405	50.5572
		*TM_POS -39.0842	-25.7405	50.5572
		*TM_ROTAXIS 0.392277	0.735999	0.551746
		*TM_ROTANGLE 3.66481
		*TM_SCALE 1	1	1
		*TM_SCALEAXIS 0	0	0
		*TM_SCALEAXISANG 0	0	0
	}
}
*HELPEROBJECT {
	*NODE_NAME "Bip01 R Forearm"
	*NODE_PARENT "Bip01 R UpperArm"
	*NODE_TM {
		*NODE_NAME "Bip01 R Forearm"
		*TM_ROW0 -0.138262	-0.309296	-0.940861
		*TM_ROW1 -0.620805	0.767256	-0.160997
		*TM_ROW2 0.771677	0.561831	-0.298095
		*TM_ROW3 -72.4766	21.2305	52.6426
		*TM_POS -72.4766	21.2305	52.6426
		*TM_ROTAXIS 0.383513	-0.908626	-0.165278
		*TM_ROTANGLE 1.91192
		*TM_SCALE 1	1	1
		*TM_SCALEAXIS 0	0	0
		*TM_SCALEAXISANG 0	0	0
	}
}
*HELPEROBJECT {
	*NODE_NAME "Bip01 R Hand"
	*NODE_PARENT "Bip01 R Forearm"
	*NODE_TM {
		*NODE_NAME "Bip01 R Hand"
		*TM_ROW0 0.0731324	-0.736604	-0.672359
		*TM_ROW1 -0.0134986	0.673372	-0.739181
		*TM_ROW2 0.997231	0.063134	0.0393023
		*TM_ROW3 -79.0505	6.52473	7.9084
		*TM_POS -79.0505	6.52473	7.9084
		*TM_ROTAXIS 0.403478	-0.839624	0.363644
		*TM_ROTANGLE 1.6781
		*TM_SCALE 1	1	1
		*TM_SCALEAXIS 0	0	0
		*TM_SCALEAXISANG 0	0	0
	}
}
*HELPEROBJECT {
	*NODE_NAME "Bip01 R Finger0"
	*NODE_PARENT "Bip01 R Hand"
	*NODE_TM {
		*NODE_NAME "Bip01 R Finger0"
		*TM_ROW0 0.0651428	-0.995687	-0.0660624
		*TM_ROW1 0.0355831	0.0684786	-0.997018
		*TM_ROW2 0.997241	0.062598	0.0398905
		*TM_ROW3 -76.7545	-16.6007	-13.2001
		*TM_POS -76.7545	-16.6007	-13.2001
		*TM_ROTAXIS 0.58181	-0.583835	0.566246
		*TM_ROTANGLE 1.99681
		*TM_SCALE 1	1	1
		*TM_SCALEAXIS 0	0	0
		*TM_SCALEAXISANG 0	0	0
	}
}
*HELPEROBJECT {
	*NODE_NAME "Bip01 L Thigh"
	*NODE_PARENT "Bip01 Pelvis"
	*NODE_TM {
		*NODE_NAME "Bip01 L Thigh"
		*TM_ROW0 0.803034	0.241294	-0.544899
		*TM_ROW1 0.588911	-0.181356	0.787587
		*TM_ROW2 0.0912193	-0.953356	-0.287735
		*TM_ROW3 10.1855	57.0963	78.8996
		*TM_POS 10.1855	57.0963	78.8996
		*TM_ROTAXIS -0.923169	-0.337314	0.184331
		*TM_ROTANGLE 1.91031
		*TM_SCALE 1	1	1
		*TM_SCALEAXIS 0	0	0
		*TM_SCALEAXISANG 0	0	0
	}
}
*HELPEROBJECT {
	*NODE_NAME "Bip01 L Calf"
	*NODE_PARENT "Bip01 L Thigh"
	*NODE_TM {
		*NODE_NAME "Bip01 L Calf"
		*TM_ROW0 -0.842347	0.0802472	-0.532927
		*TM_ROW1 0.531159	0.290986	-0.795737
		*TM_ROW2 0.0912186	-0.953356	-0.287735
		*TM_ROW3 58.0438	71.4767	46.4254
		*TM_POS 58.0438	71.4767	46.4254
		*TM_ROTAXIS 0.200545	0.794125	-0.573713
		*TM_ROTANGLE 3.54546
		*TM_SCALE 1	1	1
		*TM_SCALEAXIS 0	0	0
		*TM_SCALEAXISANG 0	0	0
	}
}
*HELPEROBJECT {
	*NODE_NAME "Bip01 L HorseLink"
	*NODE_PARENT "Bip01 L Calf"
	*NODE_TM {
		*NODE_NAME "Bip01 L HorseLink"
		*TM_ROW0 0.516797	0.292305	-0.804661
		*TM_ROW1 0.851234	-0.075301	0.519355
		*TM_ROW2 0.0912181	-0.953356	-0.287735
		*TM_ROW3 23.592	74.7587	24.6287
		*TM_POS 23.592	74.7587	24.6287
		*TM_ROTAXIS -0.812688	-0.494374	0.308435
		*TM_ROTANGLE 2.00768
		*TM_SCALE 1	1	1
		*TM_SCALEAXIS 0	0	0
		*TM_SCALEAXISANG 0	0	0
	}
}
*HELPEROBJECT {
	*NODE_NAME "Bip01 L Foot"
	*NODE_PARENT "Bip01 L HorseLink"
	*NODE_TM {
		*NODE_NAME "Bip01 L Foot"
		*TM_ROW0 -2.2699e-006	6.30037e-007	-1
		*TM_ROW1 0.999657	-0.0261757	-2.41169e-006
		*TM_ROW2 -0.0261758	-0.999658	-6.71558e-007
		*TM_ROW3 40.1376	84.1171	-1.13311
		*TM_POS 40.1376	84.1171	-1.13311
		*TM_ROTAXIS 0.582322	0.567275	-0.582323
		*TM_ROTANGLE 4.17361
		*TM_SCALE 1	1	1
		*TM_SCALEAXIS 0	0	0
		*TM_SCALEAXISANG 0	0	0
	}
}
*HELPEROBJECT {
	*NODE_NAME "Bip01 L Toe0"
	*NODE_PARENT "Bip01 L Foot"
	*NODE_TM {
		*NODE_NAME "Bip01 L Toe0"
		*TM_ROW0 0.999657	-0.026176	-1.97304e-006
		*TM_ROW1 1.98184e-006	-3.50783e-007	1
		*TM_ROW2 -0.026176	-0.999658	-4.70971e-007
		*TM_ROW3 71.351	83.2998	-21.8096
		*TM_POS 71.351	83.2998	-21.8096
		*TM_ROTAXIS -0.999829	0.013087	0.013089
		*TM_ROTANGLE 1.57097
		*TM_SCALE 1	1	1
		*TM_SCALEAXIS 0	0	0
		*TM_SCALEAXISANG 0	0	0
	}
}
*HELPEROBJECT {
	*NODE_NAME "Bip01 R Thigh"
	*NODE_PARENT "Bip01 Pelvis"
	*NODE_TM {
		*NODE_NAME "Bip01 R Thigh"
		*TM_ROW0 -0.803041	0.241288	-0.54489
		*TM_ROW1 -0.588901	-0.18136	0.787594
		*TM_ROW2 0.0912152	0.953357	0.287735
		*TM_ROW3 -10.2643	57.0963	78.8996
		*TM_POS -10.2643	57.0963	78.8996
		*TM_ROTAXIS 0.156539	-0.600709	-0.783993
		*TM_ROTANGLE 2.58363
		*TM_SCALE 1	1	1
		*TM_SCALEAXIS 0	0	0
		*TM_SCALEAXISANG 0	0	0
	}
}
*HELPEROBJECT {
	*NODE_NAME "Bip01 R Calf"
	*NODE_PARENT "Bip01 R Thigh"
	*NODE_TM {
		*NODE_NAME "Bip01 R Calf"
		*TM_ROW0 0.842339	0.0802538	-0.532939
		*TM_ROW1 -0.531172	0.290983	-0.795729
		*TM_ROW2 0.0912156	0.953357	0.287735
		*TM_ROW3 -58.123	71.4763	46.4259
		*TM_POS -58.123	71.4763	46.4259
		*TM_ROTAXIS 0.894593	-0.319232	-0.312722
		*TM_ROTANGLE 1.35868
		*TM_SCALE 1	1	1
		*TM_SCALEAXIS 0	0	0
		*TM_SCALEAXISANG 0	0	0
	}
}
*HELPEROBJECT {
	*NODE_NAME "Bip01 R HorseLink"
	*NODE_PARENT "Bip01 R Calf"
	*NODE_TM {
		*NODE_NAME "Bip01 R HorseLink"
		*TM_ROW0 -0.516796	0.292304	-0.804662
		*TM_ROW1 -0.851236	-0.0753031	0.519353
		*TM_ROW2 0.0912154	0.953356	0.287736
		*TM_ROW3 -23.6715	74.7587	24.6288
		*TM_POS -23.6715	74.7587	24.6288
		*TM_ROTAXIS 0.286258	-0.590899	-0.754251
		*TM_ROTANGLE 2.28126
		*TM_SCALE 1	1	1
		*TM_SCALEAXIS 0	0	0
		*TM_SCALEAXISANG 0	0	0
	}
}
*HELPEROBJECT {
	*NODE_NAME "Bip01 R Foot"
	*NODE_PARENT "Bip01 R HorseLink"
	*NODE_TM {
		*NODE_NAME "Bip01 R Foot"
		*TM_ROW0 6.38459e-007	-1.25111e-006	-1
		*TM_ROW1 -0.999657	-0.0261798	-6.92454e-007
		*TM_ROW2 -0.0261799	0.999657	-1.11441e-006
		*TM_ROW3 -40.2172	84.117	-1.13313
		*TM_POS -40.2172	84.117	-1.13313
		*TM_ROTAXIS 0.582324	-0.567273	-0.582323
		*TM_ROTANGLE 2.10958
		*TM_SCALE 1	1	1
		*TM_SCALEAXIS 0	0	0
		*TM_SCALEAXISANG 0	0	0
	}
}
*HELPEROBJECT {
	*NODE_NAME "Bip01 R Toe0"
	*NODE_PARENT "Bip01 R Foot"
	*NODE_TM {
		*NODE_NAME "Bip01 R Toe0"
		*TM_ROW0 -0.999657	-0.0261793	-2.64977e-007
		*TM_ROW1 -1.31104e-007	1.52204e-006	1
		*TM_ROW2 -0.0261793	0.999657	-1.34805e-006
		*TM_ROW3 -71.4306	83.2995	-21.8096
		*TM_POS -71.4306	83.2995	-21.8096
		*TM_ROTAXIS -0.00925701	0.707077	0.707076
		*TM_ROTANGLE 3.12308
		*TM_SCALE 1	1	1
		*TM_SCALEAXIS 0	0	0
		*TM_SCALEAXISANG 0	0	0
	}
}
*HELPEROBJECT {
	*NODE_NAME "Bip01 Tail"
	*NODE_PARENT "Bip01 Pelvis"
	*NODE_TM {
		*NODE_NAME "Bip01 Tail"
		*TM_ROW0 -1.16606e-006	0.942529	-0.334124
		*TM_ROW1 -3.36766e-006	0.334124	0.942529
		*TM_ROW2 1	2.29478e-006	2.79764e-006
		*TM_ROW3 -0.039412	72.8456	86.0154
		*TM_POS -0.039412	72.8456	86.0154
		*TM_ROTAXIS -0.499776	-0.707421	-0.499779
		*TM_ROTANGLE 1.91021
		*TM_SCALE 1	1	1
		*TM_SCALEAXIS 0	0	0
		*TM_SCALEAXISANG 0	0	0
	}
}
*HELPEROBJECT {
	*NODE_NAME "Bip01 Tail1"
	*NODE_PARENT "Bip01 Tail"
	*NODE_TM {
		*NODE_NAME "Bip01 Tail1"
		*TM_ROW0 -8.7485e-007	0.947856	-0.318699
		*TM_ROW1 -3.57628e-006	0.318699	0.947856
		*TM_ROW2 1	2.02656e-006	3.14846e-006
		*TM_ROW3 -0.039473	117.356	70.2074
		*TM_POS -0.039473	117.356	70.2074
		*TM_ROTAXIS -0.504076	-0.701293	-0.504079
		*TM_ROTANGLE 1.9184
		*TM_SCALE 1	1	1
		*TM_SCALEAXIS 0	0	0
		*TM_SCALEAXISANG 0	0	0
	}
}
*HELPEROBJECT {
	*NODE_NAME "Bip01 Tail2"
	*NODE_PARENT "Bip01 Tail1"
	*NODE_TM {
		*NODE_NAME "Bip01 Tail2"
		*TM_ROW0 -1.62424e-006	0.950249	-0.311492
		*TM_ROW1 -3.03984e-006	0.311492	0.950249
		*TM_ROW2 1	2.563e-006	2.42887e-006
		*TM_ROW3 -0.039518	150.226	59.1272
		*TM_POS -0.039518	150.226	59.1272
		*TM_ROTAXIS -0.506055	-0.698437	-0.506058
		*TM_ROTANGLE 1.92224
		*TM_SCALE 1	1	1
		*TM_SCALEAXIS 0	0	0
		*TM_SCALEAXISANG 0	0	0
	}
}
*HELPEROBJECT {
	*NODE_NAME "Bip01 Tail3"
	*NODE_PARENT "Bip01 Tail2"
	*NODE_TM {
		*NODE_NAME "Bip01 Tail3"
		*TM_ROW0 -1.17539e-006	0.952587	-0.304267
		*TM_ROW1 -3.36766e-006	0.304267	0.952587
		*TM_ROW2 1	2.26498e-006	2.87772e-006
		*TM_ROW3 -0.039562	181.952	48.7068
		*TM_POS -0.039562	181.952	48.7068
		*TM_ROTAXIS -0.508021	-0.695576	-0.508024
		*TM_ROTANGLE 1.92609
		*TM_SCALE 1	1	1
		*TM_SCALEAXIS 0	0	0
		*TM_SCALEAXISANG 0	0	0
	}
}
*HELPEROBJECT {
	*NODE_NAME "Bip01 Tail4"
	*NODE_PARENT "Bip01 Tail3"
	*NODE_TM {
		*NODE_NAME "Bip01 Tail4"
		*TM_ROW0 -1.34731e-006	0.954869	-0.297025
		*TM_ROW1 -3.36766e-006	0.297025	0.95487
		*TM_ROW2 1	2.23517e-006	2.76541e-006
		*TM_ROW3 -0.039594	205.372	41.2065
		*TM_POS -0.039594	205.372	41.2065
		*TM_ROTAXIS -0.509974	-0.692713	-0.509977
		*TM_ROTANGLE 1.92996
		*TM_SCALE 1	1	1
		*TM_SCALEAXIS 0	0	0
		*TM_SCALEAXISANG 0	0	0
	}
}
*HELPEROBJECT {
	*NODE_NAME "Dummy"
	*NODE_PARENT "Bip01 Ponytail1"
	*NODE_TM {
		*NODE_NAME "Dummy"
		*TM_ROW0 -1	-0	0
		*TM_ROW1 -0	-1	0
		*TM_ROW2 -0	-0	1
		*TM_ROW3 -0.04686	-91.9067	43.5713
		*TM_POS -0.04686	-91.9067	43.5713
		*TM_ROTAXIS 0	0	-1
		*TM_ROTANGLE 3.14159
		*TM_SCALE 1	1	1
		*TM_SCALEAXIS 0	0	0
		*TM_SCALEAXISANG 0	0	0
	}
}
*HELPEROBJECT {
	*NODE_NAME "Dummy1"
	*NODE_PARENT "Bip01 Tongue05"
	*NODE_TM {
		*NODE_NAME "Dummy1"
		*TM_ROW0 -1	-0	0
		*TM_ROW1 -0	-1	0
		*TM_ROW2 -0	-0	1
		*TM_ROW3 -0.006478	-167.639	52.9828
		*TM_POS -0.006478	-167.639	52.9828
		*TM_ROTAXIS 0	0	-1
		*TM_ROTANGLE 3.14159
		*TM_SCALE 1	1	1
		*TM_SCALEAXIS 0	0	0
		*TM_SCALEAXISANG 0	0	0
	}
}
*HELPEROBJECT {
	*NODE_NAME "Dummy2"
	*NODE_PARENT "Bip01 L Finger0"
	*NODE_TM {
		*NODE_NAME "Dummy2"
		*TM_ROW0 -1	-0	0
		*TM_ROW1 -0	-1	0
		*TM_ROW2 -0	-0	1
		*TM_ROW3 75.5213	-28.1643	-23.7544
		*TM_POS 75.5213	-28.1643	-23.7544
		*TM_ROTAXIS 0	0	-1
		*TM_ROTANGLE 3.14159
		*TM_SCALE 1	1	1
		*TM_SCALEAXIS 0	0	0
		*TM_SCALEAXISANG 0	0	0
	}
}
*HELPEROBJECT {
	*NODE_NAME "Dummy3"
	*NODE_PARENT "Bip01 R Finger0"
	*NODE_TM {
		*NODE_NAME "Dummy3"
		*TM_ROW0 -1	-0	0
		*TM_ROW1 -0	-1	0
		*TM_ROW2 -0	-0	1
		*TM_ROW3 -75.6065	-28.1634	-23.7544
		*TM_POS -75.6065	-28.1634	-23.7544
		*TM_ROTAXIS 0	0	-1
		*TM_ROTANGLE 3.14159
		*TM_SCALE 1	1	1
		*TM_SCALEAXIS 0	0	0
		*TM_SCALEAXISANG 0	0	0
	}
}
*HELPEROBJECT {
	*NODE_NAME "Dummy4"
	*NODE_PARENT "Bip01 L Toe0"
	*NODE_TM {
		*NODE_NAME "Dummy4"
		*TM_ROW0 -1	-0	0
		*TM_ROW1 -0	-1	0
		*TM_ROW2 -0	-0	1
		*TM_ROW3 86.9577	82.8911	-32.1479
		*TM_POS 86.9577	82.8911	-32.1479
		*TM_ROTAXIS 0	0	-1
		*TM_ROTANGLE 3.14159
		*TM_SCALE 1	1	1
		*TM_SCALEAXIS 0	0	0
		*TM_SCALEAXISANG 0	0	0
	}
}
*HELPEROBJECT {
	*NODE_NAME "Dummy5"
	*NODE_PARENT "Bip01 R Toe0"
	*NODE_TM {
		*NODE_NAME "Dummy5"
		*TM_ROW0 -1	-0	0
		*TM_ROW1 -0	-1	0
		*TM_ROW2 -0	-0	1
		*TM_ROW3 -87.0373	82.8908	-32.1479
		*TM_POS -87.0373	82.8908	-32.1479
		*TM_ROTAXIS 0	0	-1
		*TM_ROTANGLE 3.14159
		*TM_SCALE 1	1	1
		*TM_SCALEAXIS 0	0	0
		*TM_SCALEAXISANG 0	0	0
	}
}
*HELPEROBJECT {
	*NODE_NAME "Dummy6"
	*NODE_PARENT "Bip01 Tail4"
	*NODE_TM {
		*NODE_NAME "Dummy6"
		*TM_ROW0 -1	-0	0
		*TM_ROW1 -0	-1	0
		*TM_ROW2 -0	-0	1
		*TM_ROW3 -0.03961	217.081	37.4563
		*TM_POS -0.03961	217.081	37.4563
		*TM_ROTAXIS 0	0	-1
		*TM_ROTANGLE 3.14159
		*TM_SCALE 1	1	1
		*TM_SCALEAXIS 0	0	0
		*TM_SCALEAXISANG 0	0	0
	}
}
*GEOMOBJECT {
	*NODE_NAME "zm_Skin"
	*NODE_PARENT "Bip01"
	*NODE_TM {
		*NODE_NAME "zm_Skin"
		*TM_ROW0 -1	-0	0
		*TM_ROW1 -0	-1	0
		*TM_ROW2 -0	-0	1
		*TM_ROW3 -0	-0	0
		*TM_POS -0	-0	0
		*TM_ROTAXIS 0	0	-1
		*TM_ROTANGLE 3.14159
		*TM_SCALE 1	1	1
		*TM_SCALEAXIS 0	0	0
		*TM_SCALEAXISANG 0	0	0
	}
	*MATERIAL_REF 0
	*MESH_SOFTSKIN {
		*TIMEVALUE 0
		*MESH_NUMVERTEX 929
		*MESH_NUMFACES 1626
		*MESH_VERTEX_LIST {
			*MESH_VERTEX 0	-69.8792	12.422	6.1951
			*MESH_VERTEX 1	-12.7041	-165.001	82.1155
			*MESH_VERTEX 2	-0.039636	236.827	34.808
			*MESH_VERTEX 3	51.6419	55.8884	40.8334
			*MESH_VERTEX 4	84.0059	15.9323	54.7361
			*MESH_VERTEX 5	25.8412	76.8831	78.4548
			*MESH_VERTEX 6	-51.649	55.9116	40.8465
			*MESH_VERTEX 7	-25.925	76.8835	78.4561
			*MESH_VERTEX 8	80.2297	-19.5669	-19.0729
			*MESH_VERTEX 9	69.7951	12.4237	6.19724
			*MESH_VERTEX 10	-82.6511	99.4814	-19.9046
			*MESH_VERTEX 11	-14.1396	77.5364	17.5645
			*MESH_VERTEX 12	-67.7918	74.6063	-19.5405
			*MESH_VERTEX 13	82.5661	99.4775	-19.905
			*MESH_VERTEX 14	14.0547	77.5378	17.565
			*MESH_VERTEX 15	67.7069	74.6071	-19.5406
			*MESH_VERTEX 16	-0.046102	-164.808	56.9634
			*MESH_VERTEX 17	-53.7026	83.0883	47.2939
			*MESH_VERTEX 18	34.2199	46.3664	60.3697
			*MESH_VERTEX 19	-34.3044	46.3672	60.3695
			*MESH_VERTEX 20	-80.3126	-19.5708	-19.0734
			*MESH_VERTEX 21	-57.0199	-6.12414	-17.8595
			*MESH_VERTEX 22	56.937	-6.12011	-17.8592
			*MESH_VERTEX 23	60.7291	26.1383	62.2342
			*MESH_VERTEX 24	-59.7701	-34.688	-20.3737
			*MESH_VERTEX 25	59.6885	-34.6638	-20.3721
			*MESH_VERTEX 26	29.1852	-89.1167	66.8176
			*MESH_VERTEX 27	61.999	8.37274	33.2892
			*MESH_VERTEX 28	12.6198	-165.001	82.1155
			*MESH_VERTEX 29	72.1347	64.9008	42.3622
			*MESH_VERTEX 30	-5.58093	52.9969	34.1076
			*MESH_VERTEX 31	-0.288669	89.8203	100.333
			*MESH_VERTEX 32	-86.5462	-34.3774	-20.503
			*MESH_VERTEX 33	-94.303	-12.6371	-18.7946
			*MESH_VERTEX 34	86.4622	-34.3877	-20.5035
			*MESH_VERTEX 35	94.22	-12.6334	-18.7944
			*MESH_VERTEX 36	-87.7704	81.5053	-19.5958
			*MESH_VERTEX 37	-69.2007	88.8147	-19.5732
			*MESH_VERTEX 38	87.6855	81.5057	-19.5963
			*MESH_VERTEX 39	69.1158	88.8143	-19.5733
			*MESH_VERTEX 40	-29.2696	-89.1167	66.8176
			*MESH_VERTEX 41	-42.5	-6.56298	71.771
			*MESH_VERTEX 42	-62.0404	8.3636	33.3169
			*MESH_VERTEX 43	-31.232	-55.997	59.9065
			*MESH_VERTEX 44	-84.0904	15.9324	54.7335
			*MESH_VERTEX 45	-60.8153	26.1376	62.2326
			*MESH_VERTEX 46	73.2587	-40.2407	-20.8925
			*MESH_VERTEX 47	67.9029	-18.7775	-18.8576
			*MESH_VERTEX 48	-73.3415	-40.247	-20.893
			*MESH_VERTEX 49	-67.9861	-18.7813	-18.8581
			*MESH_VERTEX 50	-24.8401	-15.0222	31.3044
			*MESH_VERTEX 51	-19.9979	67.5083	60.1278
			*MESH_VERTEX 52	-68.3601	58.4321	62.1545
			*MESH_VERTEX 53	-82.6769	64.5318	-19.6121
			*MESH_VERTEX 54	-39.1134	72.3336	3.1132
			*MESH_VERTEX 55	19.6803	-86.6325	104.962
			*MESH_VERTEX 56	42.414	-6.5629	71.7738
			*MESH_VERTEX 57	24.7561	-15.0242	31.3017
			*MESH_VERTEX 58	82.592	64.5364	-19.6127
			*MESH_VERTEX 59	37.9912	93.6628	-12.3637
			*MESH_VERTEX 60	-38.0756	93.6635	-12.3644
			*MESH_VERTEX 61	19.9134	67.5084	60.1277
			*MESH_VERTEX 62	53.8122	83.1443	47.3011
			*MESH_VERTEX 63	39.0286	72.3336	3.1133
			*MESH_VERTEX 64	25.8135	84.6427	25.2977
			*MESH_VERTEX 65	31.6773	58.7416	87.4019
			*MESH_VERTEX 66	-21.2186	-102.276	43.8108
			*MESH_VERTEX 67	-24.9406	84.7111	25.5548
			*MESH_VERTEX 68	3.12668	-16.4189	25.4759
			*MESH_VERTEX 69	-24.3992	81.7354	49.1262
			*MESH_VERTEX 70	23.5302	-123.48	70.3559
			*MESH_VERTEX 71	20.1665	-118.61	59.9762
			*MESH_VERTEX 72	19.1235	-123.909	59.496
			*MESH_VERTEX 73	-23.6146	-123.48	70.3559
			*MESH_VERTEX 74	-20.2509	-118.61	59.9762
			*MESH_VERTEX 75	-19.2078	-123.909	59.496
			*MESH_VERTEX 76	31.1477	-55.997	59.9065
			*MESH_VERTEX 77	-85.6879	7.32565	-8.63332
			*MESH_VERTEX 78	85.6053	7.32937	-8.63279
			*MESH_VERTEX 79	41.4911	89.9329	4.90387
			*MESH_VERTEX 80	38.041	70.2912	19.7212
			*MESH_VERTEX 81	-21.9461	-127.231	67.9059
			*MESH_VERTEX 82	-21.7481	-127.349	76.1499
			*MESH_VERTEX 83	-20.8317	-132.083	74.9876
			*MESH_VERTEX 84	21.8618	-127.231	67.9059
			*MESH_VERTEX 85	21.6638	-127.349	76.1499
			*MESH_VERTEX 86	20.7474	-132.083	74.9876
			*MESH_VERTEX 87	-24.1498	-17.1307	98.0018
			*MESH_VERTEX 88	-13.7296	-162.979	71.4888
			*MESH_VERTEX 89	-25.336	-83.4096	71.5787
			*MESH_VERTEX 90	13.6454	-162.979	71.4888
			*MESH_VERTEX 91	-0.046697	-103.119	34.1832
			*MESH_VERTEX 92	21.1343	-102.276	43.8109
			*MESH_VERTEX 93	-0.046831	-108.7	78.9277
			*MESH_VERTEX 94	25.2517	-83.4096	71.5787
			*MESH_VERTEX 95	-67.9982	-13.6148	-1.89982
			*MESH_VERTEX 96	-90.2212	3.0704	9.27652
			*MESH_VERTEX 97	-85.6309	-15.0123	-2.23044
			*MESH_VERTEX 98	-74.82	-32.866	-8.79534
			*MESH_VERTEX 99	67.9152	-13.6108	-1.89949
			*MESH_VERTEX 100	90.138	3.07312	9.27936
			*MESH_VERTEX 101	85.5479	-15.0085	-2.22996
			*MESH_VERTEX 102	74.737	-32.8609	-8.79492
			*MESH_VERTEX 103	37.1359	69.9641	44.3288
			*MESH_VERTEX 104	-73.6	67.8051	43.1122
			*MESH_VERTEX 105	-41.5761	89.9333	4.90387
			*MESH_VERTEX 106	-38.1165	70.3029	19.6774
			*MESH_VERTEX 107	37.5535	5.3346	56.0718
			*MESH_VERTEX 108	-37.6336	5.32979	56.1037
			*MESH_VERTEX 109	-37.2201	69.9634	44.3316
			*MESH_VERTEX 110	12.7042	-161.503	67.3526
			*MESH_VERTEX 111	13.3745	-160.572	76.756
			*MESH_VERTEX 112	10.238	-163.375	76.2522
			*MESH_VERTEX 113	-12.7885	-161.503	67.3526
			*MESH_VERTEX 114	-13.4588	-160.572	76.756
			*MESH_VERTEX 115	-10.3223	-163.375	76.2522
			*MESH_VERTEX 116	-76.0644	-5.91641	7.06481
			*MESH_VERTEX 117	75.9761	-5.91103	7.06421
			*MESH_VERTEX 118	21.9521	-140.037	69.0371
			*MESH_VERTEX 119	17.6479	-136.448	60.9897
			*MESH_VERTEX 120	16.533	-140.48	60.8705
			*MESH_VERTEX 121	-22.0365	-140.037	69.0371
			*MESH_VERTEX 122	-17.7323	-136.448	60.9897
			*MESH_VERTEX 123	-16.6174	-140.48	60.8704
			*MESH_VERTEX 124	59.151	73.9043	-6.58991
			*MESH_VERTEX 125	-59.2363	73.9035	-6.58937
			*MESH_VERTEX 126	13.409	-160.124	66.1768
			*MESH_VERTEX 127	-13.4935	-160.124	66.1768
			*MESH_VERTEX 128	-30.6903	39.8659	80.326
			*MESH_VERTEX 129	33.6028	-86.1308	83.389
			*MESH_VERTEX 130	-19.7646	-86.6325	104.962
			*MESH_VERTEX 131	-33.687	-86.1308	83.389
			*MESH_VERTEX 132	28.4235	65.223	21.9768
			*MESH_VERTEX 133	18.6968	120.368	65.7177
			*MESH_VERTEX 134	-18.7811	120.368	65.7177
			*MESH_VERTEX 135	-0.15155	115.292	41.5237
			*MESH_VERTEX 136	-28.5402	65.238	21.9728
			*MESH_VERTEX 137	-75.9553	80.9777	-5.80847
			*MESH_VERTEX 138	-59.195	92.7301	-5.32124
			*MESH_VERTEX 139	75.8704	80.9783	-5.81238
			*MESH_VERTEX 140	59.1097	92.7294	-5.32178
			*MESH_VERTEX 141	69.5977	79.0516	45.7696
			*MESH_VERTEX 142	30.6062	39.866	80.3256
			*MESH_VERTEX 143	68.2757	58.4321	62.1539
			*MESH_VERTEX 144	-59.8705	62.6119	-19.6419
			*MESH_VERTEX 145	59.7857	62.6137	-19.6417
			*MESH_VERTEX 146	24.0654	-17.1307	98.0019
			*MESH_VERTEX 147	-2.92137	-166.273	66.1971
			*MESH_VERTEX 148	-3.8441	-165.403	75.543
			*MESH_VERTEX 149	-0.933003	-167.432	75.2259
			*MESH_VERTEX 150	2.83708	-166.273	66.1971
			*MESH_VERTEX 151	3.75981	-165.403	75.543
			*MESH_VERTEX 152	0.848715	-167.432	75.2259
			*MESH_VERTEX 153	-36.6968	76.6619	-12.6995
			*MESH_VERTEX 154	36.6124	76.6626	-12.6988
			*MESH_VERTEX 155	14.2217	-160.284	68.4003
			*MESH_VERTEX 156	12.2501	-156.669	63.1978
			*MESH_VERTEX 157	10.2337	-159.439	63.2532
			*MESH_VERTEX 158	-14.3062	-160.284	68.4003
			*MESH_VERTEX 159	-12.3346	-156.669	63.1978
			*MESH_VERTEX 160	-10.3182	-159.439	63.2531
			*MESH_VERTEX 161	18.9132	-147.005	65.6661
			*MESH_VERTEX 162	18.3838	-146.711	73.3459
			*MESH_VERTEX 163	17.7332	-149.894	72.4692
			*MESH_VERTEX 164	-19.3403	-147.032	65.6372
			*MESH_VERTEX 165	-18.4681	-146.711	73.3459
			*MESH_VERTEX 166	-17.8174	-149.894	72.4692
			*MESH_VERTEX 167	-37.0922	81.5176	21.265
			*MESH_VERTEX 168	-31.7615	58.742	87.4025
			*MESH_VERTEX 169	-69.6472	79.1026	45.7892
			*MESH_VERTEX 170	-65.2243	69.8708	66.9195
			*MESH_VERTEX 171	65.1399	69.871	66.9189
			*MESH_VERTEX 172	-74.8875	5.6169	50.9843
			*MESH_VERTEX 173	74.8046	5.61584	50.9848
			*MESH_VERTEX 174	15.8048	-156.981	67.2809
			*MESH_VERTEX 175	15.3703	-155.319	73.6099
			*MESH_VERTEX 176	14.0208	-158.327	73.4799
			*MESH_VERTEX 177	-15.8891	-156.981	67.2809
			*MESH_VERTEX 178	-15.4546	-155.319	73.6099
			*MESH_VERTEX 179	-14.1051	-158.327	73.4799
			*MESH_VERTEX 180	-64.4432	28.9456	46.2471
			*MESH_VERTEX 181	-17.1247	-151.947	67.6329
			*MESH_VERTEX 182	-16.5767	-150.154	73.9711
			*MESH_VERTEX 183	-15.4552	-153.208	73.8378
			*MESH_VERTEX 184	17.0404	-151.947	67.6329
			*MESH_VERTEX 185	16.4924	-150.154	73.9711
			*MESH_VERTEX 186	15.3709	-153.208	73.8378
			*MESH_VERTEX 187	64.3589	28.9459	46.2491
			*MESH_VERTEX 188	-25.8619	79.1704	6.84618
			*MESH_VERTEX 189	37.0253	81.5061	21.3209
			*MESH_VERTEX 190	25.777	79.1703	6.84611
			*MESH_VERTEX 191	8.03654	-164.636	67.3214
			*MESH_VERTEX 192	9.19888	-165.119	74.0637
			*MESH_VERTEX 193	6.33108	-166.103	73.5974
			*MESH_VERTEX 194	-8.12083	-164.636	67.3214
			*MESH_VERTEX 195	-9.28316	-165.118	74.0637
			*MESH_VERTEX 196	-6.41537	-166.103	73.5974
			*MESH_VERTEX 197	10.0374	-153.931	61.9579
			*MESH_VERTEX 198	21.4397	-91.8447	65.2234
			*MESH_VERTEX 199	-10.1218	-153.931	61.9579
			*MESH_VERTEX 200	-21.524	-91.8447	65.2234
			*MESH_VERTEX 201	-16.2894	-153.77	68.7333
			*MESH_VERTEX 202	-13.0883	-150.984	61.1936
			*MESH_VERTEX 203	-12.3665	-153.886	60.7511
			*MESH_VERTEX 204	16.2049	-153.77	68.7334
			*MESH_VERTEX 205	13.0039	-150.985	61.1936
			*MESH_VERTEX 206	12.2821	-153.886	60.7511
			*MESH_VERTEX 207	78.2458	27.4478	52.249
			*MESH_VERTEX 208	-78.3546	27.413	52.2448
			*MESH_VERTEX 209	-0.046746	-171.312	80.6323
			*MESH_VERTEX 210	9.15474	-161.676	67.6749
			*MESH_VERTEX 211	9.92607	-159.146	62.6885
			*MESH_VERTEX 212	7.41556	-160.473	62.7202
			*MESH_VERTEX 213	-9.23919	-161.676	67.6749
			*MESH_VERTEX 214	-10.0105	-159.146	62.6884
			*MESH_VERTEX 215	-7.50001	-160.473	62.7201
			*MESH_VERTEX 216	21.7228	-133.777	66.6525
			*MESH_VERTEX 217	18.3923	-131.84	61.4264
			*MESH_VERTEX 218	17.789	-134.593	61.6104
			*MESH_VERTEX 219	-21.8072	-133.777	66.6525
			*MESH_VERTEX 220	-18.4767	-131.84	61.4264
			*MESH_VERTEX 221	-17.8734	-134.593	61.6104
			*MESH_VERTEX 222	-18.0543	-148.71	66.6629
			*MESH_VERTEX 223	-14.8384	-146.551	61.4837
			*MESH_VERTEX 224	-14.2252	-149.307	61.5017
			*MESH_VERTEX 225	17.9699	-148.71	66.6629
			*MESH_VERTEX 226	14.754	-146.551	61.4837
			*MESH_VERTEX 227	14.1408	-149.307	61.5018
			*MESH_VERTEX 228	-23.4988	-122.297	65.9859
			*MESH_VERTEX 229	-24.5828	-105.283	62.8216
			*MESH_VERTEX 230	23.4144	-122.297	65.986
			*MESH_VERTEX 231	24.4985	-105.283	62.8216
			*MESH_VERTEX 232	5.39859	-164.283	68.1517
			*MESH_VERTEX 233	5.60264	-161.747	62.091
			*MESH_VERTEX 234	3.29616	-162.877	62.2762
			*MESH_VERTEX 235	-5.48306	-164.283	68.1517
			*MESH_VERTEX 236	-5.68709	-161.747	62.091
			*MESH_VERTEX 237	-3.38061	-162.877	62.2762
			*MESH_VERTEX 238	-58.6045	49.3508	51.0012
			*MESH_VERTEX 239	-20.1243	-144.562	67.3688
			*MESH_VERTEX 240	-19.7602	-143.283	73.6394
			*MESH_VERTEX 241	-18.6387	-145.53	73.5626
			*MESH_VERTEX 242	20.04	-144.562	67.3688
			*MESH_VERTEX 243	19.6759	-143.283	73.6394
			*MESH_VERTEX 244	18.5544	-145.53	73.5626
			*MESH_VERTEX 245	20.716	-137.442	67.5167
			*MESH_VERTEX 246	21.2344	-136.401	72.9164
			*MESH_VERTEX 247	20.1286	-138.656	72.9008
			*MESH_VERTEX 248	-20.8003	-137.442	67.5167
			*MESH_VERTEX 249	-21.3187	-136.401	72.9164
			*MESH_VERTEX 250	-20.2129	-138.656	72.9008
			*MESH_VERTEX 251	-23.9513	-117.266	68.0122
			*MESH_VERTEX 252	-24.4697	-116.225	73.4119
			*MESH_VERTEX 253	-23.3639	-118.48	73.3964
			*MESH_VERTEX 254	23.867	-117.266	68.0123
			*MESH_VERTEX 255	24.3854	-116.226	73.4119
			*MESH_VERTEX 256	23.2797	-118.48	73.3964
			*MESH_VERTEX 257	24.7852	-113.364	67.6435
			*MESH_VERTEX 258	25.1998	-112.514	72.1891
			*MESH_VERTEX 259	24.0858	-114.754	71.9966
			*MESH_VERTEX 260	-24.8695	-113.364	67.6435
			*MESH_VERTEX 261	-25.2841	-112.514	72.1891
			*MESH_VERTEX 262	-24.1701	-114.754	71.9966
			*MESH_VERTEX 263	-0.042171	-168.517	69.2801
			*MESH_VERTEX 264	-11.4493	-58.9417	40.2536
			*MESH_VERTEX 265	-0.063346	180.943	35.5302
			*MESH_VERTEX 266	-9.80172	205.225	37.086
			*MESH_VERTEX 267	-53.7175	-16.0629	42.0601
			*MESH_VERTEX 268	9.71742	205.225	37.086
			*MESH_VERTEX 269	-16.8988	87.5963	51.4849
			*MESH_VERTEX 270	-22.0465	16.0441	94.7457
			*MESH_VERTEX 271	22.5386	-56.2868	95.8349
			*MESH_VERTEX 272	0.603525	-17.8142	104.164
			*MESH_VERTEX 273	21.9622	16.0441	94.7457
			*MESH_VERTEX 274	53.6343	-16.0634	42.0592
			*MESH_VERTEX 275	11.3651	-58.9417	40.2536
			*MESH_VERTEX 276	58.5203	49.351	51.0011
			*MESH_VERTEX 277	8.03777	-99.4594	103.043
			*MESH_VERTEX 278	4.52316	-99.125	99.019
			*MESH_VERTEX 279	-22.6229	-56.2868	95.8349
			*MESH_VERTEX 280	-0.046111	-165.081	64.4622
			*MESH_VERTEX 281	11.3016	-159.954	58.732
			*MESH_VERTEX 282	-11.3861	-159.954	58.732
			*MESH_VERTEX 283	62.0383	102.948	-19.6117
			*MESH_VERTEX 284	-62.1231	102.95	-19.612
			*MESH_VERTEX 285	51.5182	83.0496	56.6582
			*MESH_VERTEX 286	33.2298	-92.1644	70.1289
			*MESH_VERTEX 287	-33.314	-92.1644	70.1289
			*MESH_VERTEX 288	-51.6028	83.0494	56.6586
			*MESH_VERTEX 289	-8.12206	-99.4594	103.043
			*MESH_VERTEX 290	10.9602	-110.396	97.0405
			*MESH_VERTEX 291	14.1981	-86.1986	106.071
			*MESH_VERTEX 292	-73.4546	66.8209	-7.65612
			*MESH_VERTEX 293	73.3698	66.8249	-7.65959
			*MESH_VERTEX 294	-18.5379	-146.159	63.9443
			*MESH_VERTEX 295	18.4535	-146.159	63.9443
			*MESH_VERTEX 296	8.45341	-157.566	89.2765
			*MESH_VERTEX 297	-14.2823	-86.1986	106.071
			*MESH_VERTEX 298	-4.60746	-99.125	99.019
			*MESH_VERTEX 299	-11.0445	-110.396	97.0405
			*MESH_VERTEX 300	-72.2987	93.8612	-5.1079
			*MESH_VERTEX 301	72.2137	93.8587	-5.11196
			*MESH_VERTEX 302	42.593	79.4205	6.37601
			*MESH_VERTEX 303	-42.6776	79.419	6.37546
			*MESH_VERTEX 304	-8.5377	-157.566	89.2765
			*MESH_VERTEX 305	12.3856	-128.615	88.9269
			*MESH_VERTEX 306	-0.046754	-164.235	88.1531
			*MESH_VERTEX 307	-16.6322	150.24	52.5124
			*MESH_VERTEX 308	56.3447	-12.4347	53.9287
			*MESH_VERTEX 309	-56.4283	-12.4339	53.928
			*MESH_VERTEX 310	16.5479	150.24	52.5124
			*MESH_VERTEX 311	-37.2409	-16.3178	79.0891
			*MESH_VERTEX 312	37.1566	-16.3178	79.0891
			*MESH_VERTEX 313	-0.042366	9.7858	26.7139
			*MESH_VERTEX 314	43.8006	8.03839	37.5198
			*MESH_VERTEX 315	56.5116	-2.94884	37.3947
			*MESH_VERTEX 316	-12.4699	-128.615	88.9269
			*MESH_VERTEX 317	-43.8861	8.03723	37.5216
			*MESH_VERTEX 318	-56.5951	-2.94878	37.3963
			*MESH_VERTEX 319	-72.6173	13.4869	63.7943
			*MESH_VERTEX 320	72.5336	13.486	63.7964
			*MESH_VERTEX 321	-14.4289	65.7491	52.9624
			*MESH_VERTEX 322	2.88142	-167.764	76.9958
			*MESH_VERTEX 323	-2.96571	-167.764	76.9958
			*MESH_VERTEX 324	-20.7059	-121.152	57.27
			*MESH_VERTEX 325	20.6216	-121.152	57.27
			*MESH_VERTEX 326	18.1579	-99.5318	102.166
			*MESH_VERTEX 327	-18.2422	-99.5318	102.166
			*MESH_VERTEX 328	13.1942	-152.348	59.0408
			*MESH_VERTEX 329	-13.2786	-152.348	59.0408
			*MESH_VERTEX 330	72.6495	7.77173	-7.80451
			*MESH_VERTEX 331	-72.7321	7.7679	-7.80479
			*MESH_VERTEX 332	18.2521	-93.8206	68.5035
			*MESH_VERTEX 333	9.10812	-150.042	65.9115
			*MESH_VERTEX 334	27.9763	-55.6659	73.279
			*MESH_VERTEX 335	26.0044	-84.8758	90.5832
			*MESH_VERTEX 336	-28.0605	-55.6659	73.279
			*MESH_VERTEX 337	-26.0887	-84.8758	90.5831
			*MESH_VERTEX 338	17.5964	-138.441	58.817
			*MESH_VERTEX 339	-17.6808	-138.441	58.817
			*MESH_VERTEX 340	-18.3365	-93.8205	68.5035
			*MESH_VERTEX 341	-12.6985	-163.209	78.1194
			*MESH_VERTEX 342	12.6142	-163.209	78.1195
			*MESH_VERTEX 343	18.2596	-105.934	59.2854
			*MESH_VERTEX 344	-18.344	-105.934	59.2853
			*MESH_VERTEX 345	-19.2753	-148.733	74.2392
			*MESH_VERTEX 346	-9.19255	-150.042	65.9115
			*MESH_VERTEX 347	19.2303	72.5005	29.3241
			*MESH_VERTEX 348	-19.3031	72.5195	29.3325
			*MESH_VERTEX 349	19.191	-148.733	74.2392
			*MESH_VERTEX 350	19.9225	-57.2813	48.0326
			*MESH_VERTEX 351	-20.0076	-57.2815	48.0348
			*MESH_VERTEX 352	24.6123	-122.822	65.8311
			*MESH_VERTEX 353	-24.6967	-122.822	65.831
			*MESH_VERTEX 354	3.74194	-168.343	69.363
			*MESH_VERTEX 355	1.86368	-168.25	72.3139
			*MESH_VERTEX 356	1.70584	-165.583	74.7712
			*MESH_VERTEX 357	-3.82622	-168.343	69.363
			*MESH_VERTEX 358	-1.94797	-168.25	72.3138
			*MESH_VERTEX 359	-1.79013	-165.583	74.7712
			*MESH_VERTEX 360	-86.3511	17.28	9.86827
			*MESH_VERTEX 361	-21.8206	-124.181	62.4883
			*MESH_VERTEX 362	-18.7612	-121.507	60.823
			*MESH_VERTEX 363	21.7362	-124.181	62.4883
			*MESH_VERTEX 364	18.6769	-121.507	60.823
			*MESH_VERTEX 365	22.1376	-103.126	90.3116
			*MESH_VERTEX 366	-22.2219	-103.126	90.3116
			*MESH_VERTEX 367	86.2686	17.2833	9.87018
			*MESH_VERTEX 368	16.8187	-153.492	65.1834
			*MESH_VERTEX 369	14.4536	-154.134	62.8205
			*MESH_VERTEX 370	12.0017	-152.575	61.8561
			*MESH_VERTEX 371	-16.9032	-153.492	65.1834
			*MESH_VERTEX 372	-14.538	-154.134	62.8205
			*MESH_VERTEX 373	-12.0861	-152.575	61.8561
			*MESH_VERTEX 374	-4.68689	-163.008	61.029
			*MESH_VERTEX 375	4.60244	-163.008	61.029
			*MESH_VERTEX 376	14.8407	-147.997	60.174
			*MESH_VERTEX 377	-14.9251	-147.997	60.174
			*MESH_VERTEX 378	-20.0699	-144.684	74.6148
			*MESH_VERTEX 379	19.9856	-144.684	74.6148
			*MESH_VERTEX 380	-18.541	-133.338	60.1967
			*MESH_VERTEX 381	18.4566	-133.338	60.1967
			*MESH_VERTEX 382	-16.7073	30.9573	39.7856
			*MESH_VERTEX 383	-23.966	8.24362	33.3271
			*MESH_VERTEX 384	16.6228	30.9573	39.7855
			*MESH_VERTEX 385	23.8818	8.24351	33.3271
			*MESH_VERTEX 386	-14.0295	-163.414	70.5252
			*MESH_VERTEX 387	-11.717	-163.873	73.3792
			*MESH_VERTEX 388	-11.0947	-161.278	75.8757
			*MESH_VERTEX 389	13.9452	-163.414	70.5252
			*MESH_VERTEX 390	11.6327	-163.873	73.3792
			*MESH_VERTEX 391	11.0104	-161.278	75.8757
			*MESH_VERTEX 392	22.4863	-130.271	76.9083
			*MESH_VERTEX 393	-22.5706	-130.271	76.9083
			*MESH_VERTEX 394	-0.981233	43.6037	106.12
			*MESH_VERTEX 395	-2.51088	15.4504	101.308
			*MESH_VERTEX 396	-22.355	-139.632	65.2394
			*MESH_VERTEX 397	-19.3254	-140.679	62.9513
			*MESH_VERTEX 398	-16.476	-138.618	61.9353
			*MESH_VERTEX 399	22.2706	-139.632	65.2394
			*MESH_VERTEX 400	19.241	-140.679	62.9514
			*MESH_VERTEX 401	16.3916	-138.618	61.9353
			*MESH_VERTEX 402	-29.8048	-107.417	81.6139
			*MESH_VERTEX 403	-27.0017	-106.233	68.2799
			*MESH_VERTEX 404	-20.6563	-143	69.6153
			*MESH_VERTEX 405	-23.6543	-123.646	72.2271
			*MESH_VERTEX 406	29.7205	-107.417	81.6139
			*MESH_VERTEX 407	26.9174	-106.233	68.2799
			*MESH_VERTEX 408	20.5721	-143	69.6153
			*MESH_VERTEX 409	23.57	-123.646	72.2272
			*MESH_VERTEX 410	24.8273	-117.639	74.1664
			*MESH_VERTEX 411	21.6763	-137.814	73.6709
			*MESH_VERTEX 412	-24.9116	-117.639	74.1664
			*MESH_VERTEX 413	-21.7606	-137.814	73.6709
			*MESH_VERTEX 414	16.8021	-152.033	74.9131
			*MESH_VERTEX 415	-16.8864	-152.033	74.9131
			*MESH_VERTEX 416	-0.046188	-157.113	61.5911
			*MESH_VERTEX 417	-25.7053	-113.951	72.7271
			*MESH_VERTEX 418	25.621	-113.951	72.7272
			*MESH_VERTEX 419	-9.01188	-160.514	61.7604
			*MESH_VERTEX 420	8.92743	-160.514	61.7604
			*MESH_VERTEX 421	11.6006	-158.273	61.9053
