*3DSMAX_ASCIIEXPORT	110
*COMMENT "[ GothicSourcer v3.10 ] - August 2006"
*SCENE {
	*SCENE_FILENAME "DRACONIAN_BODY.MAX"
	*SCENE_FIRSTFRAME 0
	*SCENE_LASTFRAME 100
	*SCENE_FRAMESPEED 25
	*SCENE_TICKSPERFRAME 192
	*SCENE_BACKGROUND_STATIC 0	0	0
	*SCENE_AMBIENT_STATIC 0.2	0.2	0.2
}
*MATERIAL_LIST {
	*MATERIAL_COUNT 1
	*MATERIAL 0 {
		*MATERIAL_NAME "Compound Material #1"
		*MATERIAL_CLASS "Multi/Sub-Object"
		*NUMSUBMTLS 2
		*SUBMATERIAL 0 {
			*MATERIAL_NAME "ECHSEHEAD"
			*MATERIAL_CLASS "Standard"
			*MATERIAL_AMBIENT 0.160784	0.137255	0.113725
			*MATERIAL_DIFFUSE 0.160784	0.137255	0.113725
			*MATERIAL_SPECULAR 0.9	0.9	0.9
			*MATERIAL_SHINE 0.1
			*MATERIAL_SHINESTRENGTH 0
			*MATERIAL_TRANSPARENCY 0
			*MATERIAL_WIRESIZE 1
			*MATERIAL_SHADING Blinn
			*MATERIAL_XP_FALLOFF 0
			*MATERIAL_SELFILLUM 0
			*MATERIAL_FALLOFF In
			*MATERIAL_XP_TYPE Filter
			*MAP_DIFFUSE {
				*MAP_NAME "Map #1-1"
				*MAP_CLASS "Bitmap"
				*MAP_SUBNO 1
				*MAP_AMOUNT 1
				*BITMAP "ECHSEKOPF.TGA"
				*MAP_TYPE Screen
				*UVW_U_OFFSET 0
				*UVW_V_OFFSET 0
				*UVW_U_TILING 1
				*UVW_V_TILING 1
				*UVW_ANGLE 0
				*UVW_BLUR 1
				*UVW_BLUR_OFFSET 0
				*UVW_NOUSE_AMT 1
				*UVW_NOISE_SIZE 1
				*UVW_NOISE_LEVEL 1
				*UVW_NOISE_PHASE 0
				*BITMAP_FILTER Pyramidal
			}
		}
		*SUBMATERIAL 1 {
			*MATERIAL_NAME "ECHSEBODY"
			*MATERIAL_CLASS "Standard"
			*MATERIAL_AMBIENT 0.172549	0.117647	0.0941177
			*MATERIAL_DIFFUSE 0.172549	0.117647	0.0941177
			*MATERIAL_SPECULAR 0.9	0.9	0.9
			*MATERIAL_SHINE 0.1
			*MATERIAL_SHINESTRENGTH 0
			*MATERIAL_TRANSPARENCY 0
			*MATERIAL_WIRESIZE 1
			*MATERIAL_SHADING Blinn
			*MATERIAL_XP_FALLOFF 0
			*MATERIAL_SELFILLUM 0
			*MATERIAL_FALLOFF In
			*MATERIAL_XP_TYPE Filter
			*MAP_DIFFUSE {
				*MAP_NAME "Map #1-2"
				*MAP_CLASS "Bitmap"
				*MAP_SUBNO 1
				*MAP_AMOUNT 1
				*BITMAP "ECHSE.TGA"
				*MAP_TYPE Screen
				*UVW_U_OFFSET 0
				*UVW_V_OFFSET 0
				*UVW_U_TILING 1
				*UVW_V_TILING 1
				*UVW_ANGLE 0
				*UVW_BLUR 1
				*UVW_BLUR_OFFSET 0
				*UVW_NOUSE_AMT 1
				*UVW_NOISE_SIZE 1
				*UVW_NOISE_LEVEL 1
				*UVW_NOISE_PHASE 0
				*BITMAP_FILTER Pyramidal
			}
		}
	}
}
*HELPEROBJECT {
	*NODE_NAME "Bip01"
	*NODE_TM {
		*NODE_NAME "Bip01"
		*TM_ROW0 1.26759e-006	-1	0
		*TM_ROW1 1	1.26759e-006	0
		*TM_ROW2 -0	-0	1
		*TM_ROW3 0.4394	41.6231	112.814
		*TM_POS 0.4394	41.6231	112.814
		*TM_ROTAXIS 0	0	1
		*TM_ROTANGLE 1.5708
		*TM_SCALE 1	1	1
		*TM_SCALEAXIS 0	0	0
		*TM_SCALEAXISANG 0	0	0
	}
}
*HELPEROBJECT {
	*NODE_NAME "Bip01 Pelvis"
	*NODE_PARENT "Bip01"
	*NODE_TM {
		*NODE_NAME "Bip01 Pelvis"
		*TM_ROW0 -1.19209e-006	-1.64892e-007	1
		*TM_ROW1 2.99332e-006	-1	-1.64887e-007
		*TM_ROW2 1	2.99332e-006	1.66893e-006
		*TM_ROW3 0.439378	55.9435	112.814
		*TM_POS 0.439378	55.9435	112.814
		*TM_ROTAXIS -0.707106	-1e-006	-0.707107
		*TM_ROTANGLE 3.14159
		*TM_SCALE 1	1	1
		*TM_SCALEAXIS 0	0	0
		*TM_SCALEAXISANG 0	0	0
	}
}
*HELPEROBJECT {
	*NODE_NAME "Bip01 Spine"
	*NODE_PARENT "Bip01 Pelvis"
	*NODE_TM {
		*NODE_NAME "Bip01 Spine"
		*TM_ROW0 1.32413e-006	-0.342742	0.93943
		*TM_ROW1 -1.10269e-006	-0.93943	-0.342742
		*TM_ROW2 1	-6.10948e-007	-1.47729e-006
		*TM_ROW3 0.439378	54.0784	120.394
		*TM_POS 0.439378	54.0784	120.394
		*TM_ROTAXIS 0.70165	-0.123998	0.701649
		*TM_ROTANGLE 2.89486
		*TM_SCALE 1	1	1
		*TM_SCALEAXIS 0	0	0
		*TM_SCALEAXISANG 0	0	0
	}
}
*HELPEROBJECT {
	*NODE_NAME "Bip01 Spine1"
	*NODE_PARENT "Bip01 Spine"
	*NODE_TM {
		*NODE_NAME "Bip01 Spine1"
		*TM_ROW0 7.5293e-007	-0.540147	0.84157
		*TM_ROW1 -1.93715e-006	-0.841571	-0.540147
		*TM_ROW2 1	-1.2219e-006	-1.81007e-006
		*TM_ROW3 0.439387	47.874	137.441
		*TM_POS 0.439387	47.874	137.441
		*TM_ROTAXIS 0.692373	-0.203079	0.692372
		*TM_ROTANGLE 2.74089
		*TM_SCALE 1	1	1
		*TM_SCALEAXIS 0	0	0
		*TM_SCALEAXISANG 0	0	0
	}
}
*HELPEROBJECT {
	*NODE_NAME "Bip01 Spine2"
	*NODE_PARENT "Bip01 Spine1"
	*NODE_TM {
		*NODE_NAME "Bip01 Spine2"
		*TM_ROW0 8.98544e-007	-0.722283	0.691598
		*TM_ROW1 -1.40071e-006	-0.691598	-0.722283
		*TM_ROW2 1	-4.17233e-007	-1.54525e-006
		*TM_ROW3 0.439402	38.0871	152.715
		*TM_POS 0.439402	38.0871	152.715
		*TM_ROTAXIS 0.676927	-0.289036	0.676926
		*TM_ROTANGLE 2.57886
		*TM_SCALE 1	1	1
		*TM_SCALEAXIS 0	0	0
		*TM_SCALEAXISANG 0	0	0
	}
}
*HELPEROBJECT {
	*NODE_NAME "Bip01 Spine3"
	*NODE_PARENT "Bip01 Spine2"
	*NODE_TM {
		*NODE_NAME "Bip01 Spine3"
		*TM_ROW0 7.45564e-007	-0.858001	0.513648
		*TM_ROW1 -1.51992e-006	-0.513648	-0.858001
		*TM_ROW2 1	-2.68221e-007	-1.45981e-006
		*TM_ROW3 0.439422	24.9941	165.271
		*TM_POS 0.439422	24.9941	165.271
		*TM_ROTAXIS 0.656347	-0.372046	0.656346
		*TM_ROTANGLE 2.42924
		*TM_SCALE 1	1	1
		*TM_SCALEAXIS 0	0	0
		*TM_SCALEAXISANG 0	0	0
	}
}
*HELPEROBJECT {
	*NODE_NAME "Bip01 Neck"
	*NODE_PARENT "Bip01 Spine3"
	*NODE_TM {
		*NODE_NAME "Bip01 Neck"
		*TM_ROW0 1.59385e-006	-0.955218	-0.295904
		*TM_ROW1 -3.18885e-006	0.295904	-0.955218
		*TM_ROW2 1	2.38419e-006	-2.51887e-006
		*TM_ROW3 0.439445	9.43029	174.593
		*TM_POS 0.439445	9.43029	174.593
		*TM_ROTAXIS 0.510277	-0.69227	0.510274
		*TM_ROTANGLE 1.93055
		*TM_SCALE 1	1	1
		*TM_SCALEAXIS 0	0	0
		*TM_SCALEAXISANG 0	0	0
	}
}
*HELPEROBJECT {
	*NODE_NAME "Bip01 Neck1"
	*NODE_PARENT "Bip01 Neck"
	*NODE_TM {
		*NODE_NAME "Bip01 Neck1"
		*TM_ROW0 1.59565e-006	-0.949044	0.315143
		*TM_ROW1 -2.20537e-006	-0.315142	-0.949044
		*TM_ROW2 1	8.34465e-007	-2.63628e-006
		*TM_ROW3 0.439455	2.29263	172.387
		*TM_POS 0.439455	2.29263	172.387
		*TM_ROTAXIS 0.629848	-0.454516	0.629846
		*TM_ROTANGLE 2.28839
		*TM_SCALE 1	1	1
		*TM_SCALEAXIS 0	0	0
		*TM_SCALEAXISANG 0	0	0
	}
}
*HELPEROBJECT {
	*NODE_NAME "Bip01 Neck2"
	*NODE_PARENT "Bip01 Neck1"
	*NODE_TM {
		*NODE_NAME "Bip01 Neck2"
		*TM_ROW0 7.50789e-007	-0.993271	0.115813
		*TM_ROW1 -2.89083e-006	-0.115813	-0.993271
		*TM_ROW2 1	3.57628e-007	-2.9447e-006
		*TM_ROW3 0.439466	-4.80008	174.749
		*TM_POS 0.439466	-4.80008	174.749
		*TM_ROTAXIS 0.598426	-0.532705	0.598424
		*TM_ROTANGLE 2.16266
		*TM_SCALE 1	1	1
		*TM_SCALEAXIS 0	0	0
		*TM_SCALEAXISANG 0	0	0
	}
}
*HELPEROBJECT {
	*NODE_NAME "Bip01 Head"
	*NODE_PARENT "Bip01 Neck2"
	*NODE_TM {
		*NODE_NAME "Bip01 Head"
		*TM_ROW0 -9.22006e-008	-0.444634	0.895713
		*TM_ROW1 -4.32134e-007	-0.895712	-0.444634
		*TM_ROW2 1	-4.32134e-007	-9.22007e-008
		*TM_ROW3 0.439477	-12.224	175.614
		*TM_POS 0.439477	-12.224	175.614
		*TM_ROTAXIS 0.697578	-0.163615	0.697578
		*TM_ROTANGLE 2.81724
		*TM_SCALE 1	1	1
		*TM_SCALEAXIS 0	0	0
		*TM_SCALEAXISANG 0	0	0
	}
}
*HELPEROBJECT {
	*NODE_NAME "Bip01 R Clavicle"
	*NODE_PARENT "Bip01 Neck"
	*NODE_TM {
		*NODE_NAME "Bip01 R Clavicle"
		*TM_ROW0 -0.930679	0.313739	-0.188161
		*TM_ROW1 -1.49007e-008	0.514332	0.857592
		*TM_ROW2 0.365837	0.798142	-0.478677
		*TM_ROW3 -20.3276	4.42285	176.506
		*TM_POS -20.3276	4.42285	176.506
		*TM_ROTAXIS 0.092971	0.866384	0.490648
		*TM_ROTANGLE 3.46703
		*TM_SCALE 1	1	1
		*TM_SCALEAXIS 0	0	0
		*TM_SCALEAXISANG 0	0	0
	}
}
*HELPEROBJECT {
	*NODE_NAME "Bip01 R UpperArm"
	*NODE_PARENT "Bip01 R Clavicle"
	*NODE_TM {
		*NODE_NAME "Bip01 R UpperArm"
		*TM_ROW0 -0.382514	0.30234	-0.873083
		*TM_ROW1 -0.193483	0.897784	0.395662
		*TM_ROW2 0.903464	0.320273	-0.284917
		*TM_ROW3 -37.7217	10.2865	172.989
		*TM_POS -37.7217	10.2865	172.989
		*TM_ROTAXIS -0.04084	-0.962387	-0.268596
		*TM_ROTANGLE 1.96581
		*TM_SCALE 1	1	1
		*TM_SCALEAXIS 0	0	0
		*TM_SCALEAXISANG 0	0	0
	}
}
*HELPEROBJECT {
	*NODE_NAME "Bip01 R Forearm"
	*NODE_PARENT "Bip01 R UpperArm"
	*NODE_TM {
		*NODE_NAME "Bip01 R Forearm"
		*TM_ROW0 -0.0867929	-0.514224	-0.853253
		*TM_ROW1 -0.419786	0.795613	-0.436785
		*TM_ROW2 0.903464	0.320273	-0.284917
		*TM_ROW3 -54.7427	23.74	134.139
		*TM_POS -54.7427	23.74	134.139
		*TM_ROTAXIS 0.395283	-0.917235	0.049309
		*TM_ROTANGLE 1.86299
		*TM_SCALE 1	1	1
		*TM_SCALEAXIS 0	0	0
		*TM_SCALEAXISANG 0	0	0
	}
}
*HELPEROBJECT {
	*NODE_NAME "Bip01 R Hand"
	*NODE_PARENT "Bip01 R Forearm"
	*NODE_TM {
		*NODE_NAME "Bip01 R Hand"
		*TM_ROW0 0.298676	-0.333345	-0.894245
		*TM_ROW1 0.856738	0.506481	0.0973487
		*TM_ROW2 0.420468	-0.795209	0.436863
		*TM_ROW3 -59.0191	-1.59599	92.0989
		*TM_POS -59.0191	-1.59599	92.0989
		*TM_ROTAXIS -0.449583	-0.662223	0.599447
		*TM_ROTANGLE 1.44949
		*TM_SCALE 1	1	1
		*TM_SCALEAXIS 0	0	0
		*TM_SCALEAXISANG 0	0	0
	}
}
*HELPEROBJECT {
	*NODE_NAME "Bip01 R Finger0"
	*NODE_PARENT "Bip01 R Hand"
	*NODE_TM {
		*NODE_NAME "Bip01 R Finger0"
		*TM_ROW0 0.298676	-0.333346	-0.894245
		*TM_ROW1 0.857073	0.505848	0.0976963
		*TM_ROW2 0.419786	-0.795612	0.436786
		*TM_ROW3 -46.0023	-10.3924	60.8274
		*TM_POS -46.0023	-10.3924	60.8274
		*TM_ROTAXIS -0.449941	-0.66185	0.599589
		*TM_ROTANGLE 1.44985
		*TM_SCALE 1	1	1
		*TM_SCALEAXIS 0	0	0
		*TM_SCALEAXISANG 0	0	0
	}
}
*HELPEROBJECT {
	*NODE_NAME "ZS_SWORD"
	*NODE_PARENT "Bip01 R Hand"
	*NODE_TM {
		*NODE_NAME "ZS_SWORD"
		*TM_ROW0 -0.383923	0.785481	-0.485409
		*TM_ROW1 0.496046	-0.267945	-0.82592
		*TM_ROW2 -0.778808	-0.557875	-0.286765
		*TM_ROW3 -46.1402	-16.2923	82.9933
		*TM_POS -46.1402	-16.2923	82.9933
		*TM_ROTAXIS 0.545213	0.596783	-0.588722
		*TM_ROTANGLE 2.89323
		*TM_SCALE 1	1	1
		*TM_SCALEAXIS 0	0	0
		*TM_SCALEAXISANG 0	0	0
	}
}
*HELPEROBJECT {
	*NODE_NAME "ZS_RIGHTHAND"
	*NODE_PARENT "Bip01 R Hand"
	*NODE_TM {
		*NODE_NAME "ZS_RIGHTHAND"
		*TM_ROW0 -0.408853	0.805707	-0.428575
		*TM_ROW1 -0.406886	0.259422	0.875868
		*TM_ROW2 0.816874	0.532482	0.221766
		*TM_ROW3 -43.5226	-19.4939	88.3026
		*TM_POS -43.5226	-19.4939	88.3026
		*TM_ROTAXIS -0.193801	-0.70291	-0.684367
		*TM_ROTANGLE 2.05311
		*TM_SCALE 1	1	1
		*TM_SCALEAXIS 0	0	0
		*TM_SCALEAXISANG 0	0	0
	}
}
*HELPEROBJECT {
	*NODE_NAME "Bip01 L Clavicle"
	*NODE_PARENT "Bip01 Neck"
	*NODE_TM {
		*NODE_NAME "Bip01 L Clavicle"
		*TM_ROW0 0.930678	0.313741	-0.188162
		*TM_ROW1 -4.76837e-007	0.514331	0.857592
		*TM_ROW2 0.365839	-0.798142	0.478677
		*TM_ROW3 21.2065	4.42291	176.506
		*TM_POS 21.2065	4.42291	176.506
		*TM_ROTAXIS -0.933374	-0.312303	-0.176863
		*TM_ROTANGLE 1.09072
		*TM_SCALE 1	1	1
		*TM_SCALEAXIS 0	0	0
		*TM_SCALEAXISANG 0	0	0
	}
}
*HELPEROBJECT {
	*NODE_NAME "Bip01 L UpperArm"
	*NODE_PARENT "Bip01 L Clavicle"
	*NODE_TM {
		*NODE_NAME "Bip01 L UpperArm"
		*TM_ROW0 0.412492	0.314447	-0.85497
		*TM_ROW1 0.359678	0.806065	0.469991
		*TM_ROW2 0.836949	-0.501381	0.219395
		*TM_ROW3 38.6006	10.2866	172.989
		*TM_POS 38.6006	10.2866	172.989
		*TM_ROTAXIS -0.497767	-0.867001	0.0231781
		*TM_ROTANGLE 1.35003
		*TM_SCALE 1	1	1
		*TM_SCALEAXIS 0	0	0
		*TM_SCALEAXISANG 0	0	0
	}
}
*HELPEROBJECT {
	*NODE_NAME "Bip01 L Forearm"
	*NODE_PARENT "Bip01 L UpperArm"
	*NODE_TM {
		*NODE_NAME "Bip01 L Forearm"
		*TM_ROW0 0.0737319	-0.293925	-0.952981
		*TM_ROW1 0.542293	0.813772	-0.209032
		*TM_ROW2 0.836949	-0.501382	0.219394
		*TM_ROW3 56.9555	24.2788	134.945
		*TM_POS 56.9555	24.2788	134.945
		*TM_ROTAXIS -0.146384	-0.896246	0.418707
		*TM_ROTANGLE 1.51732
		*TM_SCALE 1	1	1
		*TM_SCALEAXIS 0	0	0
		*TM_SCALEAXISANG 0	0	0
	}
}
*HELPEROBJECT {
	*NODE_NAME "Bip01 L Hand"
	*NODE_PARENT "Bip01 L Forearm"
	*NODE_TM {
		*NODE_NAME "Bip01 L Hand"
		*TM_ROW0 -0.00866369	-0.269638	-0.962923
		*TM_ROW1 -0.924085	0.370108	-0.0953236
		*TM_ROW2 0.382088	0.888997	-0.252375
		*TM_ROW3 60.5884	9.79703	87.9912
		*TM_POS 60.5884	9.79703	87.9912
		*TM_ROTAXIS 0.549716	-0.751152	-0.365491
		*TM_ROTANGLE 2.03249
		*TM_SCALE 1	1	1
		*TM_SCALEAXIS 0	0	0
		*TM_SCALEAXISANG 0	0	0
	}
}
*HELPEROBJECT {
	*NODE_NAME "Bip01 L Finger0"
	*NODE_PARENT "Bip01 L Hand"
	*NODE_TM {
		*NODE_NAME "Bip01 L Finger0"
		*TM_ROW0 0.0284409	-0.284245	-0.95833
		*TM_ROW1 -0.923993	0.358281	-0.13369
		*TM_ROW2 0.381352	0.889292	-0.25245
		*TM_ROW3 57.3677	2.83048	53.8472
		*TM_POS 57.3677	2.83048	53.8472
		*TM_ROTAXIS 0.567403	-0.743063	-0.35484
		*TM_ROTANGLE 2.01846
		*TM_SCALE 1	1	1
		*TM_SCALEAXIS 0	0	0
		*TM_SCALEAXISANG 0	0	0
	}
}
*HELPEROBJECT {
	*NODE_NAME "ZS_LEFTHAND"
	*NODE_PARENT "Bip01 L Hand"
	*NODE_TM {
		*NODE_NAME "ZS_LEFTHAND"
		*TM_ROW0 -0.36724	-0.896813	0.246702
		*TM_ROW1 -0.128502	-0.213772	-0.968396
		*TM_ROW2 0.921207	-0.387335	-0.0367364
		*TM_ROW3 50.3477	-9.8288	78.9432
		*TM_POS 50.3477	-9.8288	78.9432
		*TM_ROTAXIS -0.494114	0.573577	-0.653346
		*TM_ROTANGLE 3.77015
		*TM_SCALE 1	1	1
		*TM_SCALEAXIS 0	0	0
		*TM_SCALEAXISANG 0	0	0
	}
}
*HELPEROBJECT {
	*NODE_NAME "ZS_BOW"
	*NODE_PARENT "Bip01 Spine2"
	*NODE_TM {
		*NODE_NAME "ZS_BOW"
		*TM_ROW0 -0.608471	-0.678572	0.411465
		*TM_ROW1 0.0186279	0.506139	0.862251
		*TM_ROW2 -0.793358	0.532319	-0.29533
		*TM_ROW3 -4.27057	39.1698	185.575
		*TM_POS -4.27057	39.1698	185.575
		*TM_ROTAXIS -0.230629	0.842196	0.487357
		*TM_ROTANGLE 2.34456
		*TM_SCALE 1	1	1
		*TM_SCALEAXIS 0	0	0
		*TM_SCALEAXISANG 0	0	0
	}
}
*HELPEROBJECT {
	*NODE_NAME "Bip01 L Thigh"
	*NODE_PARENT "Bip01 Spine"
	*NODE_TM {
		*NODE_NAME "Bip01 L Thigh"
		*TM_ROW0 0.129595	-0.760494	-0.636281
		*TM_ROW1 0.0828645	-0.631142	0.771229
		*TM_ROW2 -0.988099	-0.152672	-0.0187747
		*TM_ROW3 19.3742	55.9435	112.814
		*TM_POS 19.3742	55.9435	112.814
		*TM_ROTAXIS 0.710983	-0.270739	-0.649002
		*TM_ROTANGLE 3.84883
		*TM_SCALE 1	1	1
		*TM_SCALEAXIS 0	0	0
		*TM_SCALEAXISANG 0	0	0
	}
}
*HELPEROBJECT {
	*NODE_NAME "Bip01 L Calf"
	*NODE_PARENT "Bip01 L Thigh"
	*NODE_TM {
		*NODE_NAME "Bip01 L Calf"
		*TM_ROW0 -0.0786051	0.60608	-0.79151
		*TM_ROW1 0.132222	-0.780614	-0.610868
		*TM_ROW2 -0.988099	-0.152672	-0.0187765
		*TM_ROW3 24.8354	23.8958	86.0008
		*TM_POS 24.8354	23.8958	86.0008
		*TM_ROTAXIS 0.666131	0.285803	-0.688902
		*TM_ROTANGLE 2.7905
		*TM_SCALE 1	1	1
		*TM_SCALEAXIS 0	0	0
		*TM_SCALEAXISANG 0	0	0
	}
}
*HELPEROBJECT {
	*NODE_NAME "Bip01 L HorseLink"
	*NODE_PARENT "Bip01 L Calf"
	*NODE_TM {
		*NODE_NAME "Bip01 L HorseLink"
		*TM_ROW0 0.0978923	-0.52997	-0.842347
		*TM_ROW1 0.118652	-0.83416	0.538608
		*TM_ROW2 -0.988099	-0.152672	-0.0187756
		*TM_ROW3 22.2366	43.9331	59.833
		*TM_POS 22.2366	43.9331	59.833
		*TM_ROTAXIS 0.720779	-0.151971	-0.676301
		*TM_ROTANGLE 3.64172
		*TM_SCALE 1	1	1
		*TM_SCALEAXIS 0	0	0
		*TM_SCALEAXISANG 0	0	0
	}
}
*HELPEROBJECT {
	*NODE_NAME "Bip01 L Foot"
	*NODE_PARENT "Bip01 L HorseLink"
	*NODE_TM {
		*NODE_NAME "Bip01 L Foot"
		*TM_ROW0 1.5672e-006	-3.57331e-006	-1
		*TM_ROW1 0.17365	-0.984808	3.89579e-006
		*TM_ROW2 -0.984807	-0.17365	-1.09973e-006
		*TM_ROW3 24.6755	30.7294	38.8466
		*TM_POS 24.6755	30.7294	38.8466
		*TM_ROTAXIS 0.705758	0.061745	-0.705757
		*TM_ROTANGLE 3.26493
		*TM_SCALE 1	1	1
		*TM_SCALEAXIS 0	0	0
		*TM_SCALEAXISANG 0	0	0
	}
}
*HELPEROBJECT {
	*NODE_NAME "Bip01 L Toe0"
	*NODE_PARENT "Bip01 L Foot"
	*NODE_TM {
		*NODE_NAME "Bip01 L Toe0"
		*TM_ROW0 0.173648	-0.984808	4.41733e-006
		*TM_ROW1 -1.19286e-006	4.2494e-006	1
		*TM_ROW2 -0.984807	-0.173648	-4.18004e-007
		*TM_ROW3 31.0715	-5.54365	20.2807
		*TM_POS 31.0715	-5.54365	20.2807
		*TM_ROTAXIS -0.6444	0.540718	0.540715
		*TM_ROTANGLE 1.99673
		*TM_SCALE 1	1	1
		*TM_SCALEAXIS 0	0	0
		*TM_SCALEAXISANG 0	0	0
	}
}
*HELPEROBJECT {
	*NODE_NAME "Bip01 R Thigh"
	*NODE_PARENT "Bip01 Spine"
	*NODE_TM {
		*NODE_NAME "Bip01 R Thigh"
		*TM_ROW0 -0.136707	-0.759528	-0.635947
		*TM_ROW1 -0.0944782	-0.629051	0.771602
		*TM_ROW2 -0.986096	0.165567	0.014237
		*TM_ROW3 -18.4954	55.9434	112.814
		*TM_POS -18.4954	55.9434	112.814
		*TM_ROTAXIS 0.627696	-0.362664	-0.68882
		*TM_ROTANGLE 3.64538
		*TM_SCALE 1	1	1
		*TM_SCALEAXIS 0	0	0
		*TM_SCALEAXISANG 0	0	0
	}
}
*HELPEROBJECT {
	*NODE_NAME "Bip01 R Calf"
	*NODE_PARENT "Bip01 R Thigh"
	*NODE_TM {
		*NODE_NAME "Bip01 R Calf"
		*TM_ROW0 0.0900065	0.604148	-0.791773
		*TM_ROW1 -0.139692	-0.779482	-0.61065
		*TM_ROW2 -0.986096	0.165567	0.0142366
		*TM_ROW3 -24.2563	23.9365	86.0149
		*TM_POS -24.2563	23.9365	86.0149
		*TM_ROTAXIS 0.710491	0.177869	-0.680856
		*TM_ROTANGLE 2.56371
		*TM_SCALE 1	1	1
		*TM_SCALEAXIS 0	0	0
		*TM_SCALEAXISANG 0	0	0
	}
}
*HELPEROBJECT {
	*NODE_NAME "Bip01 R HorseLink"
	*NODE_PARENT "Bip01 R Calf"
	*NODE_TM {
		*NODE_NAME "Bip01 R HorseLink"
		*TM_ROW0 -0.10099	-0.529043	-0.842564
		*TM_ROW1 -0.131969	-0.832287	0.538408
		*TM_ROW2 -0.986096	0.165566	0.0142358
		*TM_ROW3 -21.2807	43.9099	59.8384
		*TM_POS -21.2807	43.9099	59.8384
		*TM_ROTAXIS 0.661916	-0.254816	-0.704937
		*TM_ROTANGLE 3.42709
		*TM_SCALE 1	1	1
		*TM_SCALEAXIS 0	0	0
		*TM_SCALEAXISANG 0	0	0
	}
}
*HELPEROBJECT {
	*NODE_NAME "Bip01 R Foot"
	*NODE_PARENT "Bip01 R HorseLink"
	*NODE_TM {
		*NODE_NAME "Bip01 R Foot"
		*TM_ROW0 1.20015e-006	-1.50987e-006	-1
		*TM_ROW1 -0.289031	-0.95732	1.12871e-006
		*TM_ROW2 -0.95732	0.289031	-1.57801e-006
		*TM_ROW3 -23.7968	30.7292	38.8466
		*TM_POS -23.7968	30.7292	38.8466
		*TM_ROTAXIS 0.703284	-0.103852	-0.703283
		*TM_ROTANGLE 2.93463
		*TM_SCALE 1	1	1
		*TM_SCALEAXIS 0	0	0
		*TM_SCALEAXISANG 0	0	0
	}
}
*HELPEROBJECT {
	*NODE_NAME "Bip01 R Toe0"
	*NODE_PARENT "Bip01 R Foot"
	*NODE_TM {
		*NODE_NAME "Bip01 R Toe0"
		*TM_ROW0 -0.289031	-0.95732	1.18831e-006
		*TM_ROW1 -4.9108e-007	1.36017e-006	1
		*TM_ROW2 -0.95732	0.289031	-7.82754e-007
		*TM_ROW3 -34.4425	-4.53125	20.2806
		*TM_POS -34.4425	-4.53125	20.2806
		*TM_ROTAXIS -0.464934	0.626034	0.626033
		*TM_ROTANGLE 2.27119
		*TM_SCALE 1	1	1
		*TM_SCALEAXIS 0	0	0
		*TM_SCALEAXISANG 0	0	0
	}
}
*HELPEROBJECT {
	*NODE_NAME "ZS_LONGSWORD"
	*NODE_PARENT "Bip01 Spine"
	*NODE_TM {
		*NODE_NAME "ZS_LONGSWORD"
		*TM_ROW0 -0.103764	-0.566734	0.81734
		*TM_ROW1 0.0576071	-0.823821	-0.563915
		*TM_ROW2 0.992932	-0.0114296	0.118131
		*TM_ROW3 29.6063	50.8504	128.776
		*TM_POS 29.6063	50.8504	128.776
		*TM_ROTAXIS -0.64847	0.206098	-0.73281
		*TM_ROTANGLE 3.58165
		*TM_SCALE 1	1	1
		*TM_SCALEAXIS 0	0	0
		*TM_SCALEAXISANG 0	0	0
	}
}
*HELPEROBJECT {
	*NODE_NAME "Dummy"
	*NODE_PARENT "Bip01 Head"
	*NODE_TM {
		*NODE_NAME "Dummy"
		*TM_ROW0 -1	-0	0
		*TM_ROW1 -0	-1	0
		*TM_ROW2 -0	-0	1
		*TM_ROW3 0.439483	-15.936	176.047
		*TM_POS 0.439483	-15.936	176.047
		*TM_ROTAXIS 0	0	-1
		*TM_ROTANGLE 3.14159
		*TM_SCALE 1	1	1
		*TM_SCALEAXIS 0	0	0
		*TM_SCALEAXISANG 0	0	0
	}
}
*HELPEROBJECT {
	*NODE_NAME "Dummy1"
	*NODE_PARENT "Bip01 R Finger0"
	*NODE_TM {
		*NODE_NAME "Dummy1"
		*TM_ROW0 -1	-0	0
		*TM_ROW1 -0	-1	0
		*TM_ROW2 -0	-0	1
		*TM_ROW3 -39.4939	-14.7906	45.1916
		*TM_POS -39.4939	-14.7906	45.1916
		*TM_ROTAXIS 0	0	-1
		*TM_ROTANGLE 3.14159
		*TM_SCALE 1	1	1
		*TM_SCALEAXIS 0	0	0
		*TM_SCALEAXISANG 0	0	0
	}
}
*HELPEROBJECT {
	*NODE_NAME "Dummy2"
	*NODE_PARENT "Bip01 L Finger0"
	*NODE_TM {
		*NODE_NAME "Dummy2"
		*TM_ROW0 -1	-0	0
		*TM_ROW1 -0	-1	0
		*TM_ROW2 -0	-0	1
		*TM_ROW3 55.7573	-0.652797	36.7752
		*TM_POS 55.7573	-0.652797	36.7752
		*TM_ROTAXIS 0	0	-1
		*TM_ROTANGLE 3.14159
		*TM_SCALE 1	1	1
		*TM_SCALEAXIS 0	0	0
		*TM_SCALEAXISANG 0	0	0
	}
}
*HELPEROBJECT {
	*NODE_NAME "Dummy3"
	*NODE_PARENT "Bip01 L Toe0"
	*NODE_TM {
		*NODE_NAME "Dummy3"
		*TM_ROW0 -1	-0	0
		*TM_ROW1 -0	-1	0
		*TM_ROW2 -0	-0	1
		*TM_ROW3 34.2695	-23.6801	10.9977
		*TM_POS 34.2695	-23.6801	10.9977
		*TM_ROTAXIS 0	0	-1
		*TM_ROTANGLE 3.14159
		*TM_SCALE 1	1	1
		*TM_SCALEAXIS 0	0	0
		*TM_SCALEAXISANG 0	0	0
	}
}
*HELPEROBJECT {
	*NODE_NAME "Dummy4"
	*NODE_PARENT "Bip01 R Toe0"
	*NODE_TM {
		*NODE_NAME "Dummy4"
		*TM_ROW0 -1	-0	0
		*TM_ROW1 -0	-1	0
		*TM_ROW2 -0	-0	1
		*TM_ROW3 -39.7654	-22.1615	10.9976
		*TM_POS -39.7654	-22.1615	10.9976
		*TM_ROTAXIS 0	0	-1
		*TM_ROTANGLE 3.14159
		*TM_SCALE 1	1	1
		*TM_SCALEAXIS 0	0	0
		*TM_SCALEAXISANG 0	0	0
	}
}
*GEOMOBJECT {
	*NODE_NAME "zm_Skin"
	*NODE_PARENT "Bip01"
	*NODE_TM {
		*NODE_NAME "zm_Skin"
		*TM_ROW0 -1	-0	0
		*TM_ROW1 -0	-1	0
		*TM_ROW2 -0	-0	1
		*TM_ROW3 -0	-0	0
		*TM_POS -0	-0	0
		*TM_ROTAXIS 0	0	-1
		*TM_ROTANGLE 3.14159
		*TM_SCALE 1	1	1
		*TM_SCALEAXIS 0	0	0
		*TM_SCALEAXISANG 0	0	0
	}
	*MATERIAL_REF 0
	*MESH_SOFTSKIN {
		*TIMEVALUE 0
		*MESH_NUMVERTEX 496
		*MESH_NUMFACES 988
		*MESH_VERTEX_LIST {
			*MESH_VERTEX 0	4.3212	127.434	83.5962
			*MESH_VERTEX 1	61.8362	34.3663	141.079
			*MESH_VERTEX 2	-33.1587	15.7096	154.157
			*MESH_VERTEX 3	29.597	8.52669	85.1737
			*MESH_VERTEX 4	26.3924	-16.8295	24.4068
			*MESH_VERTEX 5	17.6257	36.939	24.6487
			*MESH_VERTEX 6	63.3947	-10.162	81.2821
			*MESH_VERTEX 7	35.7602	20.4716	185.151
			*MESH_VERTEX 8	-55.3811	-19.4692	68.4119
			*MESH_VERTEX 9	-62.2667	-14.1876	185.027
			*MESH_VERTEX 10	33.1498	3.11281	155.778
			*MESH_VERTEX 11	-11.1309	61.2704	98.3054
			*MESH_VERTEX 12	25.6213	36.6238	85.6502
			*MESH_VERTEX 13	15.5906	-21.5513	202.538
			*MESH_VERTEX 14	14.2568	-31.8516	176.329
			*MESH_VERTEX 15	66.404	10.3093	63.4396
			*MESH_VERTEX 16	-35.4285	33.2687	42.5778
			*MESH_VERTEX 17	-30.2826	-16.5483	24.4067
			*MESH_VERTEX 18	-15.921	36.2664	24.4893
			*MESH_VERTEX 19	26.4984	45.6177	137.398
			*MESH_VERTEX 20	8.89373	74.8072	121.34
			*MESH_VERTEX 21	6.52973	106.694	98.2386
			*MESH_VERTEX 22	-3.19644	-40.2882	160.021
			*MESH_VERTEX 23	-3.29851	106.369	78.903
			*MESH_VERTEX 24	46.064	0.356748	86.0436
			*MESH_VERTEX 25	-18.6298	-38.2271	198.364
			*MESH_VERTEX 26	0.894373	-26.0259	187.912
			*MESH_VERTEX 27	-17.4016	25.9505	120.493
			*MESH_VERTEX 28	-24.7098	45.6175	137.399
			*MESH_VERTEX 29	0.894287	25.7066	121.121
			*MESH_VERTEX 30	-37.2648	-1.34376	154.98
			*MESH_VERTEX 31	-58.29	-3.56151	67.7045
			*MESH_VERTEX 32	-28.3161	8.48567	85.2195
			*MESH_VERTEX 33	-45.9776	-0.722595	76.727
			*MESH_VERTEX 34	54.9462	1.44584	204.197
			*MESH_VERTEX 35	-24.0478	36.5197	83.2538
			*MESH_VERTEX 36	19.1902	25.9505	120.493
			*MESH_VERTEX 37	46.0001	-7.42484	25.5296
			*MESH_VERTEX 38	51.8624	10.5804	68.7888
			*MESH_VERTEX 39	59.0571	2.3929	65.5202
			*MESH_VERTEX 40	29.3426	-8.74284	188.652
			*MESH_VERTEX 41	61.7676	-0.231239	94.0818
			*MESH_VERTEX 42	47.2514	-3.53811	69.3115
			*MESH_VERTEX 43	50.0618	-7.04675	80.7702
			*MESH_VERTEX 44	-42.8143	-3.1634	162.944
			*MESH_VERTEX 45	37.2994	32.7289	42.7296
			*MESH_VERTEX 46	31.9041	5.85534	25.0399
			*MESH_VERTEX 47	-33.9511	20.4903	185.13
			*MESH_VERTEX 48	-74.0047	25.3665	118.727
			*MESH_VERTEX 49	-64.7172	17.3165	139.437
			*MESH_VERTEX 50	-43.8277	-9.47909	95.431
			*MESH_VERTEX 51	-67.9529	-11.9958	98.4273
			*MESH_VERTEX 52	-39.8953	-13.8659	79.8892
			*MESH_VERTEX 53	-45.5188	-17.2997	90.3843
			*MESH_VERTEX 54	0.454883	128.705	75.105
			*MESH_VERTEX 55	0.894287	16.8464	130.771
			*MESH_VERTEX 56	25.097	7.05033	139.955
			*MESH_VERTEX 57	-16.5033	-19.268	196.959
			*MESH_VERTEX 58	-21.8396	-30.4226	202.289
			*MESH_VERTEX 59	51.819	2.51254	61.5455
			*MESH_VERTEX 60	-14.4667	24.7435	86.5028
			*MESH_VERTEX 61	-16.4698	30.0541	40.881
			*MESH_VERTEX 62	33.5922	39.4664	23.9799
			*MESH_VERTEX 63	-9.99195	65.1454	151.731
			*MESH_VERTEX 64	5.1419	96.3831	100.438
			*MESH_VERTEX 65	4.23004	107.481	91.2335
			*MESH_VERTEX 66	-33.0657	-12.3313	179.029
			*MESH_VERTEX 67	-24.9211	-16.7439	203.451
			*MESH_VERTEX 68	-13.7162	30.2824	118.234
			*MESH_VERTEX 69	26.7098	-16.7439	203.451
			*MESH_VERTEX 70	18.9256	-15.3069	200.659
			*MESH_VERTEX 71	-48.6227	-4.89302	25.5295
			*MESH_VERTEX 72	-31.4681	40.0881	24.2303
			*MESH_VERTEX 73	-59.0628	-2.47428	93.5947
			*MESH_VERTEX 74	12.8271	61.0403	98.4162
			*MESH_VERTEX 75	-42.8319	-9.01441	70.6117
			*MESH_VERTEX 76	-50.8282	-10.0843	72.4762
			*MESH_VERTEX 77	-38.3339	-5.51759	77.8147
			*MESH_VERTEX 78	-40.5728	-13.6848	74.6794
			*MESH_VERTEX 79	45.0262	4.68104	67.3771
			*MESH_VERTEX 80	49.3252	-2.80343	64.5238
			*MESH_VERTEX 81	64.0404	-14.0494	184.945
			*MESH_VERTEX 82	15.5048	30.2824	118.234
			*MESH_VERTEX 83	18.1919	30.8062	40.8141
			*MESH_VERTEX 84	11.9549	35.8574	66.3565
			*MESH_VERTEX 85	15.9587	24.9678	86.3954
			*MESH_VERTEX 86	-33.0006	6.61304	25.0486
			*MESH_VERTEX 87	-36.0923	25.6767	88.4188
			*MESH_VERTEX 88	-25.8954	27.9614	61.2189
			*MESH_VERTEX 89	27.7664	-20.3274	160.921
			*MESH_VERTEX 90	77.1772	26.7103	119.834
			*MESH_VERTEX 91	44.7379	-2.12657	173.811
			*MESH_VERTEX 92	-58.1773	-22.0372	87.7864
			*MESH_VERTEX 93	28.5774	-22.9966	203.684
			*MESH_VERTEX 94	10.9009	-15.6224	178.293
			*MESH_VERTEX 95	-5.9518	-46.2986	165.954
			*MESH_VERTEX 96	-12.468	-31.8516	176.329
			*MESH_VERTEX 97	-9.86415	-23.8202	173.558
			*MESH_VERTEX 98	37.59	25.4692	88.5279
			*MESH_VERTEX 99	27.5069	28.0509	61.2311
			*MESH_VERTEX 100	-21.5057	46.1972	82.6121
			*MESH_VERTEX 101	-10.2377	35.5536	66.4353
			*MESH_VERTEX 102	-14.8047	20.4591	186.988
			*MESH_VERTEX 103	23.2889	46.3373	82.5942
			*MESH_VERTEX 104	-26.7887	-22.9966	203.684
			*MESH_VERTEX 105	-16.9463	-23.9541	196.56
			*MESH_VERTEX 106	20.4185	-38.2271	198.364
			*MESH_VERTEX 107	0.894379	-41.6172	202.255
			*MESH_VERTEX 108	0.894372	-19.8554	211.383
			*MESH_VERTEX 109	15.2718	-12.4053	201.136
			*MESH_VERTEX 110	-14.128	20.4057	137.58
			*MESH_VERTEX 111	-28.5069	-6.21396	145.12
			*MESH_VERTEX 112	-42.9635	-2.26324	173.892
			*MESH_VERTEX 113	-36.1513	-2.25127	155.836
			*MESH_VERTEX 114	-64.1373	-1.16673	74.533
			*MESH_VERTEX 115	66.0285	-5.78479	62.412
			*MESH_VERTEX 116	34.7507	-1.27863	38.9624
			*MESH_VERTEX 117	-36.6582	-0.131124	38.9797
			*MESH_VERTEX 118	15.3596	-33.3636	196.723
			*MESH_VERTEX 119	60.834	8.4063	88.5196
			*MESH_VERTEX 120	-56.4576	35.4104	139.782
			*MESH_VERTEX 121	66.1532	15.5437	138.621
			*MESH_VERTEX 122	-60.8289	-9.5739	100.92
			*MESH_VERTEX 123	-52.7427	10.3828	136.075
			*MESH_VERTEX 124	32.7951	51.5276	118.619
			*MESH_VERTEX 125	13.1185	40.2424	182.986
			*MESH_VERTEX 126	-11.3298	40.2424	182.986
			*MESH_VERTEX 127	37.5717	8.18269	185.736
			*MESH_VERTEX 128	17.1951	-16.3865	205.893
			*MESH_VERTEX 129	-3.32742	50.8543	106.726
			*MESH_VERTEX 130	-35.5008	8.30029	185.914
			*MESH_VERTEX 131	-48.0108	-1.14963	68.2853
			*MESH_VERTEX 132	-26.7175	-20.0769	160.435
			*MESH_VERTEX 133	-13.4831	-12.4053	201.136
			*MESH_VERTEX 134	-50.5992	-19.6339	76.73
			*MESH_VERTEX 135	-53.5048	-16.4084	83.84
			*MESH_VERTEX 136	15.9166	20.4058	137.58
			*MESH_VERTEX 137	-34.5321	18.635	165.166
			*MESH_VERTEX 138	11.7805	65.1454	151.731
			*MESH_VERTEX 139	-31.0787	51.6753	118.431
			*MESH_VERTEX 140	-7.10517	74.8072	121.34
			*MESH_VERTEX 141	69.8741	12.5539	71.6623
			*MESH_VERTEX 142	9.04483	-49.192	172.112
			*MESH_VERTEX 143	59.1702	-7.48285	68.9538
			*MESH_VERTEX 144	59.3692	-4.66674	76.7003
			*MESH_VERTEX 145	50.4534	23.1238	134.326
			*MESH_VERTEX 146	53.2522	11.1538	134.026
			*MESH_VERTEX 147	-47.9968	21.579	134.44
			*MESH_VERTEX 148	40.2803	36.2828	69.3906
			*MESH_VERTEX 149	5.45398	49.5024	107.448
			*MESH_VERTEX 150	-13.4321	-5.96846	182.777
			*MESH_VERTEX 151	69.0577	3.14445	59.5404
			*MESH_VERTEX 152	71.1992	-5.62059	72.4082
			*MESH_VERTEX 153	-38.5684	36.3512	69.3434
			*MESH_VERTEX 154	-22.0768	42.0787	35.1914
			*MESH_VERTEX 155	-15.4063	-16.3865	205.893
			*MESH_VERTEX 156	74.4979	3.80081	69.4598
			*MESH_VERTEX 157	24.4085	42.2841	35.1873
			*MESH_VERTEX 158	18.2921	-19.268	196.959
			*MESH_VERTEX 159	23.6284	-30.4226	202.289
			*MESH_VERTEX 160	37.9258	-2.11489	155.757
			*MESH_VERTEX 161	16.5934	20.4592	186.988
			*MESH_VERTEX 162	4.20828	106.369	78.903
			*MESH_VERTEX 163	0.894281	65.4491	93.259
			*MESH_VERTEX 164	0.89429	33.5986	109.324
			*MESH_VERTEX 165	-24.7813	35.2347	153.842
			*MESH_VERTEX 166	28.7172	47.5451	129.921
			*MESH_VERTEX 167	24.2888	26.9282	118.877
			*MESH_VERTEX 168	-3.32026	107.481	91.2335
			*MESH_VERTEX 169	-4.23212	96.3831	100.438
			*MESH_VERTEX 170	-5.61996	106.694	98.2386
			*MESH_VERTEX 171	-26.9286	47.5451	129.921
			*MESH_VERTEX 172	-22.9013	26.8776	118.852
			*MESH_VERTEX 173	34.8592	19.0249	164.87
			*MESH_VERTEX 174	49.528	0.260594	81.332
			*MESH_VERTEX 175	56.0816	11.2304	61.241
			*MESH_VERTEX 176	-70.0775	0.118926	82.7193
			*MESH_VERTEX 177	-45.9412	-10.0351	90.285
			*MESH_VERTEX 178	-3.41143	127.434	83.5963
			*MESH_VERTEX 179	15.2208	-5.96846	182.777
			*MESH_VERTEX 180	15.7492	-3.17817	156.397
			*MESH_VERTEX 181	30.0245	-5.88589	145.007
			*MESH_VERTEX 182	-58.6906	-11.3481	63.9301
			*MESH_VERTEX 183	63.5334	-10.4604	66.3362
			*MESH_VERTEX 184	-53.5351	-23.421	73.333
			*MESH_VERTEX 185	0.894297	20.5091	115.188
			*MESH_VERTEX 186	-17.1369	-15.3069	200.659
			*MESH_VERTEX 187	-63.3974	-19.3348	76.6736
			*MESH_VERTEX 188	-66.8663	-10.7204	72.019
			*MESH_VERTEX 189	15.6159	-27.5501	200.555
			*MESH_VERTEX 190	18.7351	-23.9542	196.56
			*MESH_VERTEX 191	18.9648	-28.8243	193.323
			*MESH_VERTEX 192	46.3492	10.2152	25.4574
			*MESH_VERTEX 193	-13.8018	-21.5513	202.538
			*MESH_VERTEX 194	-13.8272	-27.5501	200.556
			*MESH_VERTEX 195	9.84308	84.7192	120.114
			*MESH_VERTEX 196	2.44221	-14.6557	169.989
			*MESH_VERTEX 197	-9.11214	-15.6224	178.293
			*MESH_VERTEX 198	-13.9606	-3.17821	156.397
			*MESH_VERTEX 199	-23.4865	6.83139	139.937
			*MESH_VERTEX 200	-65.2454	4.0917	90.2312
			*MESH_VERTEX 201	0.894353	28.5602	182.665
			*MESH_VERTEX 202	0.894374	16.8435	198.967
			*MESH_VERTEX 203	4.98517	-40.2882	160.021
			*MESH_VERTEX 204	11.6529	-23.8202	173.558
			*MESH_VERTEX 205	-64.8781	28.5528	113.424
			*MESH_VERTEX 206	-13.5709	-33.3636	196.723
			*MESH_VERTEX 207	36.039	-2.12587	189.18
			*MESH_VERTEX 208	-50.3912	-11.8285	68.711
			*MESH_VERTEX 209	-64.3099	31.0286	142.389
			*MESH_VERTEX 210	-46.8154	12.6713	25.5723
			*MESH_VERTEX 211	59.9634	1.0048	61.7157
			*MESH_VERTEX 212	-17.176	-28.8243	193.323
			*MESH_VERTEX 213	-30.149	12.2735	45.472
			*MESH_VERTEX 214	26.5699	35.2347	153.842
			*MESH_VERTEX 215	-21.4191	1.27323	24.5818
			*MESH_VERTEX 216	29.6938	11.8093	45.4721
			*MESH_VERTEX 217	0.454889	87.6132	112.74
			*MESH_VERTEX 218	-8.93329	84.7192	120.114
			*MESH_VERTEX 219	20.3843	-37.415	191.772
			*MESH_VERTEX 220	-18.5955	-37.4151	191.772
			*MESH_VERTEX 221	-5.0125	86.6673	109.816
			*MESH_VERTEX 222	6.2028	-42.7248	163.233
			*MESH_VERTEX 223	-4.41406	-42.7247	163.233
			*MESH_VERTEX 224	-7.25607	-49.192	172.112
			*MESH_VERTEX 225	-13.8999	-41.5081	185.189
			*MESH_VERTEX 226	-12.9406	-37.675	175.818
			*MESH_VERTEX 227	5.92228	86.6674	109.816
			*MESH_VERTEX 228	53.3623	12.2264	171.56
			*MESH_VERTEX 229	68.2436	28.7455	142.888
			*MESH_VERTEX 230	-43.2458	-14.3617	95.4862
			*MESH_VERTEX 231	-52.8648	3.1754	165.428
			*MESH_VERTEX 232	68.719	32.3798	115.544
			*MESH_VERTEX 233	54.0251	6.16322	62.8915
			*MESH_VERTEX 234	14.7294	-37.675	175.818
			*MESH_VERTEX 235	34.8399	-12.1942	178.948
			*MESH_VERTEX 236	0.894387	-48.4486	167.078
			*MESH_VERTEX 237	7.74056	-46.2986	165.954
			*MESH_VERTEX 238	-45.8205	-5.71365	70.9363
			*MESH_VERTEX 239	42.4915	-2.8075	161.455
			*MESH_VERTEX 240	19.7588	1.9561	24.64
			*MESH_VERTEX 241	-58.6203	-14.3207	164.143
			*MESH_VERTEX 242	60.3941	-14.1827	164.063
			*MESH_VERTEX 243	-16.3141	1.17783	200.902
			*MESH_VERTEX 244	18.1029	1.17786	200.902
			*MESH_VERTEX 245	44.6624	-3.43564	71.1062
			*MESH_VERTEX 246	46.0488	-4.66172	85.4234
			*MESH_VERTEX 247	-20.4128	51.3472	64.3615
			*MESH_VERTEX 248	14.6561	29.9946	125.085
			*MESH_VERTEX 249	-12.8675	29.9946	125.085
			*MESH_VERTEX 250	-37.9656	-13.2932	82.2856
			*MESH_VERTEX 251	36.7436	0.344413	153.745
			*MESH_VERTEX 252	22.3448	51.5174	64.3349
			*MESH_VERTEX 253	-51.5377	13.7541	172.301
			*MESH_VERTEX 254	-60.405	-7.06489	64.4228
			*MESH_VERTEX 255	6.89944	39.6984	97.9575
			*MESH_VERTEX 256	15.9052	3.13024	141.5
			*MESH_VERTEX 257	-14.151	3.19055	141.529
			*MESH_VERTEX 258	0.894306	0.443504	138.032
			*MESH_VERTEX 259	69.8487	7.5215	60.7219
			*MESH_VERTEX 260	69.1323	-2.16669	92.0751
			*MESH_VERTEX 261	57.2989	-6.93015	88.8909
			*MESH_VERTEX 262	-55.0614	-17.5136	96.4819
			*MESH_VERTEX 263	28.0372	15.6294	101.545
			*MESH_VERTEX 264	14.5516	70.6898	115.878
			*MESH_VERTEX 265	-26.7368	15.591	101.55
			*MESH_VERTEX 266	-12.7489	70.7113	115.834
			*MESH_VERTEX 267	35.1041	17.9854	154.154
			*MESH_VERTEX 268	16.6144	26.122	130.573
			*MESH_VERTEX 269	-14.8259	26.122	130.573
			*MESH_VERTEX 270	-56.5518	2.48097	119.847
			*MESH_VERTEX 271	-72.2596	12.7241	121.843
			*MESH_VERTEX 272	22.9094	35.4396	178.723
			*MESH_VERTEX 273	0.454891	107.955	92.7181
			*MESH_VERTEX 274	15.6887	-41.5081	185.189
			*MESH_VERTEX 275	14.3204	-38.6546	196.158
			*MESH_VERTEX 276	-12.5317	-38.6546	196.158
			*MESH_VERTEX 277	-15.5863	23.1669	107.195
			*MESH_VERTEX 278	-45.7731	-10.9228	180.939
			*MESH_VERTEX 279	-27.0381	-6.3165	187.162
			*MESH_VERTEX 280	-53.172	1.30902	204.281
			*MESH_VERTEX 281	-33.4431	2.7319	188.533
			*MESH_VERTEX 282	16.965	23.3403	107.155
			*MESH_VERTEX 283	57.0826	6.85095	114.832
			*MESH_VERTEX 284	73.7397	14.115	119.551
			*MESH_VERTEX 285	73.3658	12.7812	88.2313
			*MESH_VERTEX 286	-52.1037	-9.91582	87.1741
			*MESH_VERTEX 287	-62.0718	3.15014	82.9159
			*MESH_VERTEX 288	55.9914	11.4699	63.6745
			*MESH_VERTEX 289	-42.2912	-10.1192	69.3152
			*MESH_VERTEX 290	51.8472	1.46992	60.0923
			*MESH_VERTEX 291	-48.6288	-0.760355	70.6245
			*MESH_VERTEX 292	-50.9929	-8.40603	97.2638
			*MESH_VERTEX 293	-37.8087	33.4574	34.9322
			*MESH_VERTEX 294	-21.1208	35.44	178.722
			*MESH_VERTEX 295	-51.8169	-15.6678	72.891
			*MESH_VERTEX 296	39.808	31.9372	34.9322
			*MESH_VERTEX 297	60.7733	-3.01575	65.8727
			*MESH_VERTEX 298	52.428	2.02171	90.0551
			*MESH_VERTEX 299	56.2236	1.28963	79.9557
			*MESH_VERTEX 300	65.3717	15.5763	79.4132
			*MESH_VERTEX 301	46.5891	-5.78374	75.0732
			*MESH_VERTEX 302	46.579	-2.07336	75.6383
			*MESH_VERTEX 303	66.324	-0.400711	63.9127
			*MESH_VERTEX 304	0.894365	-24.5135	170.562
			*MESH_VERTEX 305	47.5471	-10.7854	180.857
			*MESH_VERTEX 306	-56.878	-14.098	69.2429
			*MESH_VERTEX 307	3.23345	128.692	77.2162
			*MESH_VERTEX 308	3.52811	117.625	85.564
			*MESH_VERTEX 309	-2.32368	128.692	77.2162
			*MESH_VERTEX 310	-2.61832	117.625	85.564
			*MESH_VERTEX 311	0.454885	129.19	81.7612
			*MESH_VERTEX 312	-51.8696	-7.7585	65.5607
			*MESH_VERTEX 313	-42.2613	-11.2555	164.719
			*MESH_VERTEX 314	44.0354	-11.1182	164.639
			*MESH_VERTEX 315	61.5556	5.54651	59.3642
			*MESH_VERTEX 316	66.9625	-9.71162	74.7184
			*MESH_VERTEX 317	29.3211	15.2288	71.065
			*MESH_VERTEX 318	-27.8924	15.1574	71.0906
			*MESH_VERTEX 319	-20.0991	52.1921	48.5304
			*MESH_VERTEX 320	-59.5411	-22.598	80.4316
			*MESH_VERTEX 321	-44.1146	27.939	162.264
			*MESH_VERTEX 322	-40.6544	-15.7607	85.7738
			*MESH_VERTEX 323	-41.2666	-12.0993	85.9332
			*MESH_VERTEX 324	0.894326	2.9507	141.762
			*MESH_VERTEX 325	-40.106	-14.3638	73.0321
			*MESH_VERTEX 326	49.458	-3.38846	62.779
			*MESH_VERTEX 327	38.7531	39.8133	101.861
			*MESH_VERTEX 328	23.3767	50.8224	92.5578
			*MESH_VERTEX 329	-37.1315	39.9666	101.731
			*MESH_VERTEX 330	22.1889	52.3719	48.515
			*MESH_VERTEX 331	-9.59021	68.3556	135.16
			*MESH_VERTEX 332	0.894287	62.2745	152.015
			*MESH_VERTEX 333	67.3467	15.3513	87.1404
			*MESH_VERTEX 334	55.7344	23.1639	113.831
			*MESH_VERTEX 335	10.4547	49.074	166.392
			*MESH_VERTEX 336	22.3137	62.5953	135.049
			*MESH_VERTEX 337	-8.6661	49.0744	166.391
			*MESH_VERTEX 338	-20.5251	62.5953	135.049
			*MESH_VERTEX 339	0.894388	1.04802	208.657
			*MESH_VERTEX 340	0.894369	-45.0884	162.949
			*MESH_VERTEX 341	-14.6833	27.4679	36.0826
			*MESH_VERTEX 342	45.3184	3.53882	65.3834
			*MESH_VERTEX 343	-25.1153	-0.838189	32.4935
			*MESH_VERTEX 344	11.3788	68.3556	135.16
			*MESH_VERTEX 345	18.5483	54.245	151.606
			*MESH_VERTEX 346	-16.7597	54.245	151.606
			*MESH_VERTEX 347	16.1781	-39.658	177.699
			*MESH_VERTEX 348	13.0569	-41.4181	189.963
			*MESH_VERTEX 349	55.0714	6.42921	65.292
			*MESH_VERTEX 350	16.136	28.7279	36.0825
			*MESH_VERTEX 351	-37.9	-6.76424	75.9487
			*MESH_VERTEX 352	23.2109	-0.582673	32.5376
			*MESH_VERTEX 353	-47.5252	-5.48956	72.9299
			*MESH_VERTEX 354	8.70165	85.803	98.7694
			*MESH_VERTEX 355	10.2652	-45.0944	179.827
			*MESH_VERTEX 356	17.8426	-43.4492	186.846
			*MESH_VERTEX 357	-14.3894	-39.658	177.699
			*MESH_VERTEX 358	-8.47647	-45.0944	179.827
			*MESH_VERTEX 359	-11.2682	-41.4181	189.963
			*MESH_VERTEX 360	-16.0538	-43.4492	186.846
			*MESH_VERTEX 361	22.7317	65.1305	114.372
			*MESH_VERTEX 362	0.89428	76.7182	122.445
			*MESH_VERTEX 363	-33.1692	2.9303	155.633
			*MESH_VERTEX 364	-53.211	17.6631	114.668
			*MESH_VERTEX 365	-37.3754	-13.9549	86.7903
			*MESH_VERTEX 366	-37.4909	-11.5314	86.1405
			*MESH_VERTEX 367	-5.26707	39.4246	97.9803
			*MESH_VERTEX 368	26.7205	15.056	196.883
			*MESH_VERTEX 369	-71.3837	1.96103	91.3309
			*MESH_VERTEX 370	0.454888	105.805	77.0985
			*MESH_VERTEX 371	42.9314	-4.50249	75.2551
			*MESH_VERTEX 372	42.8619	-2.02927	74.8161
			*MESH_VERTEX 373	-21.5841	50.756	92.4992
			*MESH_VERTEX 374	-20.9443	65.1381	114.38
			*MESH_VERTEX 375	0.894388	-49.7809	169.05
			*MESH_VERTEX 376	12.609	-9.56785	171.084
			*MESH_VERTEX 377	-7.79187	85.803	98.7694
			*MESH_VERTEX 378	-46.5746	-20.0697	72.1612
			*MESH_VERTEX 379	-55.5058	5.95703	153.868
			*MESH_VERTEX 380	51.6657	-7.12806	151.972
			*MESH_VERTEX 381	-49.8915	-7.2652	152.051
			*MESH_VERTEX 382	-44.5452	9.51019	33.6611
			*MESH_VERTEX 383	43.778	7.36654	33.5571
			*MESH_VERTEX 384	56.7611	-7.99878	63.4604
			*MESH_VERTEX 385	16.1823	-36.1889	187.402
			*MESH_VERTEX 386	-14.3936	-36.1889	187.402
			*MESH_VERTEX 387	0.894368	-27.0516	210.214
			*MESH_VERTEX 388	-57.8023	-4.50008	86.7961
			*MESH_VERTEX 389	51.6847	9.76149	66.4487
			*MESH_VERTEX 390	-62.6395	-14.8648	73.3242
			*MESH_VERTEX 391	-69.7873	-9.57304	85.8424
			*MESH_VERTEX 392	-66.1527	-17.0337	91.336
			*MESH_VERTEX 393	-45.0726	-1.6155	74.6184
			*MESH_VERTEX 394	48.002	27.7946	162.735
			*MESH_VERTEX 395	61.1355	7.23255	81.4732
			*MESH_VERTEX 396	15.5956	-17.0776	186.076
			*MESH_VERTEX 397	-13.8068	-17.0776	186.076
			*MESH_VERTEX 398	73.1151	8.56044	67.8357
			*MESH_VERTEX 399	14.6983	-40.4236	179.31
			*MESH_VERTEX 400	-12.9095	-40.4237	179.31
			*MESH_VERTEX 401	-65.6838	-5.94582	70.3422
			*MESH_VERTEX 402	70.7554	-0.908298	69.3112
			*MESH_VERTEX 403	-20.6419	62.0471	104.695
			*MESH_VERTEX 404	0.894329	38.8463	181.726
			*MESH_VERTEX 405	53.067	1.96013	164.017
			*MESH_VERTEX 406	60.5601	16.9719	159.421
			*MESH_VERTEX 407	55.5308	4.91023	152.55
			*MESH_VERTEX 408	22.4459	61.8255	104.653
			*MESH_VERTEX 409	73.4982	13.1423	80.8769
			*MESH_VERTEX 410	-58.2932	19.1283	159.938
			*MESH_VERTEX 411	-24.9318	15.056	196.883
			*MESH_VERTEX 412	-1.89016	128.765	80.0208
			*MESH_VERTEX 413	2.79994	128.765	80.0208
			*MESH_VERTEX 414	0.894299	12.4872	134.243
			*MESH_VERTEX 415	24.4848	18.2716	147.068
			*MESH_VERTEX 416	16.2407	14.3856	137.516
			*MESH_VERTEX 417	-23.0514	17.8875	146.952
			*MESH_VERTEX 418	-14.4957	14.3551	137.591
			*MESH_VERTEX 419	31.4971	26.9757	161.293
			*MESH_VERTEX 420	56.4901	-1.34424	65.5307
			*MESH_VERTEX 421	-47.8767	-13.3584	73.5536
			*MESH_VERTEX 422	14.7435	13.197	195.224
			*MESH_VERTEX 423	-12.9547	13.197	195.224
			*MESH_VERTEX 424	2.52234	42.391	103.059
			*MESH_VERTEX 425	0.454883	130.067	79.1842
			*MESH_VERTEX 426	-67.1442	31.2569	136.362
			*MESH_VERTEX 427	73.4251	3.17233	82.9758
			*MESH_VERTEX 428	6.11122	84.4929	89.1372
			*MESH_VERTEX 429	-15.7904	46.2773	164.715
			*MESH_VERTEX 430	17.579	46.2773	164.715
			*MESH_VERTEX 431	69.2521	-5.19315	86.5447
			*MESH_VERTEX 432	-5.20144	84.4929	89.1372
			*MESH_VERTEX 433	0.894375	-49.454	174.386
			*MESH_VERTEX 434	-59.5651	35.2017	130.584
			*MESH_VERTEX 435	66.181	7.85576	71.2922
			*MESH_VERTEX 436	65.2205	3.11151	72.8219
			*MESH_VERTEX 437	0.894324	-4.17611	151.317
			*MESH_VERTEX 438	-48.557	-16.2519	68.4596
			*MESH_VERTEX 439	-59.9577	-5.35301	75.5992
			*MESH_VERTEX 440	-58.8996	-9.79779	77.7973
			*MESH_VERTEX 441	12.9478	-36.0268	173.057
			*MESH_VERTEX 442	-11.1591	-36.0268	173.057
			*MESH_VERTEX 443	59.0365	-3.58015	60.7136
			*MESH_VERTEX 444	0.894369	-39.7184	159.322
			*MESH_VERTEX 445	4.88927	117.387	80.9728
			*MESH_VERTEX 446	-3.9795	117.387	80.9728
			*MESH_VERTEX 447	0.89438	-48.951	182.985
			*MESH_VERTEX 448	0.894274	18.9623	124.734
			*MESH_VERTEX 449	-10.8194	-9.74613	170.989
			*MESH_VERTEX 450	-54.5291	-3.53008	67.2963
			*MESH_VERTEX 451	62.9272	9.88697	62.0011
			*MESH_VERTEX 452	0.894389	-12.7638	209.007
			*MESH_VERTEX 453	-71.9274	-5.65034	93.355
			*MESH_VERTEX 454	0.894279	71.2547	137.116
			*MESH_VERTEX 455	9.53352	-30.6362	167.463
			*MESH_VERTEX 456	-7.74478	-30.6362	167.463
			*MESH_VERTEX 457	-43.2111	4.46278	146.721
