*3DSMAX_ASCIIEXPORT	110
*COMMENT "[ GothicSourcer v3.10 ] - August 2006"
*SCENE {
	*SCENE_FILENAME "HUM_1HRUN_2_SNEAK_A01.MAX"
	*SCENE_FIRSTFRAME 1
	*SCENE_LASTFRAME 6
	*SCENE_FRAMESPEED 25
	*SCENE_TICKSPERFRAME 192
	*SCENE_BACKGROUND_STATIC 0	0	0
	*SCENE_AMBIENT_STATIC 0.2	0.2	0.2
}
*HELPEROBJECT {
	*NODE_NAME "Bip01"
	*NODE_TM {
		*NODE_NAME "Bip01"
		*TM_ROW0 6.27438e-006	-1	0
		*TM_ROW1 1	6.27438e-006	0
		*TM_ROW2 -0	-0	1
		*TM_ROW3 0	-7.37745	99.9496
		*TM_POS 0	-7.37745	99.9496
		*TM_ROTAXIS 0	0	1
		*TM_ROTANGLE 1.57079
		*TM_SCALE 1	1	1
		*TM_SCALEAXIS 0	0	0
		*TM_SCALEAXISANG 0	0	0
	}
	*TM_ANIMATION {
		*NODE_NAME  "Bip01"
		*CONTROL_POS_TRACK {
			*CONTROL_POS_SAMPLE 1	7.8536	32.9529	89.5281
			*CONTROL_POS_SAMPLE 193	10.4749	33.1445	88.4372
			*CONTROL_POS_SAMPLE 385	13.2332	33.4205	87.1172
			*CONTROL_POS_SAMPLE 577	15.7174	33.5275	85.6375
			*CONTROL_POS_SAMPLE 769	17.5107	33.2233	84.2011
			*CONTROL_POS_SAMPLE 961	18.2035	32.2525	83.2453
		}
		*CONTROL_ROT_TRACK {
			*CONTROL_ROT_SAMPLE 1	-0.0665121	-0.0842429	0.994223	1.71261
			*CONTROL_ROT_SAMPLE 193	-0.0735767	-0.113536	0.990806	1.81604
			*CONTROL_ROT_SAMPLE 385	-0.080451	-0.141639	0.986644	1.9232
			*CONTROL_ROT_SAMPLE 577	-0.0860168	-0.165385	0.982471	2.02536
			*CONTROL_ROT_SAMPLE 769	0.0894261	0.182312	-0.979166	4.16978
			*CONTROL_ROT_SAMPLE 961	0.089923	0.190223	-0.977614	4.10486
		}
		*CONTROL_SCALE_TRACK {
			*CONTROL_SCALE_SAMPLE	1	1	1	1	0	0	0	0
		}
	}
}
*HELPEROBJECT {
	*NODE_NAME "Bip01 Pelvis"
	*NODE_PARENT "Bip01"
	*NODE_TM {
		*NODE_NAME "Bip01 Pelvis"
		*TM_ROW0 -5.96014e-008	1.79264e-006	1
		*TM_ROW1 -1.79264e-006	-1	1.79264e-006
		*TM_ROW2 1	-1.79264e-006	-5.96014e-008
		*TM_ROW3 1e-005	-8.0113	99.9496
		*TM_POS 1e-005	-8.0113	99.9496
		*TM_ROTAXIS 0.707107	0	0.707107
		*TM_ROTANGLE 3.1416
		*TM_SCALE 1	1	1
		*TM_SCALEAXIS 0	0	0
		*TM_SCALEAXISANG 0	0	0
	}
	*TM_ANIMATION {
		*NODE_NAME  "Bip01 Pelvis"
		*CONTROL_POS_TRACK {
			*CONTROL_POS_SAMPLE 1	7.87121	33.0733	89.5467
			*CONTROL_POS_SAMPLE 193	10.591	33.9742	88.6131
			*CONTROL_POS_SAMPLE 385	13.6374	35.3895	87.6432
			*CONTROL_POS_SAMPLE 577	16.8491	37.0236	86.7492
			*CONTROL_POS_SAMPLE 769	19.8677	38.3493	86.0401
			*CONTROL_POS_SAMPLE 961	21.8203	38.4965	85.6297
		}
		*CONTROL_ROT_TRACK {
			*CONTROL_ROT_SAMPLE 1	0.739199	-0.10438	0.66535	3.11451
			*CONTROL_ROT_SAMPLE 193	0.737711	-0.156842	0.656645	3.14856
			*CONTROL_ROT_SAMPLE 385	0.73432	-0.210278	0.645413	3.18455
			*CONTROL_ROT_SAMPLE 577	0.728925	-0.259611	0.633459	3.22134
			*CONTROL_ROT_SAMPLE 769	0.722259	-0.300047	0.623148	3.25782
			*CONTROL_ROT_SAMPLE 961	0.715316	-0.327153	0.61749	3.29234
		}
		*CONTROL_SCALE_TRACK {
			*CONTROL_SCALE_SAMPLE	1	1	1	1	0	0	0	0
		}
	}
}
*HELPEROBJECT {
	*NODE_NAME "Bip01 Spine"
	*NODE_PARENT "Bip01 Pelvis"
	*NODE_TM {
		*NODE_NAME "Bip01 Spine"
		*TM_ROW0 6.6944e-008	-0.0205947	0.999788
		*TM_ROW1 5.48642e-006	-0.999788	-0.0205947
		*TM_ROW2 1	5.48642e-006	6.6944e-008
		*TM_ROW3 1e-005	-7.92216	102.35
		*TM_POS 1e-005	-7.92216	102.35
		*TM_ROTAXIS 0.707088	-0.00727998	0.707088
		*TM_ROTANGLE 3.12703
		*TM_SCALE 1	1	1
		*TM_SCALEAXIS 0	0	0
		*TM_SCALEAXISANG 0	0	0
	}
	*TM_ANIMATION {
		*NODE_NAME  "Bip01 Spine"
		*CONTROL_POS_TRACK {
			*CONTROL_POS_SAMPLE 1	7.90102	32.7733	91.9295
			*CONTROL_POS_SAMPLE 193	10.6574	33.5525	90.9758
			*CONTROL_POS_SAMPLE 385	13.7286	34.8387	89.9797
			*CONTROL_POS_SAMPLE 577	16.9506	36.354	89.0543
			*CONTROL_POS_SAMPLE 769	19.9685	37.5888	88.3155
			*CONTROL_POS_SAMPLE 961	21.9122	37.6879	87.8901
		}
		*CONTROL_ROT_TRACK {
			*CONTROL_ROT_SAMPLE 1	0.737479	-0.128758	0.662983	3.07681
			*CONTROL_ROT_SAMPLE 193	0.73421	-0.180879	0.654384	3.11051
			*CONTROL_ROT_SAMPLE 385	0.728923	-0.233908	0.643396	3.14626
			*CONTROL_ROT_SAMPLE 577	0.72146	-0.281985	0.632439	3.18174
			*CONTROL_ROT_SAMPLE 769	0.712761	-0.320723	0.623785	3.21635
			*CONTROL_ROT_SAMPLE 961	0.704257	-0.346957	0.619389	3.25062
		}
		*CONTROL_SCALE_TRACK {
			*CONTROL_SCALE_SAMPLE	1	1	1	1	0	0	0	0
		}
	}
}
*HELPEROBJECT {
	*NODE_NAME "Bip01 Spine1"
	*NODE_PARENT "Bip01 Spine"
	*NODE_TM {
		*NODE_NAME "Bip01 Spine1"
		*TM_ROW0 6.76996e-008	-0.00276992	0.999996
		*TM_ROW1 -1.92621e-006	-0.999996	-0.00276991
		*TM_ROW2 1	-1.92621e-006	6.76996e-008
		*TM_ROW3 1e-005	-8.11442	112.175
		*TM_POS 1e-005	-8.11442	112.175
		*TM_ROTAXIS -0.707107	0.000979995	-0.707106
		*TM_ROTANGLE 3.14355
		*TM_SCALE 1	1	1
		*TM_SCALEAXIS 0	0	0
		*TM_SCALEAXISANG 0	0	0
	}
	*TM_ANIMATION {
		*NODE_NAME  "Bip01 Spine1"
		*CONTROL_POS_TRACK {
			*CONTROL_POS_SAMPLE 1	8.77142	30.4976	101.45
			*CONTROL_POS_SAMPLE 193	11.4272	30.753	100.366
			*CONTROL_POS_SAMPLE 385	14.3454	31.5267	99.2131
			*CONTROL_POS_SAMPLE 577	17.3612	32.6144	98.1366
			*CONTROL_POS_SAMPLE 769	20.1433	33.5649	97.2853
			*CONTROL_POS_SAMPLE 961	21.8664	33.5667	96.8172
		}
		*CONTROL_ROT_TRACK {
			*CONTROL_ROT_SAMPLE 1	-0.695992	0.126831	-0.706759	3.44044
			*CONTROL_ROT_SAMPLE 193	0.723468	-0.21353	0.656505	2.82459
			*CONTROL_ROT_SAMPLE 385	0.72675	-0.30431	0.615816	2.8053
			*CONTROL_ROT_SAMPLE 577	0.699032	-0.403616	0.590295	2.77004
			*CONTROL_ROT_SAMPLE 769	0.64989	-0.498824	0.573426	2.72728
			*CONTROL_ROT_SAMPLE 961	0.601722	-0.563292	0.566245	2.71545
		}
		*CONTROL_SCALE_TRACK {
			*CONTROL_SCALE_SAMPLE	1	1	1	1	0	0	0	0
		}
	}
}
*HELPEROBJECT {
	*NODE_NAME "Bip01 Spine2"
	*NODE_PARENT "Bip01 Spine1"
	*NODE_TM {
		*NODE_NAME "Bip01 Spine2"
		*TM_ROW0 3.48622e-008	0.180243	0.983622
		*TM_ROW1 1.67638e-006	-0.983622	0.180243
		*TM_ROW2 1	1.67638e-006	3.48621e-008
		*TM_ROW3 1e-005	-8.1264	124.961
		*TM_POS 1e-005	-8.1264	124.961
		*TM_ROTAXIS 0.705652	0.0641202	0.705652
		*TM_ROTANGLE 3.26966
		*TM_SCALE 1	1	1
		*TM_SCALEAXIS 0	0	0
		*TM_SCALEAXISANG 0	0	0
	}
	*TM_ANIMATION {
		*NODE_NAME  "Bip01 Spine2"
		*CONTROL_POS_TRACK {
			*CONTROL_POS_SAMPLE 1	8.66479	25.6486	113.288
			*CONTROL_POS_SAMPLE 193	12.3312	24.3035	111.376
			*CONTROL_POS_SAMPLE 385	15.4087	23.4485	109.072
			*CONTROL_POS_SAMPLE 577	17.5244	22.9198	106.475
			*CONTROL_POS_SAMPLE 769	18.7894	22.6868	103.863
			*CONTROL_POS_SAMPLE 961	19.0766	22.3055	102.183
		}
		*CONTROL_ROT_TRACK {
			*CONTROL_ROT_SAMPLE 1	-0.633512	0.239998	-0.73557	3.50284
			*CONTROL_ROT_SAMPLE 193	-0.622692	0.29192	-0.725973	3.44672
			*CONTROL_ROT_SAMPLE 385	-0.61252	0.3453	-0.711047	3.39799
			*CONTROL_ROT_SAMPLE 577	-0.600137	0.39637	-0.694785	3.37839
			*CONTROL_ROT_SAMPLE 769	-0.584422	0.438937	-0.682484	3.38054
			*CONTROL_ROT_SAMPLE 961	-0.573566	0.467496	-0.672659	3.37797
		}
		*CONTROL_SCALE_TRACK {
			*CONTROL_SCALE_SAMPLE	1	1	1	1	0	0	0	0
		}
	}
}
*HELPEROBJECT {
	*NODE_NAME "Bip01 Neck"
	*NODE_PARENT "Bip01 Spine2"
	*NODE_TM {
		*NODE_NAME "Bip01 Neck"
		*TM_ROW0 6.08698e-007	-0.167043	0.98595
		*TM_ROW1 4.70132e-006	-0.98595	-0.167043
		*TM_ROW2 1	4.70132e-006	6.08698e-007
		*TM_ROW3 -2.11471e-012	-2.71656	154.454
		*TM_POS -2.11471e-012	-2.71656	154.454
		*TM_ROTAXIS -0.70586	0.05937	-0.705859
		*TM_ROTANGLE 3.2602
		*TM_SCALE 1	1	1
		*TM_SCALEAXIS 0	0	0
		*TM_SCALEAXISANG 0	0	0
	}
	*TM_ANIMATION {
		*NODE_NAME  "Bip01 Neck"
		*CONTROL_POS_TRACK {
			*CONTROL_POS_SAMPLE 1	3.90626	9.03646	137.79
			*CONTROL_POS_SAMPLE 193	6.44783	7.12156	135.232
			*CONTROL_POS_SAMPLE 385	8.53654	5.57083	132.142
			*CONTROL_POS_SAMPLE 577	9.67518	3.9715	128.347
			*CONTROL_POS_SAMPLE 769	9.84969	2.6831	124.332
			*CONTROL_POS_SAMPLE 961	9.38178	1.73009	121.72
		}
		*CONTROL_ROT_TRACK {
			*CONTROL_ROT_SAMPLE 1	-0.645543	0.183253	-0.741412	3.37647
			*CONTROL_ROT_SAMPLE 193	-0.630089	0.269533	-0.728245	3.39704
			*CONTROL_ROT_SAMPLE 385	-0.607187	0.357037	-0.709823	3.4239
			*CONTROL_ROT_SAMPLE 577	-0.57548	0.439511	-0.689676	3.47329
			*CONTROL_ROT_SAMPLE 769	-0.537506	0.508492	-0.672698	3.53443
			*CONTROL_ROT_SAMPLE 961	-0.505835	0.557277	-0.658463	3.57771
		}
		*CONTROL_SCALE_TRACK {
			*CONTROL_SCALE_SAMPLE	1	1	1	1	0	0	0	0
		}
	}
}
*HELPEROBJECT {
	*NODE_NAME "Bip01 Head"
	*NODE_PARENT "Bip01 Neck"
	*NODE_TM {
		*NODE_NAME "Bip01 Head"
		*TM_ROW0 -5.96015e-008	1.76921e-006	1
		*TM_ROW1 -1.79264e-006	-1	1.77916e-006
		*TM_ROW2 1	-1.79264e-006	-5.96014e-008
		*TM_ROW3 1.63729e-011	-3.85901	161.198
		*TM_POS 1.63729e-011	-3.85901	161.198
		*TM_ROTAXIS -0.707107	4.76653e-009	-0.707107
		*TM_ROTANGLE 3.14159
		*TM_SCALE 1	1	1
		*TM_SCALEAXIS 0	0	0
		*TM_SCALEAXISANG 0	0	0
	}
	*TM_ANIMATION {
		*NODE_NAME  "Bip01 Head"
		*CONTROL_POS_TRACK {
			*CONTROL_POS_SAMPLE 1	2.87603	6.26216	143.954
			*CONTROL_POS_SAMPLE 193	5.17239	3.57967	140.94
			*CONTROL_POS_SAMPLE 385	6.91081	1.3139	137.239
			*CONTROL_POS_SAMPLE 577	7.61511	-0.927767	132.649
			*CONTROL_POS_SAMPLE 769	7.33276	-2.67211	127.759
			*CONTROL_POS_SAMPLE 961	6.51887	-3.84546	124.454
		}
		*CONTROL_ROT_TRACK {
			*CONTROL_ROT_SAMPLE 1	0.718772	-0.04638	0.693697	3.07407
			*CONTROL_ROT_SAMPLE 193	0.721887	-0.0610438	0.689314	3.0583
			*CONTROL_ROT_SAMPLE 385	0.723971	-0.0766915	0.685554	3.04174
			*CONTROL_ROT_SAMPLE 577	0.724836	-0.0914131	0.68283	3.02652
			*CONTROL_ROT_SAMPLE 769	0.724895	-0.103341	0.681064	3.01558
			*CONTROL_ROT_SAMPLE 961	0.724676	-0.110282	0.680207	3.01095
		}
		*CONTROL_SCALE_TRACK {
			*CONTROL_SCALE_SAMPLE	1	1	1	1	0	0	0	0
		}
	}
}
*HELPEROBJECT {
	*NODE_NAME "ZS_HELMET"
	*NODE_PARENT "Bip01 Head"
	*NODE_TM {
		*NODE_NAME "ZS_HELMET"
		*TM_ROW0 1	5.73874e-013	4.35659e-014
		*TM_ROW1 -4.07319e-013	0.996917	-0.0784593
		*TM_ROW2 -4.76109e-014	0.0784593	0.996918
		*TM_ROW3 1e-005	-7.06248	173.704
		*TM_POS 1e-005	-7.06248	173.704
		*TM_ROTAXIS 1	5.81045e-013	-6.25288e-012
		*TM_ROTANGLE 0.078541
		*TM_SCALE 1	1	1
		*TM_SCALEAXIS 0	0	0
		*TM_SCALEAXISANG 0	0	0
	}
}
*HELPEROBJECT {
	*NODE_NAME "Bip01 L Clavicle"
	*NODE_PARENT "Bip01 Neck"
	*NODE_TM {
		*NODE_NAME "Bip01 L Clavicle"
		*TM_ROW0 0.935229	-0.203893	-0.289439
		*TM_ROW1 0.156435	0.971369	-0.178803
		*TM_ROW2 0.317608	0.121943	0.940348
		*TM_ROW3 7.96399	-1.25804	148.729
		*TM_POS 7.96399	-1.25804	148.729
		*TM_ROTAXIS 0.391939	-0.791119	0.469589
		*TM_ROTANGLE 0.39376
		*TM_SCALE 1	1	1
		*TM_SCALEAXIS 0	0	0
		*TM_SCALEAXISANG 0	0	0
	}
	*TM_ANIMATION {
		*NODE_NAME  "Bip01 L Clavicle"
		*CONTROL_POS_TRACK {
			*CONTROL_POS_SAMPLE 1	12.7256	12.8489	135.185
			*CONTROL_POS_SAMPLE 193	15.5558	10.1	132.534
			*CONTROL_POS_SAMPLE 385	17.8139	7.77045	129.278
			*CONTROL_POS_SAMPLE 577	19.0434	5.63948	125.421
			*CONTROL_POS_SAMPLE 769	19.299	4.0123	121.495
			*CONTROL_POS_SAMPLE 961	18.8683	2.80016	118.897
		}
		*CONTROL_ROT_TRACK {
			*CONTROL_ROT_SAMPLE 1	-0.881032	-0.472695	-0.0184953	0.701848
			*CONTROL_ROT_SAMPLE 193	-0.943519	-0.330857	0.017505	0.684848
			*CONTROL_ROT_SAMPLE 385	-0.974145	-0.200007	0.105069	0.711138
			*CONTROL_ROT_SAMPLE 577	-0.972113	-0.0912742	0.21602	0.78014
			*CONTROL_ROT_SAMPLE 769	-0.953964	0.00486372	0.299881	0.867944
			*CONTROL_ROT_SAMPLE 961	-0.923783	0.057643	0.378553	0.944936
		}
		*CONTROL_SCALE_TRACK {
			*CONTROL_SCALE_SAMPLE	1	1	1	1	0	0	0	0
		}
	}
}
*HELPEROBJECT {
	*NODE_NAME "Bip01 L UpperArm"
	*NODE_PARENT "Bip01 L Clavicle"
	*NODE_TM {
		*NODE_NAME "Bip01 L UpperArm"
		*TM_ROW0 0.246229	0.0989026	-0.964152
		*TM_ROW1 0.412789	0.889345	0.196649
		*TM_ROW2 0.876913	-0.446412	0.178157
		*TM_ROW3 20.4269	-3.97508	144.872
		*TM_POS 20.4269	-3.97508	144.872
		*TM_ROTAXIS -0.325561	-0.932072	0.15891
		*TM_ROTANGLE 1.41328
		*TM_SCALE 1	1	1
		*TM_SCALEAXIS 0	0	0
		*TM_SCALEAXISANG 0	0	0
	}
	*TM_ANIMATION {
		*NODE_NAME  "Bip01 L UpperArm"
		*CONTROL_POS_TRACK {
			*CONTROL_POS_SAMPLE 1	25.3455	14.3193	131.169
			*CONTROL_POS_SAMPLE 193	28.5508	10.8902	129.694
			*CONTROL_POS_SAMPLE 385	30.9739	7.48579	127.207
			*CONTROL_POS_SAMPLE 577	32.1564	3.95669	123.755
			*CONTROL_POS_SAMPLE 769	32.2001	0.94162	120.195
			*CONTROL_POS_SAMPLE 961	31.384	-1.58175	117.588
		}
		*CONTROL_ROT_TRACK {
			*CONTROL_ROT_SAMPLE 1	-0.527364	-0.796858	0.294796	1.407
			*CONTROL_ROT_SAMPLE 193	-0.476455	-0.773054	0.418783	1.45275
			*CONTROL_ROT_SAMPLE 385	-0.441138	-0.772952	0.456006	1.48717
			*CONTROL_ROT_SAMPLE 577	-0.43296	-0.815208	0.384684	1.46473
			*CONTROL_ROT_SAMPLE 769	-0.436049	-0.86834	0.236319	1.40421
			*CONTROL_ROT_SAMPLE 961	-0.425577	-0.902251	0.0694784	1.33764
		}
		*CONTROL_SCALE_TRACK {
			*CONTROL_SCALE_SAMPLE	1	1	1	1	0	0	0	0
		}
	}
}
*HELPEROBJECT {
	*NODE_NAME "Bip01 L Forearm"
	*NODE_PARENT "Bip01 L UpperArm"
	*NODE_TM {
		*NODE_NAME "Bip01 L Forearm"
		*TM_ROW0 0.0455122	-0.291882	-0.955371
		*TM_ROW1 0.478489	0.845886	-0.235638
		*TM_ROW2 0.876913	-0.44641	0.17816
		*TM_ROW3 27.2982	-1.21526	117.966
		*TM_POS 27.2982	-1.21526	117.966
		*TM_ROTAXIS -0.10545	-0.916697	0.385419
		*TM_ROTANGLE 1.53601
		*TM_SCALE 1	1	1
		*TM_SCALEAXIS 0	0	0
		*TM_SCALEAXISANG 0	0	0
	}
	*TM_ANIMATION {
		*NODE_NAME  "Bip01 L Forearm"
		*CONTROL_POS_TRACK {
			*CONTROL_POS_SAMPLE 1	36.3901	16.0176	105.598
			*CONTROL_POS_SAMPLE 193	37.4246	8.35311	103.359
			*CONTROL_POS_SAMPLE 385	38.2803	3.52569	100.567
			*CONTROL_POS_SAMPLE 577	39.7864	2.08884	96.9777
			*CONTROL_POS_SAMPLE 769	41.252	3.25221	93.8996
			*CONTROL_POS_SAMPLE 961	41.7165	4.77089	92.456
		}
		*CONTROL_ROT_TRACK {
			*CONTROL_ROT_SAMPLE 1	-0.158527	-0.784352	0.599718	1.76545
			*CONTROL_ROT_SAMPLE 193	-0.179072	-0.750069	0.636656	1.79608
			*CONTROL_ROT_SAMPLE 385	-0.169373	-0.744644	0.645615	1.81803
			*CONTROL_ROT_SAMPLE 577	-0.124223	-0.776968	0.617163	1.8034
			*CONTROL_ROT_SAMPLE 769	-0.057858	-0.820045	0.569367	1.73695
			*CONTROL_ROT_SAMPLE 961	0.0278056	-0.841565	0.53944	1.6502
		}
		*CONTROL_SCALE_TRACK {
			*CONTROL_SCALE_SAMPLE	1	1	1	1	0	0	0	0
		}
	}
}
*HELPEROBJECT {
	*NODE_NAME "Bip01 L Hand"
	*NODE_PARENT "Bip01 L Forearm"
	*NODE_TM {
		*NODE_NAME "Bip01 L Hand"
		*TM_ROW0 0.0455132	-0.291886	-0.95537
		*TM_ROW1 -0.876533	0.44708	-0.17835
		*TM_ROW2 0.479185	0.845531	-0.2355
		*TM_ROW3 28.5642	-9.33439	91.391
		*TM_POS 28.5642	-9.33439	91.391
		*TM_ROTAXIS 0.551391	-0.772552	-0.314851
		*TM_ROTANGLE 1.95137
		*TM_SCALE 1	1	1
		*TM_SCALEAXIS 0	0	0
		*TM_SCALEAXISANG 0	0	0
	}
	*TM_ANIMATION {
		*NODE_NAME  "Bip01 L Hand"
		*CONTROL_POS_TRACK {
			*CONTROL_POS_SAMPLE 1	31.8426	3.77898	81.0373
			*CONTROL_POS_SAMPLE 193	32.3011	-4.33731	79.1431
			*CONTROL_POS_SAMPLE 385	32.4651	-9.51931	76.6987
			*CONTROL_POS_SAMPLE 577	33.9014	-11.3118	73.3243
			*CONTROL_POS_SAMPLE 769	36.7586	-10.8288	70.3363
			*CONTROL_POS_SAMPLE 961	39.532	-10.8893	69.5719
		}
		*CONTROL_ROT_TRACK {
			*CONTROL_ROT_SAMPLE 1	-0.382763	0.911742	0.149061	3.73565
			*CONTROL_ROT_SAMPLE 193	-0.284194	0.956307	0.0686338	4.16089
			*CONTROL_ROT_SAMPLE 385	0.247725	-0.968743	-0.0129989	1.90748
			*CONTROL_ROT_SAMPLE 577	0.319223	-0.947352	-0.0249169	1.94934
			*CONTROL_ROT_SAMPLE 769	-0.454202	0.888797	0.0611629	4.18069
			*CONTROL_ROT_SAMPLE 961	-0.591252	0.803746	0.0664371	3.9892
		}
		*CONTROL_SCALE_TRACK {
			*CONTROL_SCALE_SAMPLE	1	1	1	1	0	0	0	0
		}
	}
}
*HELPEROBJECT {
	*NODE_NAME "Bip01 L Finger0"
	*NODE_PARENT "Bip01 L Hand"
	*NODE_TM {
		*NODE_NAME "Bip01 L Finger0"
		*TM_ROW0 0.0455152	-0.291888	-0.955369
		*TM_ROW1 -0.876915	0.446405	-0.178165
		*TM_ROW2 0.478485	0.845886	-0.235643
		*TM_ROW3 29.15	-13.0909	79.0956
		*TM_POS 29.15	-13.0909	79.0956
		*TM_ROTAXIS 0.551581	-0.772311	-0.31511
		*TM_ROTANGLE 1.95181
		*TM_SCALE 1	1	1
		*TM_SCALEAXIS 0	0	0
		*TM_SCALEAXISANG 0	0	0
	}
	*TM_ANIMATION {
		*NODE_NAME  "Bip01 L Finger0"
		*CONTROL_POS_TRACK {
			*CONTROL_POS_SAMPLE 1	24.6267	-3.36102	73.1281
			*CONTROL_POS_SAMPLE 193	27.1419	-8.91624	68.2793
			*CONTROL_POS_SAMPLE 385	29.2638	-13.4711	64.8775
			*CONTROL_POS_SAMPLE 577	30.9411	-16.345	61.8565
			*CONTROL_POS_SAMPLE 769	34.2349	-17.9805	59.9397
			*CONTROL_POS_SAMPLE 961	38.4918	-20.4118	60.9786
		}
		*CONTROL_ROT_TRACK {
			*CONTROL_ROT_SAMPLE 1	-0.382863	0.911643	0.149405	3.73536
			*CONTROL_ROT_SAMPLE 193	-0.284392	0.956222	0.0689973	4.16067
			*CONTROL_ROT_SAMPLE 385	0.247981	-0.968673	-0.0133705	1.90767
			*CONTROL_ROT_SAMPLE 577	0.319458	-0.947263	-0.0252791	1.94959
			*CONTROL_ROT_SAMPLE 769	-0.454377	0.888684	0.0614985	4.18034
			*CONTROL_ROT_SAMPLE 961	-0.591365	0.803638	0.0667394	3.98875
		}
		*CONTROL_SCALE_TRACK {
			*CONTROL_SCALE_SAMPLE	1	1	1	1	0	0	0	0
		}
	}
}
*HELPEROBJECT {
	*NODE_NAME "ZS_LEFTHAND"
	*NODE_PARENT "Bip01 L Hand"
	*NODE_TM {
		*NODE_NAME "ZS_LEFTHAND"
		*TM_ROW0 0.435606	0.890062	-0.134303
		*TM_ROW1 0.180312	-0.232461	-0.955745
		*TM_ROW2 -0.881893	0.392112	-0.261751
		*TM_ROW3 26.7605	-11.5468	82.7857
		*TM_POS 26.7605	-11.5468	82.7857
		*TM_ROTAXIS 0.794322	0.440571	-0.418271
		*TM_ROTANGLE 2.12858
		*TM_SCALE 1	1	1
		*TM_SCALEAXIS 0	0	0
		*TM_SCALEAXISANG 0	0	0
	}
}
*HELPEROBJECT {
	*NODE_NAME "ZS_LEFTARM"
	*NODE_PARENT "Bip01 L Forearm"
	*NODE_TM {
		*NODE_NAME "ZS_LEFTARM"
		*TM_ROW0 0.0759923	-0.150176	-0.985735
		*TM_ROW1 0.524499	0.846792	-0.0885736
		*TM_ROW2 0.848013	-0.510285	0.143117
		*TM_ROW3 26.9101	-7.67833	110.055
		*TM_POS 26.9101	-7.67833	110.055
		*TM_ROTAXIS -0.21097	-0.917372	0.337521
		*TM_ROTANGLE 1.53784
		*TM_SCALE 1	1	1
		*TM_SCALEAXIS 0	0	0
		*TM_SCALEAXISANG 0	0	0
	}
}
*HELPEROBJECT {
	*NODE_NAME "Bip01 R Clavicle"
	*NODE_PARENT "Bip01 Neck"
	*NODE_TM {
		*NODE_NAME "Bip01 R Clavicle"
		*TM_ROW0 -0.935227	-0.203899	-0.28944
		*TM_ROW1 -0.156442	0.971369	-0.178799
		*TM_ROW2 0.317609	-0.121937	-0.940349
		*TM_ROW3 -7.96398	-1.25806	148.729
		*TM_POS -7.96398	-1.25806	148.729
		*TM_ROTAXIS -0.0929799	0.992639	-0.0775999
		*TM_ROTANGLE 3.45235
		*TM_SCALE 1	1	1
		*TM_SCALEAXIS 0	0	0
		*TM_SCALEAXISANG 0	0	0
	}
	*TM_ANIMATION {
		*NODE_NAME  "Bip01 R Clavicle"
		*CONTROL_POS_TRACK {
			*CONTROL_POS_SAMPLE 1	-2.9898	14.7245	133.405
			*CONTROL_POS_SAMPLE 193	0.0920705	13.7152	131.324
			*CONTROL_POS_SAMPLE 385	2.77283	12.9895	128.843
			*CONTROL_POS_SAMPLE 577	4.46596	12.047	125.741
			*CONTROL_POS_SAMPLE 769	5.11986	11.216	122.343
			*CONTROL_POS_SAMPLE 961	5.006	10.5385	120.168
		}
		*CONTROL_ROT_TRACK {
			*CONTROL_ROT_SAMPLE 1	-0.0434077	0.956636	0.288033	3.41169
			*CONTROL_ROT_SAMPLE 193	0.0385634	0.951386	0.305576	3.37865
			*CONTROL_ROT_SAMPLE 385	0.118407	0.937122	0.328303	3.33454
			*CONTROL_ROT_SAMPLE 577	0.185341	0.913802	0.361405	3.28043
			*CONTROL_ROT_SAMPLE 769	0.23643	0.886282	0.398251	3.22802
			*CONTROL_ROT_SAMPLE 961	0.276809	0.862724	0.423183	3.18208
		}
		*CONTROL_SCALE_TRACK {
			*CONTROL_SCALE_SAMPLE	1	1	1	1	0	0	0	0
		}
	}
}
*HELPEROBJECT {
	*NODE_NAME "Bip01 R UpperArm"
	*NODE_PARENT "Bip01 R Clavicle"
	*NODE_TM {
		*NODE_NAME "Bip01 R UpperArm"
		*TM_ROW0 -0.246232	0.0988932	-0.964153
		*TM_ROW1 -0.412793	0.889345	0.196642
		*TM_ROW2 0.876911	0.446415	-0.178163
		*TM_ROW3 -20.4269	-3.97513	144.872
		*TM_POS -20.4269	-3.97513	144.872
		*TM_ROTAXIS 0.12961	-0.955353	-0.265521
		*TM_ROTANGLE 1.84162
		*TM_SCALE 1	1	1
		*TM_SCALEAXIS 0	0	0
		*TM_SCALEAXISANG 0	0	0
	}
	*TM_ANIMATION {
		*NODE_NAME  "Bip01 R UpperArm"
		*CONTROL_POS_TRACK {
			*CONTROL_POS_SAMPLE 1	-15.7826	14.6606	129.677
			*CONTROL_POS_SAMPLE 193	-12.8215	15.6342	128.657
			*CONTROL_POS_SAMPLE 385	-9.93524	16.7566	127.475
			*CONTROL_POS_SAMPLE 577	-7.82038	17.2041	125.833
			*CONTROL_POS_SAMPLE 769	-6.6692	17.2468	123.828
			*CONTROL_POS_SAMPLE 961	-6.26771	17.1272	122.823
		}
		*CONTROL_ROT_TRACK {
			*CONTROL_ROT_SAMPLE 1	-0.0170697	-0.984883	-0.172378	1.77286
			*CONTROL_ROT_SAMPLE 193	-0.0846701	-0.943501	-0.320368	1.80287
			*CONTROL_ROT_SAMPLE 385	-0.174115	-0.898607	-0.402726	1.83031
			*CONTROL_ROT_SAMPLE 577	-0.284067	-0.862573	-0.418656	1.86395
			*CONTROL_ROT_SAMPLE 769	-0.392572	-0.827597	-0.401211	1.9108
			*CONTROL_ROT_SAMPLE 961	-0.483005	-0.801373	-0.352857	1.96277
		}
		*CONTROL_SCALE_TRACK {
			*CONTROL_SCALE_SAMPLE	1	1	1	1	0	0	0	0
		}
	}
}
*HELPEROBJECT {
	*NODE_NAME "Bip01 R Forearm"
	*NODE_PARENT "Bip01 R UpperArm"
	*NODE_TM {
		*NODE_NAME "Bip01 R Forearm"
		*TM_ROW0 -0.0455087	-0.291889	-0.955369
		*TM_ROW1 -0.478487	0.845885	-0.235646
		*TM_ROW2 0.876915	0.446408	-0.17816
		*TM_ROW3 -27.2982	-1.21534	117.966
		*TM_POS -27.2982	-1.21534	117.966
		*TM_ROTAXIS 0.347279	-0.932937	-0.0950097
		*TM_ROTANGLE 1.76083
		*TM_SCALE 1	1	1
		*TM_SCALEAXIS 0	0	0
		*TM_SCALEAXISANG 0	0	0
	}
	*TM_ANIMATION {
		*NODE_NAME  "Bip01 R Forearm"
		*CONTROL_POS_TRACK {
			*CONTROL_POS_SAMPLE 1	-21.374	19.9351	102.851
			*CONTROL_POS_SAMPLE 193	-18.9943	27.0754	103.965
			*CONTROL_POS_SAMPLE 385	-16.0338	33.1041	105.697
			*CONTROL_POS_SAMPLE 577	-12.9826	37.2011	107.066
			*CONTROL_POS_SAMPLE 769	-10.2416	39.8909	107.916
			*CONTROL_POS_SAMPLE 961	-7.932	41.1541	108.729
		}
		*CONTROL_ROT_TRACK {
			*CONTROL_ROT_SAMPLE 1	0.582964	-0.724259	0.368241	1.92599
			*CONTROL_ROT_SAMPLE 193	0.60283	-0.72681	0.329156	1.81097
			*CONTROL_ROT_SAMPLE 385	0.552526	-0.781656	0.289361	1.72036
			*CONTROL_ROT_SAMPLE 577	0.395744	-0.896013	0.201362	1.67898
			*CONTROL_ROT_SAMPLE 769	0.163436	-0.983241	0.0807863	1.69732
			*CONTROL_ROT_SAMPLE 961	-0.0584359	-0.99829	-0.00128524	1.78231
		}
		*CONTROL_SCALE_TRACK {
			*CONTROL_SCALE_SAMPLE	1	1	1	1	0	0	0	0
		}
	}
}
*HELPEROBJECT {
	*NODE_NAME "Bip01 R Hand"
	*NODE_PARENT "Bip01 R Forearm"
	*NODE_TM {
		*NODE_NAME "Bip01 R Hand"
		*TM_ROW0 -0.0455115	-0.291885	-0.95537
		*TM_ROW1 0.87653	0.447088	-0.17835
		*TM_ROW2 0.479192	-0.845527	0.235499
		*TM_ROW3 -28.5642	-9.33445	91.3911
		*TM_POS -28.5642	-9.33445	91.3911
		*TM_ROTAXIS -0.33922	-0.72939	0.59407
		*TM_ROTANGLE 1.75327
		*TM_SCALE 1	1	1
		*TM_SCALEAXIS 0	0	0
		*TM_SCALEAXISANG 0	0	0
	}
	*TM_ANIMATION {
		*NODE_NAME  "Bip01 R Hand"
		*CONTROL_POS_TRACK {
			*CONTROL_POS_SAMPLE 1	-18.3078	-5.49725	92.0122
			*CONTROL_POS_SAMPLE 193	-13.0988	3.09584	91.1616
			*CONTROL_POS_SAMPLE 385	-10.4224	11.3413	89.308
			*CONTROL_POS_SAMPLE 577	-11.1601	20.7039	84.7453
			*CONTROL_POS_SAMPLE 769	-12.9157	32.6269	81.1993
			*CONTROL_POS_SAMPLE 961	-13.6578	43.1514	81.5825
		}
		*CONTROL_ROT_TRACK {
			*CONTROL_ROT_SAMPLE 1	-0.31883	-0.142285	0.937071	1.63761
			*CONTROL_ROT_SAMPLE 193	-0.400044	-0.15653	0.90303	1.5927
			*CONTROL_ROT_SAMPLE 385	-0.458064	-0.210251	0.863697	1.67251
			*CONTROL_ROT_SAMPLE 577	-0.485052	-0.343988	0.803988	1.8785
			*CONTROL_ROT_SAMPLE 769	0.515123	0.483574	-0.707675	4.13734
			*CONTROL_ROT_SAMPLE 961	0.542151	0.566485	-0.620619	3.87088
		}
		*CONTROL_SCALE_TRACK {
			*CONTROL_SCALE_SAMPLE	1	1	1	1	0	0	0	0
		}
	}
}
*HELPEROBJECT {
	*NODE_NAME "Bip01 R Finger0"
	*NODE_PARENT "Bip01 R Hand"
	*NODE_TM {
		*NODE_NAME "Bip01 R Finger0"
		*TM_ROW0 -0.0455056	-0.291877	-0.955373
		*TM_ROW1 0.876914	0.446413	-0.178152
		*TM_ROW2 0.478489	-0.845886	0.235636
		*TM_ROW3 -29.1499	-13.0909	79.0956
		*TM_POS -29.1499	-13.0909	79.0956
		*TM_ROTAXIS -0.33952	-0.729071	0.594291
		*TM_ROTANGLE 1.75354
		*TM_SCALE 1	1	1
		*TM_SCALEAXIS 0	0	0
		*TM_SCALEAXISANG 0	0	0
	}
	*TM_ANIMATION {
		*NODE_NAME  "Bip01 R Finger0"
		*CONTROL_POS_TRACK {
			*CONTROL_POS_SAMPLE 1	-17.7723	-16.906	86.0827
			*CONTROL_POS_SAMPLE 193	-11.2768	-7.69825	84.3959
			*CONTROL_POS_SAMPLE 385	-8.75547	1.64995	81.0071
			*CONTROL_POS_SAMPLE 577	-11.1138	13.642	73.9873
			*CONTROL_POS_SAMPLE 769	-14.6436	29.9349	68.7344
			*CONTROL_POS_SAMPLE 961	-16.6512	44.73	69.1666
		}
		*CONTROL_ROT_TRACK {
			*CONTROL_ROT_SAMPLE 1	-0.319153	-0.141908	0.937018	1.63786
			*CONTROL_ROT_SAMPLE 193	-0.40036	-0.156159	0.902954	1.59301
			*CONTROL_ROT_SAMPLE 385	-0.458339	-0.209886	0.86364	1.67286
			*CONTROL_ROT_SAMPLE 577	-0.485267	-0.343632	0.804011	1.87888
			*CONTROL_ROT_SAMPLE 769	0.515276	0.48325	-0.707785	4.13694
			*CONTROL_ROT_SAMPLE 961	0.542255	0.566201	-0.620787	3.87046
		}
		*CONTROL_SCALE_TRACK {
			*CONTROL_SCALE_SAMPLE	1	1	1	1	0	0	0	0
		}
	}
}
*HELPEROBJECT {
	*NODE_NAME "ZS_RIGHTHAND"
	*NODE_PARENT "Bip01 R Hand"
	*NODE_TM {
		*NODE_NAME "ZS_RIGHTHAND"
		*TM_ROW0 -0.464344	0.856417	-0.225687
		*TM_ROW1 0.177861	0.339806	0.923525
		*TM_ROW2 0.867612	0.388692	-0.31011
		*TM_ROW3 -20.9389	-19.9852	85.8932
		*TM_POS -20.9389	-19.9852	85.8932
		*TM_ROTAXIS 0.383811	0.784581	0.486951
		*TM_ROTANGLE 3.91244
		*TM_SCALE 1	1	1
		*TM_SCALEAXIS 0	0	0
		*TM_SCALEAXISANG 0	0	0
	}
	*TM_ANIMATION {
		*NODE_NAME  "ZS_RIGHTHAND"
		*CONTROL_POS_TRACK {
			*CONTROL_POS_SAMPLE 1	-17.552	-14.7888	92.8251
			*CONTROL_POS_SAMPLE 193	-11.7497	-6.1632	91.2815
			*CONTROL_POS_SAMPLE 385	-9.23813	2.14548	88.0436
			*CONTROL_POS_SAMPLE 577	-10.7211	12.1863	80.8951
			*CONTROL_POS_SAMPLE 769	-13.4592	26.076	74.5393
			*CONTROL_POS_SAMPLE 961	-15.2717	39.1474	73.2802
		}
		*CONTROL_ROT_TRACK {
			*CONTROL_ROT_SAMPLE 1	-0.323451	-0.924308	-0.202568	1.44697
			*CONTROL_ROT_SAMPLE 193	-0.336327	-0.893305	-0.298145	1.41594
			*CONTROL_ROT_SAMPLE 385	-0.419011	-0.839884	-0.344999	1.46349
			*CONTROL_ROT_SAMPLE 577	-0.546012	-0.755318	-0.362444	1.68387
			*CONTROL_ROT_SAMPLE 769	-0.654752	-0.645574	-0.393108	1.98983
			*CONTROL_ROT_SAMPLE 961	0.734	0.541854	0.409437	4.03173
		}
		*CONTROL_SCALE_TRACK {
			*CONTROL_SCALE_SAMPLE	1	1	1	1	0	0	0	0
		}
	}
}
*HELPEROBJECT {
	*NODE_NAME "ZS_CROSSBOW"
	*NODE_PARENT "Bip01 Spine2"
	*NODE_TM {
		*NODE_NAME "ZS_CROSSBOW"
		*TM_ROW0 -0.382687	-0.111464	0.91713
		*TM_ROW1 -0.923878	0.0461715	-0.379891
		*TM_ROW2 -1.2517e-006	-0.992695	-0.120648
		*TM_ROW3 -14.434	10.5915	165.98
		*TM_POS -14.434	10.5915	165.98
		*TM_ROTAXIS -0.447329	0.669479	-0.593039
		*TM_ROTANGLE 2.38705
		*TM_SCALE 1	1	1
		*TM_SCALEAXIS 0	0	0
		*TM_SCALEAXISANG 0	0	0
	}
}
*HELPEROBJECT {
	*NODE_NAME "ZS_LONGSWORD"
	*NODE_PARENT "Bip01 Spine2"
	*NODE_TM {
		*NODE_NAME "ZS_LONGSWORD"
		*TM_ROW0 -0.499829	-0.0915011	0.861277
		*TM_ROW1 -0.865729	0.0828188	-0.493614
		*TM_ROW2 -0.0261636	-0.992355	-0.12061
		*TM_ROW3 -18.1593	6.92629	157.64
		*TM_POS -18.1593	6.92629	157.64
		*TM_ROTAXIS -0.38996	0.69388	-0.60536
		*TM_ROTANGLE 2.44778
		*TM_SCALE 1	1	1
		*TM_SCALEAXIS 0	0	0
		*TM_SCALEAXISANG 0	0	0
	}
}
*HELPEROBJECT {
	*NODE_NAME "ZS_SHIELD"
	*NODE_PARENT "Bip01 Spine2"
	*NODE_TM {
		*NODE_NAME "ZS_SHIELD"
		*TM_ROW0 -0.0138681	0.114196	-0.993362
		*TM_ROW1 -0.908393	0.413755	0.0602465
		*TM_ROW2 0.417888	0.903198	0.0979964
		*TM_ROW3 8.76511	9.5282	131.875
		*TM_POS 8.76511	9.5282	131.875
		*TM_ROTAXIS 0.435421	-0.728972	-0.528212
		*TM_ROTANGLE 1.82457
		*TM_SCALE 1	1	1
		*TM_SCALEAXIS 0	0	0
		*TM_SCALEAXISANG 0	0	0
	}
}
*HELPEROBJECT {
	*NODE_NAME "ZS_BOW"
	*NODE_PARENT "Bip01 Spine2"
	*NODE_TM {
		*NODE_NAME "ZS_BOW"
		*TM_ROW0 -0.341816	-0.0868229	0.935748
		*TM_ROW1 0.0119438	0.995242	0.0967059
		*TM_ROW2 -0.939691	0.044232	-0.339153
		*TM_ROW3 0.5012	12.4143	124.55
		*TM_POS 0.5012	12.4143	124.55
		*TM_ROTAXIS -0.0279299	0.998227	0.0525698
		*TM_ROTANGLE 1.92076
		*TM_SCALE 1	1	1
		*TM_SCALEAXIS 0	0	0
		*TM_SCALEAXISANG 0	0	0
	}
}
*HELPEROBJECT {
	*NODE_NAME "ZS_SWORD"
	*NODE_PARENT "Bip01 Spine"
	*NODE_TM {
		*NODE_NAME "ZS_SWORD"
		*TM_ROW0 5.79068e-007	-0.347172	0.937802
		*TM_ROW1 1.04308e-007	0.937802	0.347172
		*TM_ROW2 -1	-1.04308e-007	5.79068e-007
		*TM_ROW3 17.5015	-4.36211	106.367
		*TM_POS 17.5015	-4.36211	106.367
		*TM_ROTAXIS -0.17367	0.96937	0.17367
		*TM_ROTANGLE 1.6019
		*TM_SCALE 1	1	1
		*TM_SCALEAXIS 0	0	0
		*TM_SCALEAXISANG 0	0	0
	}
	*TM_ANIMATION {
		*NODE_NAME  "ZS_SWORD"
		*CONTROL_POS_TRACK {
			*CONTROL_POS_SAMPLE 1	26.2626	34.3061	95.2718
			*CONTROL_POS_SAMPLE 193	29.1244	33.1013	94.0471
			*CONTROL_POS_SAMPLE 385	32.0944	32.3544	92.6619
			*CONTROL_POS_SAMPLE 577	35.0225	32.0082	91.3325
			*CONTROL_POS_SAMPLE 769	37.6357	31.6982	90.2743
			*CONTROL_POS_SAMPLE 961	39.1714	30.6514	89.6995
		}
		*CONTROL_ROT_TRACK {
			*CONTROL_ROT_SAMPLE 1	-0.262933	0.87298	0.410819	1.63254
			*CONTROL_ROT_SAMPLE 193	-0.23323	0.851126	0.470307	1.67414
			*CONTROL_ROT_SAMPLE 385	-0.202095	0.825492	0.526993	1.72124
			*CONTROL_ROT_SAMPLE 577	-0.17228	0.800393	0.574187	1.77034
			*CONTROL_ROT_SAMPLE 769	-0.145095	0.780151	0.608532	1.81631
			*CONTROL_ROT_SAMPLE 961	-0.120753	0.768264	0.628641	1.85394
		}
		*CONTROL_SCALE_TRACK {
			*CONTROL_SCALE_SAMPLE	1	1	1	1	0	0	0	0
		}
	}
}
*HELPEROBJECT {
	*NODE_NAME "Bip01 L Thigh"
	*NODE_PARENT "Bip01 Pelvis"
	*NODE_TM {
		*NODE_NAME "Bip01 L Thigh"
		*TM_ROW0 0.0534879	-0.0367886	-0.997891
		*TM_ROW1 -0.00216181	-0.999323	0.0367256
		*TM_ROW2 -0.998566	0.000192882	-0.0535313
		*TM_ROW3 9.01023	-8.01129	99.9496
		*TM_POS 9.01023	-8.01129	99.9496
		*TM_ROTAXIS 0.72572	-0.01342	-0.68786
		*TM_ROTANGLE 3.16677
		*TM_SCALE 1	1	1
		*TM_SCALEAXIS 0	0	0
		*TM_SCALEAXISANG 0	0	0
	}
	*TM_ANIMATION {
		*NODE_NAME  "Bip01 L Thigh"
		*CONTROL_POS_TRACK {
			*CONTROL_POS_SAMPLE 1	16.7579	32.0036	88.5149
			*CONTROL_POS_SAMPLE 193	19.3104	32.0732	87.3724
			*CONTROL_POS_SAMPLE 385	22.0928	32.6621	86.1436
			*CONTROL_POS_SAMPLE 577	24.9707	33.5428	84.9866
			*CONTROL_POS_SAMPLE 769	27.6378	34.2379	84.064
			*CONTROL_POS_SAMPLE 961	29.2926	33.9101	83.5531
		}
		*CONTROL_ROT_TRACK {
			*CONTROL_ROT_SAMPLE 1	0.696277	-0.263981	-0.667468	3.61682
			*CONTROL_ROT_SAMPLE 193	0.675287	-0.309243	-0.669594	3.58689
			*CONTROL_ROT_SAMPLE 385	0.650612	-0.35341	-0.672165	3.55884
			*CONTROL_ROT_SAMPLE 577	0.625048	-0.392417	-0.674777	3.53524
			*CONTROL_ROT_SAMPLE 769	0.601553	-0.42273	-0.677815	3.51627
			*CONTROL_ROT_SAMPLE 961	0.584657	-0.441299	-0.680758	3.49947
		}
		*CONTROL_SCALE_TRACK {
			*CONTROL_SCALE_SAMPLE	1	1	1	1	0	0	0	0
		}
	}
}
*HELPEROBJECT {
	*NODE_NAME "Bip01 L Calf"
	*NODE_PARENT "Bip01 L Thigh"
	*NODE_TM {
		*NODE_NAME "Bip01 L Calf"
		*TM_ROW0 0.0525131	0.197552	-0.978885
		*TM_ROW1 0.0103904	-0.980292	-0.197278
		*TM_ROW2 -0.998566	0.000188708	-0.0535307
		*TM_ROW3 11.1149	-9.45845	60.6877
		*TM_POS 11.1149	-9.45845	60.6877
		*TM_ROTAXIS 0.723901	0.0721501	-0.686121
		*TM_ROTANGLE 3.00478
		*TM_SCALE 1	1	1
		*TM_SCALEAXIS 0	0	0
		*TM_SCALEAXISANG 0	0	0
	}
	*TM_ANIMATION {
		*NODE_NAME  "Bip01 L Calf"
		*CONTROL_POS_TRACK {
			*CONTROL_POS_SAMPLE 1	17.8511	5.29994	57.531
			*CONTROL_POS_SAMPLE 193	17.8825	4.01616	57.6226
			*CONTROL_POS_SAMPLE 385	17.8413	3.50716	57.75
			*CONTROL_POS_SAMPLE 577	17.9329	3.6478	57.9488
			*CONTROL_POS_SAMPLE 769	18.1461	3.99927	58.1832
			*CONTROL_POS_SAMPLE 961	18.0556	3.70751	58.3377
		}
		*CONTROL_ROT_TRACK {
			*CONTROL_ROT_SAMPLE 1	0.723764	0.0168154	-0.689843	3.08978
			*CONTROL_ROT_SAMPLE 193	0.726112	-0.00244048	-0.687572	3.0038
			*CONTROL_ROT_SAMPLE 385	0.727962	-0.0273968	-0.68507	2.92851
			*CONTROL_ROT_SAMPLE 577	0.728383	-0.0554277	-0.682925	2.87018
			*CONTROL_ROT_SAMPLE 769	0.726672	-0.0821524	-0.682055	2.82868
			*CONTROL_ROT_SAMPLE 961	0.724957	-0.0992614	-0.681605	2.79583
		}
		*CONTROL_SCALE_TRACK {
			*CONTROL_SCALE_SAMPLE	1	1	1	1	0	0	0	0
		}
	}
}
*HELPEROBJECT {
	*NODE_NAME "Bip01 L Foot"
	*NODE_PARENT "Bip01 L Calf"
	*NODE_TM {
		*NODE_NAME "Bip01 L Foot"
		*TM_ROW0 -6.00563e-007	7.23674e-006	-1
		*TM_ROW1 0.173652	-0.984807	-7.2672e-006
		*TM_ROW2 -0.984807	-0.173652	-5.93313e-007
		*TM_ROW3 13.6935	0.240668	12.6267
		*TM_POS 13.6935	0.240668	12.6267
		*TM_ROTAXIS 0.705757	0.0617498	-0.705757
		*TM_ROTANGLE 3.26493
		*TM_SCALE 1	1	1
		*TM_SCALEAXIS 0	0	0
		*TM_SCALEAXISANG 0	0	0
	}
	*TM_ANIMATION {
		*NODE_NAME  "Bip01 L Foot"
		*CONTROL_POS_TRACK {
			*CONTROL_POS_SAMPLE 1	20.0235	8.00013	12.7173
			*CONTROL_POS_SAMPLE 193	20.5337	8.10339	12.9399
			*CONTROL_POS_SAMPLE 385	21.0108	8.24721	13.1656
			*CONTROL_POS_SAMPLE 577	21.452	8.31487	13.3829
			*CONTROL_POS_SAMPLE 769	21.6992	8.20063	13.5737
			*CONTROL_POS_SAMPLE 961	21.6169	7.8137	13.72
		}
		*CONTROL_ROT_TRACK {
			*CONTROL_ROT_SAMPLE 1	0.705583	-0.012248	-0.708521	3.09622
			*CONTROL_ROT_SAMPLE 193	0.710841	-0.0216392	-0.70302	3.06757
			*CONTROL_ROT_SAMPLE 385	0.715846	-0.0316553	-0.69754	3.03711
			*CONTROL_ROT_SAMPLE 577	0.720663	-0.0405075	-0.692101	3.00988
			*CONTROL_ROT_SAMPLE 769	0.72482	-0.0465727	-0.687362	2.99022
			*CONTROL_ROT_SAMPLE 961	0.727905	-0.0480636	-0.683992	2.98233
		}
		*CONTROL_SCALE_TRACK {
			*CONTROL_SCALE_SAMPLE	1	1	1	1	0	0	0	0
		}
	}
}
*HELPEROBJECT {
	*NODE_NAME "Bip01 L Toe0"
	*NODE_PARENT "Bip01 L Foot"
	*NODE_TM {
		*NODE_NAME "Bip01 L Toe0"
		*TM_ROW0 0.173646	-0.984808	5.05606e-006
		*TM_ROW1 5.06961e-006	5.93591e-006	1
		*TM_ROW2 -0.984808	-0.173646	5.91983e-006
		*TM_ROW3 17.6256	-22.0591	-2.43328e-006
		*TM_POS 17.6256	-22.0591	-2.43328e-006
		*TM_ROTAXIS -0.644398	0.540718	0.540718
		*TM_ROTANGLE 1.99673
		*TM_SCALE 1	1	1
		*TM_SCALEAXIS 0	0	0
		*TM_SCALEAXISANG 0	0	0
	}
	*TM_ANIMATION {
		*NODE_NAME  "Bip01 L Toe0"
		*CONTROL_POS_TRACK {
			*CONTROL_POS_SAMPLE 1	18.858	-14.4245	-0.239616
			*CONTROL_POS_SAMPLE 193	18.8126	-14.1872	-0.185349
			*CONTROL_POS_SAMPLE 385	18.6888	-13.8786	-0.144651
			*CONTROL_POS_SAMPLE 577	18.6201	-13.6438	-0.10417
			*CONTROL_POS_SAMPLE 769	18.5425	-13.6241	-0.0578666
			*CONTROL_POS_SAMPLE 961	18.4162	-13.9465	-0.00421857
		}
		*CONTROL_ROT_TRACK {
			*CONTROL_ROT_SAMPLE 1	0.560421	-0.58018	-0.591032	4.15389
			*CONTROL_ROT_SAMPLE 193	0.551959	-0.586578	-0.592678	4.1215
			*CONTROL_ROT_SAMPLE 385	0.542764	-0.592945	-0.59483	4.08773
			*CONTROL_ROT_SAMPLE 577	-0.534952	0.598629	0.596212	2.22644
			*CONTROL_ROT_SAMPLE 769	-0.530038	0.602786	0.596413	2.25003
			*CONTROL_ROT_SAMPLE 961	-0.529643	0.604489	0.595039	2.26178
		}
		*CONTROL_SCALE_TRACK {
			*CONTROL_SCALE_SAMPLE	1	1	1	1	0	0	0	0
		}
	}
}
*HELPEROBJECT {
	*NODE_NAME "Bip01 R Thigh"
	*NODE_PARENT "Bip01 Pelvis"
	*NODE_TM {
		*NODE_NAME "Bip01 R Thigh"
		*TM_ROW0 -0.0535034	-0.0367749	-0.99789
		*TM_ROW1 0.00205776	-0.999324	0.0367174
		*TM_ROW2 -0.998566	-8.89041e-005	0.0535432
		*TM_ROW3 -9.01021	-8.01132	99.9496
		*TM_POS -9.01021	-8.01132	99.9496
		*TM_ROTAXIS 0.687862	-0.01262	-0.725732
		*TM_ROTANGLE 3.16835
		*TM_SCALE 1	1	1
		*TM_SCALEAXIS 0	0	0
		*TM_SCALEAXISANG 0	0	0
	}
	*TM_ANIMATION {
		*NODE_NAME  "Bip01 R Thigh"
		*CONTROL_POS_TRACK {
			*CONTROL_POS_SAMPLE 1	-1.01555	34.1454	90.5767
			*CONTROL_POS_SAMPLE 193	1.87169	35.8776	89.8524
			*CONTROL_POS_SAMPLE 385	5.18231	38.1194	89.1413
			*CONTROL_POS_SAMPLE 577	8.7282	40.5068	88.5106
			*CONTROL_POS_SAMPLE 769	12.0985	42.4632	88.015
			*CONTROL_POS_SAMPLE 961	14.349	43.0853	87.705
		}
		*CONTROL_ROT_TRACK {
			*CONTROL_ROT_SAMPLE 1	0.559191	-0.280163	-0.780265	2.70458
			*CONTROL_ROT_SAMPLE 193	0.561084	-0.320534	-0.763179	2.71675
			*CONTROL_ROT_SAMPLE 385	0.55218	-0.35741	-0.75323	2.73817
			*CONTROL_ROT_SAMPLE 577	0.542335	-0.380749	-0.748934	2.76571
			*CONTROL_ROT_SAMPLE 769	0.532161	-0.387564	-0.752728	2.79465
			*CONTROL_ROT_SAMPLE 961	0.521962	-0.384927	-0.761175	2.82921
		}
		*CONTROL_SCALE_TRACK {
			*CONTROL_SCALE_SAMPLE	1	1	1	1	0	0	0	0
		}
	}
}
*HELPEROBJECT {
	*NODE_NAME "Bip01 R Calf"
	*NODE_PARENT "Bip01 R Thigh"
	*NODE_TM {
		*NODE_NAME "Bip01 R Calf"
		*TM_ROW0 -0.0525024	0.197539	-0.978888
		*TM_ROW1 -0.0104967	-0.980295	-0.19726
		*TM_ROW2 -0.998566	-8.16062e-005	0.0535415
		*TM_ROW3 -11.1154	-9.45856	60.6878
		*TM_POS -11.1154	-9.45856	60.6878
		*TM_ROTAXIS 0.686298	0.0684898	-0.724088
		*TM_ROTANGLE 2.99744
		*TM_SCALE 1	1	1
		*TM_SCALEAXIS 0	0	0
		*TM_SCALEAXISANG 0	0	0
	}
	*TM_ANIMATION {
		*NODE_NAME  "Bip01 R Calf"
		*CONTROL_POS_TRACK {
			*CONTROL_POS_SAMPLE 1	-13.6995	35.4396	51.6958
			*CONTROL_POS_SAMPLE 193	-10.7894	34.6852	50.9607
			*CONTROL_POS_SAMPLE 385	-8.49909	34.7161	50.7288
			*CONTROL_POS_SAMPLE 577	-6.10179	35.4474	50.7116
			*CONTROL_POS_SAMPLE 769	-3.89504	36.5603	50.8176
			*CONTROL_POS_SAMPLE 961	-2.8312	36.6128	51.1368
		}
		*CONTROL_ROT_TRACK {
			*CONTROL_ROT_SAMPLE 1	0.700843	-0.0473583	-0.711742	2.10725
			*CONTROL_ROT_SAMPLE 193	0.720832	-0.0785357	-0.688646	2.11505
			*CONTROL_ROT_SAMPLE 385	0.730073	-0.108839	-0.674646	2.12277
			*CONTROL_ROT_SAMPLE 577	0.734328	-0.123579	-0.667451	2.12757
			*CONTROL_ROT_SAMPLE 769	0.73102	-0.123767	-0.671038	2.12923
			*CONTROL_ROT_SAMPLE 961	0.720641	-0.119017	-0.683016	2.13967
		}
		*CONTROL_SCALE_TRACK {
			*CONTROL_SCALE_SAMPLE	1	1	1	1	0	0	0	0
		}
	}
}
*HELPEROBJECT {
	*NODE_NAME "Bip01 R Foot"
	*NODE_PARENT "Bip01 R Calf"
	*NODE_TM {
		*NODE_NAME "Bip01 R Foot"
		*TM_ROW0 -5.86066e-007	-7.25461e-006	-1
		*TM_ROW1 -0.173652	-0.984807	7.24331e-006
		*TM_ROW2 -0.984807	0.173652	-5.91966e-007
		*TM_ROW3 -13.6935	0.24065	12.6267
		*TM_POS -13.6935	0.24065	12.6267
		*TM_ROTAXIS 0.705757	-0.0617498	-0.705757
		*TM_ROTANGLE 3.01826
		*TM_SCALE 1	1	1
		*TM_SCALEAXIS 0	0	0
		*TM_SCALEAXISANG 0	0	0
	}
	*TM_ANIMATION {
		*NODE_NAME  "Bip01 R Foot"
		*CONTROL_POS_TRACK {
			*CONTROL_POS_SAMPLE 1	-3.30956	60.6822	15.9867
			*CONTROL_POS_SAMPLE 193	1.38636	57.3037	14.0766
			*CONTROL_POS_SAMPLE 385	4.45299	55.0919	12.8162
			*CONTROL_POS_SAMPLE 577	7.19277	54.682	12.3246
			*CONTROL_POS_SAMPLE 769	9.03694	55.9181	12.3686
			*CONTROL_POS_SAMPLE 961	8.87419	56.5458	12.5888
		}
		*CONTROL_ROT_TRACK {
			*CONTROL_ROT_SAMPLE 1	0.634169	-0.187492	-0.750117	2.42902
			*CONTROL_ROT_SAMPLE 193	0.630258	-0.23353	-0.740431	2.4917
			*CONTROL_ROT_SAMPLE 385	0.626697	-0.26319	-0.733473	2.53383
			*CONTROL_ROT_SAMPLE 577	0.626064	-0.274232	-0.729959	2.54334
			*CONTROL_ROT_SAMPLE 769	0.62142	-0.274997	-0.733631	2.53249
			*CONTROL_ROT_SAMPLE 961	0.621129	-0.270074	-0.735703	2.52303
		}
		*CONTROL_SCALE_TRACK {
			*CONTROL_SCALE_SAMPLE	1	1	1	1	0	0	0	0
		}
	}
}
*HELPEROBJECT {
	*NODE_NAME "Bip01 R Toe0"
	*NODE_PARENT "Bip01 R Foot"
	*NODE_TM {
		*NODE_NAME "Bip01 R Toe0"
		*TM_ROW0 -0.173651	-0.984807	3.50312e-006
		*TM_ROW1 3.50539e-006	3.00781e-006	1
		*TM_ROW2 -0.984808	0.173651	3.01546e-006
		*TM_ROW3 -17.6255	-22.0592	3.52698e-005
		*TM_POS -17.6255	-22.0592	3.52698e-005
		*TM_ROTAXIS 0.510271	-0.608121	-0.608121
		*TM_ROTANGLE 4.08526
		*TM_SCALE 1	1	1
		*TM_SCALEAXIS 0	0	0
		*TM_SCALEAXISANG 0	0	0
	}
	*TM_ANIMATION {
		*NODE_NAME  "Bip01 R Toe0"
		*CONTROL_POS_TRACK {
			*CONTROL_POS_SAMPLE 1	-19.7761	48.5017	0.0935505
			*CONTROL_POS_SAMPLE 193	-15.7872	43.8135	0.105712
			*CONTROL_POS_SAMPLE 385	-13.1656	40.8555	0.206094
			*CONTROL_POS_SAMPLE 577	-10.6097	40.3131	0.129882
			*CONTROL_POS_SAMPLE 769	-8.98977	41.8361	0.168692
			*CONTROL_POS_SAMPLE 961	-9.12422	42.638	0.149585
		}
		*CONTROL_ROT_TRACK {
			*CONTROL_ROT_SAMPLE 1	0.305776	-0.562427	-0.76823	3.64786
			*CONTROL_ROT_SAMPLE 193	0.276155	-0.601211	-0.749856	3.68919
			*CONTROL_ROT_SAMPLE 385	0.255759	-0.626049	-0.736648	3.716
			*CONTROL_ROT_SAMPLE 577	0.248032	-0.634618	-0.731943	3.71927
			*CONTROL_ROT_SAMPLE 769	0.243654	-0.630423	-0.737021	3.71506
			*CONTROL_ROT_SAMPLE 961	0.246351	-0.625332	-0.740453	3.70978
		}
		*CONTROL_SCALE_TRACK {
			*CONTROL_SCALE_SAMPLE	1	1	1	1	0	0	0	0
		}
	}
}
