*3DSMAX_ASCIIEXPORT	110
*COMMENT "[ GothicSourcer v3.10 ] - August 2006"
*SCENE {
	*SCENE_FILENAME "HUM_BOWAUTOAIM.MAX"
	*SCENE_FIRSTFRAME 0
	*SCENE_LASTFRAME 8
	*SCENE_FRAMESPEED 1
	*SCENE_TICKSPERFRAME 4800
	*SCENE_BACKGROUND_STATIC 0	0	0
	*SCENE_AMBIENT_STATIC 0.2	0.2	0.2
}
*HELPEROBJECT {
	*NODE_NAME "Bip01"
	*NODE_TM {
		*NODE_NAME "Bip01"
		*TM_ROW0 6.27438e-006	-1	0
		*TM_ROW1 1	6.27438e-006	0
		*TM_ROW2 -0	-0	1
		*TM_ROW3 0	-7.37745	99.9496
		*TM_POS 0	-7.37745	99.9496
		*TM_ROTAXIS 0	0	1
		*TM_ROTANGLE 1.57079
		*TM_SCALE 1	1	1
		*TM_SCALEAXIS 0	0	0
		*TM_SCALEAXISANG 0	0	0
	}
}
*HELPEROBJECT {
	*NODE_NAME "Bip01 Pelvis"
	*NODE_PARENT "Bip01"
	*NODE_TM {
		*NODE_NAME "Bip01 Pelvis"
		*TM_ROW0 -5.96014e-008	1.79264e-006	1
		*TM_ROW1 -1.79264e-006	-1	1.79264e-006
		*TM_ROW2 1	-1.79264e-006	-5.96014e-008
		*TM_ROW3 1e-005	-8.0113	99.9496
		*TM_POS 1e-005	-8.0113	99.9496
		*TM_ROTAXIS 0.707107	0	0.707107
		*TM_ROTANGLE 3.1416
		*TM_SCALE 1	1	1
		*TM_SCALEAXIS 0	0	0
		*TM_SCALEAXISANG 0	0	0
	}
}
*HELPEROBJECT {
	*NODE_NAME "Bip01 Spine"
	*NODE_PARENT "Bip01 Pelvis"
	*NODE_TM {
		*NODE_NAME "Bip01 Spine"
		*TM_ROW0 6.6944e-008	-0.0205947	0.999788
		*TM_ROW1 5.48642e-006	-0.999788	-0.0205947
		*TM_ROW2 1	5.48642e-006	6.6944e-008
		*TM_ROW3 1e-005	-7.92216	102.35
		*TM_POS 1e-005	-7.92216	102.35
		*TM_ROTAXIS 0.707088	-0.00727998	0.707088
		*TM_ROTANGLE 3.12703
		*TM_SCALE 1	1	1
		*TM_SCALEAXIS 0	0	0
		*TM_SCALEAXISANG 0	0	0
	}
}
*HELPEROBJECT {
	*NODE_NAME "Bip01 Spine1"
	*NODE_PARENT "Bip01 Spine"
	*NODE_TM {
		*NODE_NAME "Bip01 Spine1"
		*TM_ROW0 6.76996e-008	-0.00276992	0.999996
		*TM_ROW1 -1.92621e-006	-0.999996	-0.00276991
		*TM_ROW2 1	-1.92621e-006	6.76996e-008
		*TM_ROW3 1e-005	-8.11442	112.175
		*TM_POS 1e-005	-8.11442	112.175
		*TM_ROTAXIS -0.707107	0.000979995	-0.707106
		*TM_ROTANGLE 3.14355
		*TM_SCALE 1	1	1
		*TM_SCALEAXIS 0	0	0
		*TM_SCALEAXISANG 0	0	0
	}
	*TM_ANIMATION {
		*NODE_NAME  "Bip01 Spine1"
		*CONTROL_POS_TRACK {
			*CONTROL_POS_SAMPLE 0	0.00177912	-8.11453	112.173
			*CONTROL_POS_SAMPLE 4800	0.00122913	-8.114	112.173
			*CONTROL_POS_SAMPLE 9600	0.00390858	-8.11508	112.173
			*CONTROL_POS_SAMPLE 14400	0.000733854	-8.11438	112.175
			*CONTROL_POS_SAMPLE 19200	0.00123647	-8.11405	112.175
			*CONTROL_POS_SAMPLE 24000	0.00290951	-8.11496	112.175
			*CONTROL_POS_SAMPLE 28800	-0.000164459	-8.11443	112.176
			*CONTROL_POS_SAMPLE 33600	0.00169116	-8.11453	112.176
			*CONTROL_POS_SAMPLE 38400	0.00363078	-8.11493	112.176
		}
		*CONTROL_ROT_TRACK {
			*CONTROL_ROT_SAMPLE 0	0.710974	-0.00979445	0.70315	3.37337
			*CONTROL_ROT_SAMPLE 4800	0.710974	-0.00979445	0.70315	3.37337
			*CONTROL_ROT_SAMPLE 9600	-0.697685	0.118817	-0.706483	2.69444
			*CONTROL_ROT_SAMPLE 14400	-0.704244	0.0558609	-0.707757	3.06353
			*CONTROL_ROT_SAMPLE 19200	-0.703727	0.0713408	-0.70688	3.03288
			*CONTROL_ROT_SAMPLE 24000	-0.699907	0.133375	-0.701671	2.91031
			*CONTROL_ROT_SAMPLE 28800	-0.69609	0.0705532	-0.71448	3.21662
			*CONTROL_ROT_SAMPLE 33600	-0.696547	0.117033	-0.707902	3.12544
			*CONTROL_ROT_SAMPLE 38400	0.693889	-0.194083	0.693434	3.3095
		}
		*CONTROL_SCALE_TRACK {
			*CONTROL_SCALE_SAMPLE	0	1	1	1	0	0	0	0
		}
	}
}
*HELPEROBJECT {
	*NODE_NAME "Bip01 Spine2"
	*NODE_PARENT "Bip01 Spine1"
	*NODE_TM {
		*NODE_NAME "Bip01 Spine2"
		*TM_ROW0 3.48622e-008	0.180243	0.983622
		*TM_ROW1 1.67638e-006	-0.983622	0.180243
		*TM_ROW2 1	1.67638e-006	3.48621e-008
		*TM_ROW3 1e-005	-8.1264	124.961
		*TM_POS 1e-005	-8.1264	124.961
		*TM_ROTAXIS 0.705652	0.0641202	0.705652
		*TM_ROTANGLE 3.26966
		*TM_SCALE 1	1	1
		*TM_SCALEAXIS 0	0	0
		*TM_SCALEAXISANG 0	0	0
	}
	*TM_ANIMATION {
		*NODE_NAME  "Bip01 Spine2"
		*CONTROL_POS_TRACK {
			*CONTROL_POS_SAMPLE 0	0.313395	-6.20186	124.811
			*CONTROL_POS_SAMPLE 4800	0.31864	-6.20166	124.812
			*CONTROL_POS_SAMPLE 9600	0.328615	-6.20841	124.814
			*CONTROL_POS_SAMPLE 14400	-0.0789556	-8.38887	124.96
			*CONTROL_POS_SAMPLE 19200	-0.0745053	-8.39061	124.961
			*CONTROL_POS_SAMPLE 24000	-0.067672	-8.39489	124.961
			*CONTROL_POS_SAMPLE 28800	-0.377026	-10.0295	124.816
			*CONTROL_POS_SAMPLE 33600	-0.368163	-10.0312	124.816
			*CONTROL_POS_SAMPLE 38400	-0.360073	-10.0365	124.814
		}
		*CONTROL_ROT_TRACK {
			*CONTROL_ROT_SAMPLE 0	-0.619173	-0.0907306	-0.779995	2.84789
			*CONTROL_ROT_SAMPLE 4800	-0.603574	0.0119869	-0.797217	2.68773
			*CONTROL_ROT_SAMPLE 9600	-0.574367	0.18119	-0.798294	2.3431
			*CONTROL_ROT_SAMPLE 14400	-0.664621	0.0625384	-0.744559	2.99227
			*CONTROL_ROT_SAMPLE 19200	-0.660169	0.126281	-0.740426	2.8733
			*CONTROL_ROT_SAMPLE 24000	-0.646777	0.235176	-0.725515	2.65962
			*CONTROL_ROT_SAMPLE 28800	0.746223	-0.0633372	0.662677	3.02781
			*CONTROL_ROT_SAMPLE 33600	0.744531	-0.18426	0.641656	3.27464
			*CONTROL_ROT_SAMPLE 38400	0.727147	-0.336981	0.598081	3.5733
		}
		*CONTROL_SCALE_TRACK {
			*CONTROL_SCALE_SAMPLE	0	1	1	1	0	0	0	0
		}
	}
}
*HELPEROBJECT {
	*NODE_NAME "Bip01 Neck"
	*NODE_PARENT "Bip01 Spine2"
	*NODE_TM {
		*NODE_NAME "Bip01 Neck"
		*TM_ROW0 6.08698e-007	-0.167043	0.98595
		*TM_ROW1 4.70132e-006	-0.98595	-0.167043
		*TM_ROW2 1	4.70132e-006	6.08698e-007
		*TM_ROW3 -2.11471e-012	-2.71656	154.454
		*TM_POS -2.11471e-012	-2.71656	154.454
		*TM_ROTAXIS -0.70586	0.05937	-0.705859
		*TM_ROTANGLE 3.2602
		*TM_SCALE 1	1	1
		*TM_SCALEAXIS 0	0	0
		*TM_SCALEAXISANG 0	0	0
	}
	*TM_ANIMATION {
		*NODE_NAME  "Bip01 Neck"
		*CONTROL_POS_TRACK {
			*CONTROL_POS_SAMPLE 0	-5.89142	3.86964	152.361
			*CONTROL_POS_SAMPLE 4800	-5.89117	3.87254	152.362
			*CONTROL_POS_SAMPLE 9600	-3.79976	5.64548	152.047
			*CONTROL_POS_SAMPLE 14400	-3.39077	-7.54184	154.751
			*CONTROL_POS_SAMPLE 19200	-3.32044	-7.41	154.754
			*CONTROL_POS_SAMPLE 24000	-2.97978	-6.9073	154.768
			*CONTROL_POS_SAMPLE 28800	3.11444	-15.1071	154.161
			*CONTROL_POS_SAMPLE 33600	3.00582	-15.665	154.073
			*CONTROL_POS_SAMPLE 38400	2.66092	-16.5481	153.928
		}
		*CONTROL_ROT_TRACK {
			*CONTROL_ROT_SAMPLE 0	-0.364041	-0.343908	-0.865564	3.45342
			*CONTROL_ROT_SAMPLE 4800	-0.454812	-0.238654	-0.858015	3.2044
			*CONTROL_ROT_SAMPLE 9600	-0.4367	0.00421875	-0.899598	3.09452
			*CONTROL_ROT_SAMPLE 14400	-0.62134	-0.0520983	-0.781807	3.78254
			*CONTROL_ROT_SAMPLE 19200	-0.608197	0.00704602	-0.793755	3.65464
			*CONTROL_ROT_SAMPLE 24000	-0.583651	0.102364	-0.805526	3.41964
			*CONTROL_ROT_SAMPLE 28800	-0.696531	0.00175029	-0.717525	4.06423
			*CONTROL_ROT_SAMPLE 33600	-0.67342	0.120401	-0.72939	3.79783
			*CONTROL_ROT_SAMPLE 38400	-0.635459	0.256233	-0.728379	3.45955
		}
		*CONTROL_SCALE_TRACK {
			*CONTROL_SCALE_SAMPLE	0	1	1	1	0	0	0	0
		}
	}
}
*HELPEROBJECT {
	*NODE_NAME "Bip01 Head"
	*NODE_PARENT "Bip01 Neck"
	*NODE_TM {
		*NODE_NAME "Bip01 Head"
		*TM_ROW0 -5.96015e-008	1.76921e-006	1
		*TM_ROW1 -1.79264e-006	-1	1.77916e-006
		*TM_ROW2 1	-1.79264e-006	-5.96014e-008
		*TM_ROW3 1.63729e-011	-3.85901	161.198
		*TM_POS 1.63729e-011	-3.85901	161.198
		*TM_ROTAXIS -0.707107	4.76653e-009	-0.707107
		*TM_ROTANGLE 3.14159
		*TM_SCALE 1	1	1
		*TM_SCALEAXIS 0	0	0
		*TM_SCALEAXISANG 0	0	0
	}
	*TM_ANIMATION {
		*NODE_NAME  "Bip01 Head"
		*CONTROL_POS_TRACK {
			*CONTROL_POS_SAMPLE 0	-10.6318	3.72468	157.289
			*CONTROL_POS_SAMPLE 4800	-9.89057	4.98762	157.796
			*CONTROL_POS_SAMPLE 9600	-8.02439	5.91037	157.418
			*CONTROL_POS_SAMPLE 14400	-4.1161	-10.34	160.948
			*CONTROL_POS_SAMPLE 19200	-4.54581	-10.1289	160.908
			*CONTROL_POS_SAMPLE 24000	-4.98679	-9.22015	160.882
			*CONTROL_POS_SAMPLE 28800	4.30644	-19.0324	159.633
			*CONTROL_POS_SAMPLE 33600	3.14586	-19.7019	159.591
			*CONTROL_POS_SAMPLE 38400	1.54892	-20.2757	159.552
		}
		*CONTROL_ROT_TRACK {
			*CONTROL_ROT_SAMPLE 0	0.345299	0.70585	0.618502	2.69691
			*CONTROL_ROT_SAMPLE 4800	-0.380424	-0.547184	-0.745565	3.4274
			*CONTROL_ROT_SAMPLE 9600	-0.402586	-0.237272	-0.884096	3.13406
			*CONTROL_ROT_SAMPLE 14400	0.433782	0.628452	0.645664	2.02941
			*CONTROL_ROT_SAMPLE 19200	-0.566961	-0.338017	-0.751199	3.89974
			*CONTROL_ROT_SAMPLE 24000	-0.627924	-0.0643321	-0.775611	3.32186
			*CONTROL_ROT_SAMPLE 28800	0.689057	0.313222	0.653523	1.46853
			*CONTROL_ROT_SAMPLE 33600	0.743634	0.141939	0.653347	1.88849
			*CONTROL_ROT_SAMPLE 38400	0.821728	-0.101318	0.5608	2.50862
		}
		*CONTROL_SCALE_TRACK {
			*CONTROL_SCALE_SAMPLE	0	1	1	1	0	0	0	0
		}
	}
}
*HELPEROBJECT {
	*NODE_NAME "ZS_HELMET"
	*NODE_PARENT "Bip01 Head"
	*NODE_TM {
		*NODE_NAME "ZS_HELMET"
		*TM_ROW0 1	5.73874e-013	4.35659e-014
		*TM_ROW1 -4.07319e-013	0.996917	-0.0784593
		*TM_ROW2 -4.76109e-014	0.0784593	0.996918
		*TM_ROW3 1e-005	-7.06248	173.704
		*TM_POS 1e-005	-7.06248	173.704
		*TM_ROTAXIS 1	5.81045e-013	-6.25288e-012
		*TM_ROTANGLE 0.078541
		*TM_SCALE 1	1	1
		*TM_SCALEAXIS 0	0	0
		*TM_SCALEAXISANG 0	0	0
	}
}
*HELPEROBJECT {
	*NODE_NAME "Bip01 L Clavicle"
	*NODE_PARENT "Bip01 Neck"
	*NODE_TM {
		*NODE_NAME "Bip01 L Clavicle"
		*TM_ROW0 0.935229	-0.203893	-0.289439
		*TM_ROW1 0.156435	0.971369	-0.178803
		*TM_ROW2 0.317608	0.121943	0.940348
		*TM_ROW3 7.96399	-1.25804	148.729
		*TM_POS 7.96399	-1.25804	148.729
		*TM_ROTAXIS 0.391939	-0.791119	0.469589
		*TM_ROTANGLE 0.39376
		*TM_SCALE 1	1	1
		*TM_SCALEAXIS 0	0	0
		*TM_SCALEAXISANG 0	0	0
	}
	*TM_ANIMATION {
		*NODE_NAME  "Bip01 L Clavicle"
		*CONTROL_POS_TRACK {
			*CONTROL_POS_SAMPLE 0	3.24324	3.50586	148.412
			*CONTROL_POS_SAMPLE 4800	3.2292	1.49647	149.147
			*CONTROL_POS_SAMPLE 9600	3.62053	-0.552512	149.655
			*CONTROL_POS_SAMPLE 14400	5.38024	-7.29155	150.038
			*CONTROL_POS_SAMPLE 19200	5.38258	-8.61194	150.062
			*CONTROL_POS_SAMPLE 24000	4.97903	-10.5973	150.052
			*CONTROL_POS_SAMPLE 28800	10.4054	-12.1998	148.031
			*CONTROL_POS_SAMPLE 33600	10.4602	-15.4453	147.472
			*CONTROL_POS_SAMPLE 38400	8.99589	-19.4462	146.81
		}
		*CONTROL_ROT_TRACK {
			*CONTROL_ROT_SAMPLE 0	0.510243	0.748287	0.423933	0.682628
			*CONTROL_ROT_SAMPLE 4800	0.406437	0.643107	0.649016	0.850889
			*CONTROL_ROT_SAMPLE 9600	0.339858	0.455597	0.822756	1.24792
			*CONTROL_ROT_SAMPLE 14400	0.0596198	0.458186	0.886855	0.500414
			*CONTROL_ROT_SAMPLE 19200	0.0528241	0.34462	0.937255	0.659794
			*CONTROL_ROT_SAMPLE 24000	0.0584306	0.232103	0.970935	0.950932
			*CONTROL_ROT_SAMPLE 28800	-0.416911	-0.685045	0.59741	0.41352
			*CONTROL_ROT_SAMPLE 33600	-0.275975	-0.442452	0.853272	0.69737
			*CONTROL_ROT_SAMPLE 38400	-0.199743	-0.306486	0.930682	1.10648
		}
		*CONTROL_SCALE_TRACK {
			*CONTROL_SCALE_SAMPLE	0	1	1	1	0	0	0	0
		}
	}
}
*HELPEROBJECT {
	*NODE_NAME "Bip01 L UpperArm"
	*NODE_PARENT "Bip01 L Clavicle"
	*NODE_TM {
		*NODE_NAME "Bip01 L UpperArm"
		*TM_ROW0 0.246229	0.0989026	-0.964152
		*TM_ROW1 0.412789	0.889345	0.196649
		*TM_ROW2 0.876913	-0.446412	0.178157
		*TM_ROW3 20.4269	-3.97508	144.872
		*TM_POS 20.4269	-3.97508	144.872
		*TM_ROTAXIS -0.325561	-0.932072	0.15891
		*TM_ROTANGLE 1.41328
		*TM_SCALE 1	1	1
		*TM_SCALEAXIS 0	0	0
		*TM_SCALEAXISANG 0	0	0
	}
	*TM_ANIMATION {
		*NODE_NAME  "Bip01 L UpperArm"
		*CONTROL_POS_TRACK {
			*CONTROL_POS_SAMPLE 0	14.3601	1.08224	155.348
			*CONTROL_POS_SAMPLE 4800	12.7649	-3.82025	156.787
			*CONTROL_POS_SAMPLE 9600	8.89912	-9.54157	157.956
			*CONTROL_POS_SAMPLE 14400	17.078	-12.9173	153.054
			*CONTROL_POS_SAMPLE 19200	15.919	-16.2171	153.015
			*CONTROL_POS_SAMPLE 24000	12.7387	-21.0531	152.885
			*CONTROL_POS_SAMPLE 28800	22.8031	-15.0781	144.083
			*CONTROL_POS_SAMPLE 33600	20.9118	-22.3678	142.953
			*CONTROL_POS_SAMPLE 38400	15.2559	-30.0846	141.79
		}
		*CONTROL_ROT_TRACK {
			*CONTROL_ROT_SAMPLE 0	0.620771	0.782332	0.050989	1.56466
			*CONTROL_ROT_SAMPLE 4800	0.450422	0.763775	0.462349	1.81899
			*CONTROL_ROT_SAMPLE 9600	0.44161	0.606392	0.661263	1.92819
			*CONTROL_ROT_SAMPLE 14400	0.559986	-0.0587395	-0.826417	0.491442
			*CONTROL_ROT_SAMPLE 19200	0.395401	-0.172868	0.902095	0.702605
			*CONTROL_ROT_SAMPLE 24000	0.165751	-0.155952	0.973759	1.48023
			*CONTROL_ROT_SAMPLE 28800	-0.354235	-0.86758	-0.349031	1.43441
			*CONTROL_ROT_SAMPLE 33600	-0.217895	-0.953507	0.208198	1.178
			*CONTROL_ROT_SAMPLE 38400	-0.197906	-0.857411	0.475058	1.40546
		}
		*CONTROL_SCALE_TRACK {
			*CONTROL_SCALE_SAMPLE	0	1	1	1	0	0	0	0
		}
	}
}
*HELPEROBJECT {
	*NODE_NAME "Bip01 L Forearm"
	*NODE_PARENT "Bip01 L UpperArm"
	*NODE_TM {
		*NODE_NAME "Bip01 L Forearm"
		*TM_ROW0 0.0455122	-0.291882	-0.955371
		*TM_ROW1 0.478489	0.845886	-0.235638
		*TM_ROW2 0.876913	-0.44641	0.17816
		*TM_ROW3 27.2982	-1.21526	117.966
		*TM_POS 27.2982	-1.21526	117.966
		*TM_ROTAXIS -0.10545	-0.916697	0.385419
		*TM_ROTANGLE 1.53601
		*TM_SCALE 1	1	1
		*TM_SCALEAXIS 0	0	0
		*TM_SCALEAXISANG 0	0	0
	}
	*TM_ANIMATION {
		*NODE_NAME  "Bip01 L Forearm"
		*CONTROL_POS_TRACK {
			*CONTROL_POS_SAMPLE 0	25.219	13.1286	178.057
			*CONTROL_POS_SAMPLE 4800	12.9619	-4.36943	184.687
			*CONTROL_POS_SAMPLE 9600	6.48231	-16.742	184.808
			*CONTROL_POS_SAMPLE 14400	42.7167	-2.14352	150.752
			*CONTROL_POS_SAMPLE 19200	38.2483	-32.9366	152.254
			*CONTROL_POS_SAMPLE 24000	15.9592	-48.7718	152.648
			*CONTROL_POS_SAMPLE 28800	29.6225	1.9814	123.078
			*CONTROL_POS_SAMPLE 33600	32.411	-24.1567	117.59
			*CONTROL_POS_SAMPLE 38400	20.7607	-39.2049	115.998
		}
		*CONTROL_ROT_TRACK {
			*CONTROL_ROT_SAMPLE 0	0.378677	0.876538	0.297127	1.65818
			*CONTROL_ROT_SAMPLE 4800	0.343387	0.777357	0.527069	1.93488
			*CONTROL_ROT_SAMPLE 9600	0.348193	0.621565	0.701725	2.09035
			*CONTROL_ROT_SAMPLE 14400	0.981352	0.0736424	-0.177551	0.279263
			*CONTROL_ROT_SAMPLE 19200	0.36901	-0.145995	0.917887	0.767086
			*CONTROL_ROT_SAMPLE 24000	0.165736	-0.155718	0.973798	1.4816
			*CONTROL_ROT_SAMPLE 28800	0.0345649	-0.986492	0.160124	1.3477
			*CONTROL_ROT_SAMPLE 33600	0.0292574	-0.858002	0.512813	1.37062
			*CONTROL_ROT_SAMPLE 38400	0.0472765	-0.74119	0.669628	1.7444
		}
		*CONTROL_SCALE_TRACK {
			*CONTROL_SCALE_SAMPLE	0	1	1	1	0	0	0	0
		}
	}
}
*HELPEROBJECT {
	*NODE_NAME "Bip01 L Hand"
	*NODE_PARENT "Bip01 L Forearm"
	*NODE_TM {
		*NODE_NAME "Bip01 L Hand"
		*TM_ROW0 0.0455132	-0.291886	-0.95537
		*TM_ROW1 -0.876533	0.44708	-0.17835
		*TM_ROW2 0.479185	0.845531	-0.2355
		*TM_ROW3 28.5642	-9.33439	91.391
		*TM_POS 28.5642	-9.33439	91.391
		*TM_ROTAXIS 0.551391	-0.772552	-0.314851
		*TM_ROTANGLE 1.95137
		*TM_SCALE 1	1	1
		*TM_SCALEAXIS 0	0	0
		*TM_SCALEAXISANG 0	0	0
	}
	*TM_ANIMATION {
		*NODE_NAME  "Bip01 L Hand"
		*CONTROL_POS_TRACK {
			*CONTROL_POS_SAMPLE 0	27.1283	14.9338	205.748
			*CONTROL_POS_SAMPLE 4800	7.50438	-8.00107	211.719
			*CONTROL_POS_SAMPLE 9600	-2.28183	-24.6768	209.986
			*CONTROL_POS_SAMPLE 14400	70.4926	-0.704522	151.129
			*CONTROL_POS_SAMPLE 19200	59.3345	-51.0772	152.074
			*CONTROL_POS_SAMPLE 24000	19.1322	-76.4053	152.422
			*CONTROL_POS_SAMPLE 28800	35.8026	-3.10101	96.4379
			*CONTROL_POS_SAMPLE 33600	37.9608	-38.6955	94.5347
			*CONTROL_POS_SAMPLE 38400	16.0277	-58.6945	96.7236
		}
		*CONTROL_ROT_TRACK {
			*CONTROL_ROT_SAMPLE 0	0.722203	0.0841567	0.686542	3.38702
			*CONTROL_ROT_SAMPLE 4800	-0.666971	0.214058	-0.713673	2.51815
			*CONTROL_ROT_SAMPLE 9600	0.673731	-0.505505	0.539029	4.03139
			*CONTROL_ROT_SAMPLE 14400	0.994601	0.0898305	0.0519575	3.15043
			*CONTROL_ROT_SAMPLE 19200	0.957556	-0.285233	0.0415793	3.16181
			*CONTROL_ROT_SAMPLE 24000	0.703621	-0.597253	0.384977	2.42464
			*CONTROL_ROT_SAMPLE 28800	0.733314	-0.291348	-0.614301	2.28588
			*CONTROL_ROT_SAMPLE 33600	0.682958	-0.649367	-0.334502	1.98058
			*CONTROL_ROT_SAMPLE 38400	0.317293	-0.947545	-0.0385074	1.79068
		}
		*CONTROL_SCALE_TRACK {
			*CONTROL_SCALE_SAMPLE	0	1	1	1	0	0	0	0
		}
	}
}
*HELPEROBJECT {
	*NODE_NAME "Bip01 L Finger0"
	*NODE_PARENT "Bip01 L Hand"
	*NODE_TM {
		*NODE_NAME "Bip01 L Finger0"
		*TM_ROW0 0.0455152	-0.291888	-0.955369
		*TM_ROW1 -0.876915	0.446405	-0.178165
		*TM_ROW2 0.478485	0.845886	-0.235643
		*TM_ROW3 29.15	-13.0909	79.0956
		*TM_POS 29.15	-13.0909	79.0956
		*TM_ROTAXIS 0.551581	-0.772311	-0.31511
		*TM_ROTANGLE 1.95181
		*TM_SCALE 1	1	1
		*TM_SCALEAXIS 0	0	0
		*TM_SCALEAXISANG 0	0	0
	}
	*TM_ANIMATION {
		*NODE_NAME  "Bip01 L Finger0"
		*CONTROL_POS_TRACK {
			*CONTROL_POS_SAMPLE 0	27.8681	18.6215	218.056
			*CONTROL_POS_SAMPLE 4800	7.4289	-5.96719	224.426
			*CONTROL_POS_SAMPLE 9600	-0.86435	-26.4289	222.657
			*CONTROL_POS_SAMPLE 14400	83.0846	1.60115	152.449
			*CONTROL_POS_SAMPLE 19200	70.0657	-58.0951	153.173
			*CONTROL_POS_SAMPLE 24000	20.6051	-89.1457	153.486
			*CONTROL_POS_SAMPLE 28800	38.8228	-1.68433	84.0084
			*CONTROL_POS_SAMPLE 33600	41.2279	-42.7286	82.7582
			*CONTROL_POS_SAMPLE 38400	14.7986	-62.9249	84.6317
		}
		*CONTROL_ROT_TRACK {
			*CONTROL_ROT_SAMPLE 0	0.72218	0.0838955	0.686598	3.38757
			*CONTROL_ROT_SAMPLE 4800	-0.666902	0.214351	-0.713649	2.51764
			*CONTROL_ROT_SAMPLE 9600	0.673631	-0.505775	0.538901	4.03191
			*CONTROL_ROT_SAMPLE 14400	0.994601	0.0898106	0.0519921	3.1512
			*CONTROL_ROT_SAMPLE 19200	0.957555	-0.28525	0.0414698	3.16255
			*CONTROL_ROT_SAMPLE 24000	0.703693	-0.59734	0.384708	2.42518
			*CONTROL_ROT_SAMPLE 28800	0.733395	-0.291075	-0.614334	2.28644
			*CONTROL_ROT_SAMPLE 33600	0.683092	-0.649126	-0.334694	1.98111
			*CONTROL_ROT_SAMPLE 38400	0.31757	-0.947438	-0.038868	1.79092
		}
		*CONTROL_SCALE_TRACK {
			*CONTROL_SCALE_SAMPLE	0	1	1	1	0	0	0	0
		}
	}
}
*HELPEROBJECT {
	*NODE_NAME "ZS_LEFTHAND"
	*NODE_PARENT "Bip01 L Hand"
	*NODE_TM {
		*NODE_NAME "ZS_LEFTHAND"
		*TM_ROW0 0.435606	0.890062	-0.134303
		*TM_ROW1 0.180312	-0.232461	-0.955745
		*TM_ROW2 -0.881893	0.392112	-0.261751
		*TM_ROW3 26.7605	-11.5468	82.7857
		*TM_POS 26.7605	-11.5468	82.7857
		*TM_ROTAXIS 0.794322	0.440571	-0.418271
		*TM_ROTANGLE 2.12858
		*TM_SCALE 1	1	1
		*TM_SCALEAXIS 0	0	0
		*TM_SCALEAXISANG 0	0	0
	}
	*TM_ANIMATION {
		*NODE_NAME  "ZS_LEFTHAND"
		*CONTROL_POS_TRACK {
			*CONTROL_POS_SAMPLE 0	31.5286	14.5953	214.13
			*CONTROL_POS_SAMPLE 4800	8.73528	-11.2677	220.525
			*CONTROL_POS_SAMPLE 9600	-3.04795	-30.2604	217.6
			*CONTROL_POS_SAMPLE 14400	79.3641	-1.73802	147.974
			*CONTROL_POS_SAMPLE 19200	65.0584	-57.8359	148.715
			*CONTROL_POS_SAMPLE 24000	22.3611	-84.581	148.892
			*CONTROL_POS_SAMPLE 28800	33.5069	-0.0588511	87.766
			*CONTROL_POS_SAMPLE 33600	38.8007	-36.9924	85.2547
			*CONTROL_POS_SAMPLE 38400	17.9164	-57.7169	87.4926
		}
		*CONTROL_ROT_TRACK {
			*CONTROL_ROT_SAMPLE 0	-0.985703	-0.0352569	0.164763	1.19935
			*CONTROL_ROT_SAMPLE 4800	-0.835217	0.349482	0.424588	1.54315
			*CONTROL_ROT_SAMPLE 9600	-0.641737	0.393652	0.658188	2.0389
			*CONTROL_ROT_SAMPLE 14400	-0.503201	-0.672304	0.542952	1.91476
			*CONTROL_ROT_SAMPLE 19200	0.633079	0.394353	-0.666106	3.88199
			*CONTROL_ROT_SAMPLE 24000	0.956038	0.110929	-0.271452	3.3139
			*CONTROL_ROT_SAMPLE 28800	0.373518	0.770549	-0.516468	2.56321
			*CONTROL_ROT_SAMPLE 33600	0.732382	0.533576	-0.422982	2.35537
			*CONTROL_ROT_SAMPLE 38400	0.963049	0.17352	-0.205981	1.98976
		}
		*CONTROL_SCALE_TRACK {
			*CONTROL_SCALE_SAMPLE	0	1	1	1	0	0	0	0
		}
	}
}
*HELPEROBJECT {
	*NODE_NAME "ZS_LEFTARM"
	*NODE_PARENT "Bip01 L Forearm"
	*NODE_TM {
		*NODE_NAME "ZS_LEFTARM"
		*TM_ROW0 0.0759923	-0.150176	-0.985735
		*TM_ROW1 0.524499	0.846792	-0.0885736
		*TM_ROW2 0.848013	-0.510285	0.143117
		*TM_ROW3 26.9101	-7.67833	110.055
		*TM_POS 26.9101	-7.67833	110.055
		*TM_ROTAXIS -0.21097	-0.917372	0.337521
		*TM_ROTANGLE 1.53784
		*TM_SCALE 1	1	1
		*TM_SCALEAXIS 0	0	0
		*TM_SCALEAXISANG 0	0	0
	}
}
*HELPEROBJECT {
	*NODE_NAME "Bip01 R Clavicle"
	*NODE_PARENT "Bip01 Neck"
	*NODE_TM {
		*NODE_NAME "Bip01 R Clavicle"
		*TM_ROW0 -0.935227	-0.203899	-0.28944
		*TM_ROW1 -0.156442	0.971369	-0.178799
		*TM_ROW2 0.317609	-0.121937	-0.940349
		*TM_ROW3 -7.96398	-1.25806	148.729
		*TM_POS -7.96398	-1.25806	148.729
		*TM_ROTAXIS -0.0929799	0.992639	-0.0775999
		*TM_ROTANGLE 3.45235
		*TM_SCALE 1	1	1
		*TM_SCALEAXIS 0	0	0
		*TM_SCALEAXISANG 0	0	0
	}
	*TM_ANIMATION {
		*NODE_NAME  "Bip01 R Clavicle"
		*CONTROL_POS_TRACK {
			*CONTROL_POS_SAMPLE 0	-12.2305	4.15637	144.693
			*CONTROL_POS_SAMPLE 4800	-11.2386	6.00042	144.241
			*CONTROL_POS_SAMPLE 9600	-6.71082	9.91291	143.537
			*CONTROL_POS_SAMPLE 14400	-10.1477	-4.24122	148.228
			*CONTROL_POS_SAMPLE 19200	-9.37752	-2.89802	148.268
			*CONTROL_POS_SAMPLE 24000	-7.38096	-0.695556	148.353
			*CONTROL_POS_SAMPLE 28800	-5.41171	-12.2158	149.912
			*CONTROL_POS_SAMPLE 33600	-4.30167	-10.1225	150.202
			*CONTROL_POS_SAMPLE 38400	-1.97622	-8.47355	150.405
		}
		*CONTROL_ROT_TRACK {
			*CONTROL_ROT_SAMPLE 0	-0.110923	0.976705	-0.183695	3.30106
			*CONTROL_ROT_SAMPLE 4800	0.017397	0.985186	-0.170605	3.34753
			*CONTROL_ROT_SAMPLE 9600	0.25256	0.951098	-0.177839	3.37062
			*CONTROL_ROT_SAMPLE 14400	-0.0582679	0.998129	-0.0185352	3.23919
			*CONTROL_ROT_SAMPLE 19200	0.0288883	0.999463	-0.0154863	3.23956
			*CONTROL_ROT_SAMPLE 24000	0.180526	0.983449	-0.0154557	3.23479
			*CONTROL_ROT_SAMPLE 28800	-0.15047	0.984379	0.091412	3.04052
			*CONTROL_ROT_SAMPLE 33600	0.022746	0.995438	0.0926632	3.01257
			*CONTROL_ROT_SAMPLE 38400	0.237864	0.96665	0.0949114	2.97918
		}
		*CONTROL_SCALE_TRACK {
			*CONTROL_SCALE_SAMPLE	0	1	1	1	0	0	0	0
		}
	}
}
*HELPEROBJECT {
	*NODE_NAME "Bip01 R UpperArm"
	*NODE_PARENT "Bip01 R Clavicle"
	*NODE_TM {
		*NODE_NAME "Bip01 R UpperArm"
		*TM_ROW0 -0.246232	0.0988932	-0.964153
		*TM_ROW1 -0.412793	0.889345	0.196642
		*TM_ROW2 0.876911	0.446415	-0.178163
		*TM_ROW3 -20.4269	-3.97513	144.872
		*TM_POS -20.4269	-3.97513	144.872
		*TM_ROTAXIS 0.12961	-0.955353	-0.265521
		*TM_ROTANGLE 1.84162
		*TM_SCALE 1	1	1
		*TM_SCALEAXIS 0	0	0
		*TM_SCALEAXISANG 0	0	0
	}
	*TM_ANIMATION {
		*NODE_NAME  "Bip01 R UpperArm"
		*CONTROL_POS_TRACK {
			*CONTROL_POS_SAMPLE 0	-25.0611	0.898622	143.166
			*CONTROL_POS_SAMPLE 4800	-24.275	5.98715	141.478
			*CONTROL_POS_SAMPLE 9600	-18.0109	15.6929	139.479
			*CONTROL_POS_SAMPLE 14400	-23.32	-5.81182	146.961
			*CONTROL_POS_SAMPLE 19200	-22.6172	-2.15111	146.954
			*CONTROL_POS_SAMPLE 24000	-19.7821	4.00594	147.06
			*CONTROL_POS_SAMPLE 28800	-18.0675	-16.2764	150.87
			*CONTROL_POS_SAMPLE 33600	-17.5031	-9.68061	151.965
			*CONTROL_POS_SAMPLE 38400	-13.6286	-2.59141	153.086
		}
		*CONTROL_ROT_TRACK {
			*CONTROL_ROT_SAMPLE 0	0.778558	-0.621837	0.0846535	3.06986
			*CONTROL_ROT_SAMPLE 4800	-0.453651	0.877582	-0.155082	3.00815
			*CONTROL_ROT_SAMPLE 9600	-0.111112	0.926273	-0.360101	3.36026
			*CONTROL_ROT_SAMPLE 14400	0.815553	-0.527115	0.238794	2.82973
			*CONTROL_ROT_SAMPLE 19200	0.74552	-0.602327	0.285311	2.88511
			*CONTROL_ROT_SAMPLE 24000	-0.505901	0.844553	-0.175485	3.35536
			*CONTROL_ROT_SAMPLE 28800	0.9446	-0.323378	0.0561921	2.52592
			*CONTROL_ROT_SAMPLE 33600	-0.672714	0.739729	-0.0160441	3.38986
			*CONTROL_ROT_SAMPLE 38400	-0.537352	0.840478	-0.0696472	3.26836
		}
		*CONTROL_SCALE_TRACK {
			*CONTROL_SCALE_SAMPLE	0	1	1	1	0	0	0	0
		}
	}
}
*HELPEROBJECT {
	*NODE_NAME "Bip01 R Forearm"
	*NODE_PARENT "Bip01 R UpperArm"
	*NODE_TM {
		*NODE_NAME "Bip01 R Forearm"
		*TM_ROW0 -0.0455087	-0.291889	-0.955369
		*TM_ROW1 -0.478487	0.845885	-0.235646
		*TM_ROW2 0.876915	0.446408	-0.17816
		*TM_ROW3 -27.2982	-1.21534	117.966
		*TM_POS -27.2982	-1.21534	117.966
		*TM_ROTAXIS 0.347279	-0.932937	-0.0950097
		*TM_ROTANGLE 1.76083
		*TM_SCALE 1	1	1
		*TM_SCALEAXIS 0	0	0
		*TM_SCALEAXISANG 0	0	0
	}
	*TM_ANIMATION {
		*NODE_NAME  "Bip01 R Forearm"
		*CONTROL_POS_TRACK {
			*CONTROL_POS_SAMPLE 0	-19.1083	-26.2563	145.596
			*CONTROL_POS_SAMPLE 4800	-40.4971	-15.5576	148.646
			*CONTROL_POS_SAMPLE 9600	-44.5711	7.83731	136.079
			*CONTROL_POS_SAMPLE 14400	-13.6534	-31.2703	153.055
			*CONTROL_POS_SAMPLE 19200	-19.0973	-28.8225	154.368
			*CONTROL_POS_SAMPLE 24000	-32.931	-20.6081	146.96
			*CONTROL_POS_SAMPLE 28800	4.37763	-32.6651	148.349
			*CONTROL_POS_SAMPLE 33600	-19.6832	-37.138	147.486
			*CONTROL_POS_SAMPLE 38400	-25.259	-27.9423	152.202
		}
		*CONTROL_ROT_TRACK {
			*CONTROL_ROT_SAMPLE 0	0.960463	0.267054	0.0786986	3.23678
			*CONTROL_ROT_SAMPLE 4800	0.998909	0.04653	0.00405447	3.48009
			*CONTROL_ROT_SAMPLE 9600	0.93778	-0.247126	0.243921	3.73555
			*CONTROL_ROT_SAMPLE 14400	0.91316	0.305707	0.269595	3.31662
			*CONTROL_ROT_SAMPLE 19200	0.939066	0.198734	0.280463	3.42023
			*CONTROL_ROT_SAMPLE 24000	0.978851	0.113544	0.170172	3.37232
			*CONTROL_ROT_SAMPLE 28800	0.975054	0.120303	0.186539	2.63815
			*CONTROL_ROT_SAMPLE 33600	0.992563	0.0587981	0.106593	3.0108
			*CONTROL_ROT_SAMPLE 38400	0.98568	-0.140426	0.0933549	3.16437
		}
		*CONTROL_SCALE_TRACK {
			*CONTROL_SCALE_SAMPLE	0	1	1	1	0	0	0	0
		}
	}
}
*HELPEROBJECT {
	*NODE_NAME "Bip01 R Hand"
	*NODE_PARENT "Bip01 R Forearm"
	*NODE_TM {
		*NODE_NAME "Bip01 R Hand"
		*TM_ROW0 -0.0455115	-0.291885	-0.95537
		*TM_ROW1 0.87653	0.447088	-0.17835
		*TM_ROW2 0.479192	-0.845527	0.235499
		*TM_ROW3 -28.5642	-9.33445	91.3911
		*TM_POS -28.5642	-9.33445	91.3911
		*TM_ROTAXIS -0.33922	-0.72939	0.59407
		*TM_ROTANGLE 1.75327
		*TM_SCALE 1	1	1
		*TM_SCALEAXIS 0	0	0
		*TM_SCALEAXISANG 0	0	0
	}
	*TM_ANIMATION {
		*NODE_NAME  "Bip01 R Hand"
		*CONTROL_POS_TRACK {
			*CONTROL_POS_SAMPLE 0	4.40491	-11.8114	149.086
			*CONTROL_POS_SAMPLE 4800	-12.7988	-13.0071	148.436
			*CONTROL_POS_SAMPLE 9600	-22.8882	-0.153414	151.562
			*CONTROL_POS_SAMPLE 14400	4.99023	-14.5529	165.165
			*CONTROL_POS_SAMPLE 19200	2.27199	-16.494	167.218
			*CONTROL_POS_SAMPLE 24000	-7.41275	-13.4237	155.382
			*CONTROL_POS_SAMPLE 28800	29.6226	-29.0474	159.455
			*CONTROL_POS_SAMPLE 33600	7.31136	-34.2918	153.56
			*CONTROL_POS_SAMPLE 38400	0.975651	-35.5817	157.41
		}
		*CONTROL_ROT_TRACK {
			*CONTROL_ROT_SAMPLE 0	0.74996	0.474025	0.461368	2.49446
			*CONTROL_ROT_SAMPLE 4800	0.758663	0.202883	0.619087	2.84633
			*CONTROL_ROT_SAMPLE 9600	0.783296	-0.12711	0.608515	3.03719
			*CONTROL_ROT_SAMPLE 14400	0.985796	0.116253	-0.121205	1.92901
			*CONTROL_ROT_SAMPLE 19200	0.955052	-0.260997	0.140559	1.91142
			*CONTROL_ROT_SAMPLE 24000	0.511912	-0.307422	0.802146	1.53181
			*CONTROL_ROT_SAMPLE 28800	0.365323	-0.760712	-0.536523	1.46283
			*CONTROL_ROT_SAMPLE 33600	0.196043	-0.97846	0.0646688	1.20919
			*CONTROL_ROT_SAMPLE 38400	-0.248433	-0.800448	0.545494	1.54819
		}
		*CONTROL_SCALE_TRACK {
			*CONTROL_SCALE_SAMPLE	0	1	1	1	0	0	0	0
		}
	}
}
*HELPEROBJECT {
	*NODE_NAME "Bip01 R Finger0"
	*NODE_PARENT "Bip01 R Hand"
	*NODE_TM {
		*NODE_NAME "Bip01 R Finger0"
		*TM_ROW0 -0.0455056	-0.291877	-0.955373
		*TM_ROW1 0.876914	0.446413	-0.178152
		*TM_ROW2 0.478489	-0.845886	0.235636
		*TM_ROW3 -29.1499	-13.0909	79.0956
		*TM_POS -29.1499	-13.0909	79.0956
		*TM_ROTAXIS -0.33952	-0.729071	0.594291
		*TM_ROTANGLE 1.75354
		*TM_SCALE 1	1	1
		*TM_SCALEAXIS 0	0	0
		*TM_SCALEAXISANG 0	0	0
	}
	*TM_ANIMATION {
		*NODE_NAME  "Bip01 R Finger0"
		*CONTROL_POS_TRACK {
			*CONTROL_POS_SAMPLE 0	7.15055	-7.16598	160.769
			*CONTROL_POS_SAMPLE 4800	-10.6182	-11.4492	161.023
			*CONTROL_POS_SAMPLE 9600	-19.939	-3.52457	163.626
			*CONTROL_POS_SAMPLE 14400	17.3693	-11.1003	164.49
			*CONTROL_POS_SAMPLE 19200	13.6324	-22.4788	166.357
			*CONTROL_POS_SAMPLE 24000	-3.67106	-25.6856	156.507
			*CONTROL_POS_SAMPLE 28800	32.5419	-25.3742	147.471
			*CONTROL_POS_SAMPLE 33600	12.1839	-36.6657	141.887
			*CONTROL_POS_SAMPLE 38400	2.04175	-40.0988	145.407
		}
		*CONTROL_ROT_TRACK {
			*CONTROL_ROT_SAMPLE 0	0.749903	0.474248	0.46123	2.49389
			*CONTROL_ROT_SAMPLE 4800	0.758639	0.20313	0.619036	2.84575
			*CONTROL_ROT_SAMPLE 9600	0.783288	-0.126878	0.608574	3.03659
			*CONTROL_ROT_SAMPLE 14400	0.985789	0.116237	-0.121281	1.92825
			*CONTROL_ROT_SAMPLE 19200	0.955028	-0.261011	0.140696	1.91068
			*CONTROL_ROT_SAMPLE 24000	0.511617	-0.307177	0.802428	1.53142
			*CONTROL_ROT_SAMPLE 28800	0.364952	-0.761037	-0.536314	1.46255
			*CONTROL_ROT_SAMPLE 33600	0.195508	-0.978542	0.0650522	1.20904
			*CONTROL_ROT_SAMPLE 38400	-0.248802	-0.80016	0.545748	1.54838
		}
		*CONTROL_SCALE_TRACK {
			*CONTROL_SCALE_SAMPLE	0	1	1	1	0	0	0	0
		}
	}
}
*HELPEROBJECT {
	*NODE_NAME "ZS_RIGHTHAND"
	*NODE_PARENT "Bip01 R Hand"
	*NODE_TM {
		*NODE_NAME "ZS_RIGHTHAND"
		*TM_ROW0 -0.464344	0.856417	-0.225687
		*TM_ROW1 0.177861	0.339806	0.923525
		*TM_ROW2 0.867612	0.388692	-0.31011
		*TM_ROW3 -20.9389	-19.9852	85.8932
		*TM_POS -20.9389	-19.9852	85.8932
		*TM_ROTAXIS 0.383811	0.784581	0.486951
		*TM_ROTANGLE 3.91244
		*TM_SCALE 1	1	1
		*TM_SCALEAXIS 0	0	0
		*TM_SCALEAXISANG 0	0	0
	}
	*TM_ANIMATION {
		*NODE_NAME  "ZS_RIGHTHAND"
		*CONTROL_POS_TRACK {
			*CONTROL_POS_SAMPLE 0	12.3151	1.57917	184.58
			*CONTROL_POS_SAMPLE 4800	-6.93431	-8.57333	186.485
			*CONTROL_POS_SAMPLE 9600	-14.7207	-10.1433	188.103
			*CONTROL_POS_SAMPLE 14400	42.4588	-4.80375	163.485
			*CONTROL_POS_SAMPLE 19200	36.1758	-35.1275	164.963
			*CONTROL_POS_SAMPLE 24000	3.25337	-50.5606	158.356
			*CONTROL_POS_SAMPLE 28800	38.0585	-18.6067	123.102
			*CONTROL_POS_SAMPLE 33600	21.2908	-41.6537	118.174
			*CONTROL_POS_SAMPLE 38400	3.60247	-48.7422	121.056
		}
		*CONTROL_ROT_TRACK {
			*CONTROL_ROT_SAMPLE 0	0.613252	-0.470215	-0.634681	2.75051
			*CONTROL_ROT_SAMPLE 4800	-0.5304	0.649155	0.545228	4.10914
			*CONTROL_ROT_SAMPLE 9600	0.230021	-0.825756	-0.514992	1.81568
			*CONTROL_ROT_SAMPLE 14400	0.0311712	-0.449165	-0.892905	3.35606
			*CONTROL_ROT_SAMPLE 19200	-0.144124	-0.425474	-0.89342	2.68382
			*CONTROL_ROT_SAMPLE 24000	0.0755956	0.0492054	-0.995924	1.83818
			*CONTROL_ROT_SAMPLE 28800	-0.63425	0.122411	-0.763376	3.26693
			*CONTROL_ROT_SAMPLE 33600	-0.516969	0.299774	-0.801797	2.52017
			*CONTROL_ROT_SAMPLE 38400	-0.417038	0.619683	-0.664885	1.84751
		}
		*CONTROL_SCALE_TRACK {
			*CONTROL_SCALE_SAMPLE	0	1	1	1	0	0	0	0
		}
	}
}
*HELPEROBJECT {
	*NODE_NAME "ZS_CROSSBOW"
	*NODE_PARENT "Bip01 Spine2"
	*NODE_TM {
		*NODE_NAME "ZS_CROSSBOW"
		*TM_ROW0 -0.382687	-0.111464	0.91713
		*TM_ROW1 -0.923878	0.0461715	-0.379891
		*TM_ROW2 -1.2517e-006	-0.992695	-0.120648
		*TM_ROW3 -14.434	10.5915	165.98
		*TM_POS -14.434	10.5915	165.98
		*TM_ROTAXIS -0.447329	0.669479	-0.593039
		*TM_ROTANGLE 2.38705
		*TM_SCALE 1	1	1
		*TM_SCALEAXIS 0	0	0
		*TM_SCALEAXISANG 0	0	0
	}
}
*HELPEROBJECT {
	*NODE_NAME "ZS_LONGSWORD"
	*NODE_PARENT "Bip01 Spine2"
	*NODE_TM {
		*NODE_NAME "ZS_LONGSWORD"
		*TM_ROW0 -0.499829	-0.0915011	0.861277
		*TM_ROW1 -0.865729	0.0828188	-0.493614
		*TM_ROW2 -0.0261636	-0.992355	-0.12061
		*TM_ROW3 -18.1593	6.92629	157.64
		*TM_POS -18.1593	6.92629	157.64
		*TM_ROTAXIS -0.38996	0.69388	-0.60536
		*TM_ROTANGLE 2.44778
		*TM_SCALE 1	1	1
		*TM_SCALEAXIS 0	0	0
		*TM_SCALEAXISANG 0	0	0
	}
}
*HELPEROBJECT {
	*NODE_NAME "ZS_SHIELD"
	*NODE_PARENT "Bip01 Spine2"
	*NODE_TM {
		*NODE_NAME "ZS_SHIELD"
		*TM_ROW0 -0.0138681	0.114196	-0.993362
		*TM_ROW1 -0.908393	0.413755	0.0602465
		*TM_ROW2 0.417888	0.903198	0.0979964
		*TM_ROW3 8.76511	9.5282	131.875
		*TM_POS 8.76511	9.5282	131.875
		*TM_ROTAXIS 0.435421	-0.728972	-0.528212
		*TM_ROTANGLE 1.82457
		*TM_SCALE 1	1	1
		*TM_SCALEAXIS 0	0	0
		*TM_SCALEAXISANG 0	0	0
	}
}
*HELPEROBJECT {
	*NODE_NAME "ZS_BOW"
	*NODE_PARENT "Bip01 Spine2"
	*NODE_TM {
		*NODE_NAME "ZS_BOW"
		*TM_ROW0 -0.341816	-0.0868229	0.935748
		*TM_ROW1 0.0119438	0.995242	0.0967059
		*TM_ROW2 -0.939691	0.044232	-0.339153
		*TM_ROW3 0.5012	12.4143	124.55
		*TM_POS 0.5012	12.4143	124.55
		*TM_ROTAXIS -0.0279299	0.998227	0.0525698
		*TM_ROTANGLE 1.92076
		*TM_SCALE 1	1	1
		*TM_SCALEAXIS 0	0	0
		*TM_SCALEAXISANG 0	0	0
	}
	*TM_ANIMATION {
		*NODE_NAME  "ZS_BOW"
		*CONTROL_POS_TRACK {
			*CONTROL_POS_SAMPLE 0	4.40268	13.6568	120.862
			*CONTROL_POS_SAMPLE 4800	4.40104	13.6581	120.861
			*CONTROL_POS_SAMPLE 9600	10.2992	11.4864	121.044
			*CONTROL_POS_SAMPLE 14400	3.18029	12.0049	124.584
			*CONTROL_POS_SAMPLE 19200	4.06681	11.843	124.588
			*CONTROL_POS_SAMPLE 24000	7.52031	10.8144	124.587
			*CONTROL_POS_SAMPLE 28800	1.0683	10.4471	127.116
			*CONTROL_POS_SAMPLE 33600	3.74554	10.0776	127.14
			*CONTROL_POS_SAMPLE 38400	8.02815	8.70758	127.058
		}
		*CONTROL_ROT_TRACK {
			*CONTROL_ROT_SAMPLE 0	0.159662	0.986817	-0.02647	1.91903
			*CONTROL_ROT_SAMPLE 4800	0.159433	0.986847	-0.0267386	1.91885
			*CONTROL_ROT_SAMPLE 9600	0.303547	0.949666	0.0774192	1.97237
			*CONTROL_ROT_SAMPLE 14400	0.0763357	0.996108	0.0440641	1.92582
			*CONTROL_ROT_SAMPLE 19200	0.0986166	0.993304	0.0601743	1.92728
			*CONTROL_ROT_SAMPLE 24000	0.183778	0.975577	0.120313	1.93893
			*CONTROL_ROT_SAMPLE 28800	-0.0106224	0.996817	0.079016	1.94701
			*CONTROL_ROT_SAMPLE 33600	0.0524144	0.990867	0.12424	1.9405
			*CONTROL_ROT_SAMPLE 38400	0.158629	0.966966	0.199534	1.94257
		}
		*CONTROL_SCALE_TRACK {
			*CONTROL_SCALE_SAMPLE	0	1	1	1	0	0	0	0
		}
	}
}
*HELPEROBJECT {
	*NODE_NAME "ZS_SWORD"
	*NODE_PARENT "Bip01 Spine"
	*NODE_TM {
		*NODE_NAME "ZS_SWORD"
		*TM_ROW0 5.79068e-007	-0.347172	0.937802
		*TM_ROW1 1.04308e-007	0.937802	0.347172
		*TM_ROW2 -1	-1.04308e-007	5.79068e-007
		*TM_ROW3 17.5015	-4.36211	106.367
		*TM_POS 17.5015	-4.36211	106.367
		*TM_ROTAXIS -0.17367	0.96937	0.17367
		*TM_ROTANGLE 1.6019
		*TM_SCALE 1	1	1
		*TM_SCALEAXIS 0	0	0
		*TM_SCALEAXISANG 0	0	0
	}
}
*HELPEROBJECT {
	*NODE_NAME "Bip01 L Thigh"
	*NODE_PARENT "Bip01 Pelvis"
	*NODE_TM {
		*NODE_NAME "Bip01 L Thigh"
		*TM_ROW0 0.0534879	-0.0367886	-0.997891
		*TM_ROW1 -0.00216181	-0.999323	0.0367256
		*TM_ROW2 -0.998566	0.000192882	-0.0535313
		*TM_ROW3 9.01023	-8.01129	99.9496
		*TM_POS 9.01023	-8.01129	99.9496
		*TM_ROTAXIS 0.72572	-0.01342	-0.68786
		*TM_ROTANGLE 3.16677
		*TM_SCALE 1	1	1
		*TM_SCALEAXIS 0	0	0
		*TM_SCALEAXISANG 0	0	0
	}
}
*HELPEROBJECT {
	*NODE_NAME "Bip01 L Calf"
	*NODE_PARENT "Bip01 L Thigh"
	*NODE_TM {
		*NODE_NAME "Bip01 L Calf"
		*TM_ROW0 0.0525131	0.197552	-0.978885
		*TM_ROW1 0.0103904	-0.980292	-0.197278
		*TM_ROW2 -0.998566	0.000188708	-0.0535307
		*TM_ROW3 11.1149	-9.45845	60.6877
		*TM_POS 11.1149	-9.45845	60.6877
		*TM_ROTAXIS 0.723901	0.0721501	-0.686121
		*TM_ROTANGLE 3.00478
		*TM_SCALE 1	1	1
		*TM_SCALEAXIS 0	0	0
		*TM_SCALEAXISANG 0	0	0
	}
}
*HELPEROBJECT {
	*NODE_NAME "Bip01 L Foot"
	*NODE_PARENT "Bip01 L Calf"
	*NODE_TM {
		*NODE_NAME "Bip01 L Foot"
		*TM_ROW0 -6.00563e-007	7.23674e-006	-1
		*TM_ROW1 0.173652	-0.984807	-7.2672e-006
		*TM_ROW2 -0.984807	-0.173652	-5.93313e-007
		*TM_ROW3 13.6935	0.240668	12.6267
		*TM_POS 13.6935	0.240668	12.6267
		*TM_ROTAXIS 0.705757	0.0617498	-0.705757
		*TM_ROTANGLE 3.26493
		*TM_SCALE 1	1	1
		*TM_SCALEAXIS 0	0	0
		*TM_SCALEAXISANG 0	0	0
	}
}
*HELPEROBJECT {
	*NODE_NAME "Bip01 L Toe0"
	*NODE_PARENT "Bip01 L Foot"
	*NODE_TM {
		*NODE_NAME "Bip01 L Toe0"
		*TM_ROW0 0.173646	-0.984808	5.05606e-006
		*TM_ROW1 5.06961e-006	5.93591e-006	1
		*TM_ROW2 -0.984808	-0.173646	5.91983e-006
		*TM_ROW3 17.6256	-22.0591	-2.43328e-006
		*TM_POS 17.6256	-22.0591	-2.43328e-006
		*TM_ROTAXIS -0.644398	0.540718	0.540718
		*TM_ROTANGLE 1.99673
		*TM_SCALE 1	1	1
		*TM_SCALEAXIS 0	0	0
		*TM_SCALEAXISANG 0	0	0
	}
}
*HELPEROBJECT {
	*NODE_NAME "Bip01 R Thigh"
	*NODE_PARENT "Bip01 Pelvis"
	*NODE_TM {
		*NODE_NAME "Bip01 R Thigh"
		*TM_ROW0 -0.0535034	-0.0367749	-0.99789
		*TM_ROW1 0.00205776	-0.999324	0.0367174
		*TM_ROW2 -0.998566	-8.89041e-005	0.0535432
		*TM_ROW3 -9.01021	-8.01132	99.9496
		*TM_POS -9.01021	-8.01132	99.9496
		*TM_ROTAXIS 0.687862	-0.01262	-0.725732
		*TM_ROTANGLE 3.16835
		*TM_SCALE 1	1	1
		*TM_SCALEAXIS 0	0	0
		*TM_SCALEAXISANG 0	0	0
	}
}
*HELPEROBJECT {
	*NODE_NAME "Bip01 R Calf"
	*NODE_PARENT "Bip01 R Thigh"
	*NODE_TM {
		*NODE_NAME "Bip01 R Calf"
		*TM_ROW0 -0.0525024	0.197539	-0.978888
		*TM_ROW1 -0.0104967	-0.980295	-0.19726
		*TM_ROW2 -0.998566	-8.16062e-005	0.0535415
		*TM_ROW3 -11.1154	-9.45856	60.6878
		*TM_POS -11.1154	-9.45856	60.6878
		*TM_ROTAXIS 0.686298	0.0684898	-0.724088
		*TM_ROTANGLE 2.99744
		*TM_SCALE 1	1	1
		*TM_SCALEAXIS 0	0	0
		*TM_SCALEAXISANG 0	0	0
	}
}
*HELPEROBJECT {
	*NODE_NAME "Bip01 R Foot"
	*NODE_PARENT "Bip01 R Calf"
	*NODE_TM {
		*NODE_NAME "Bip01 R Foot"
		*TM_ROW0 -5.86066e-007	-7.25461e-006	-1
		*TM_ROW1 -0.173652	-0.984807	7.24331e-006
		*TM_ROW2 -0.984807	0.173652	-5.91966e-007
		*TM_ROW3 -13.6935	0.24065	12.6267
		*TM_POS -13.6935	0.24065	12.6267
		*TM_ROTAXIS 0.705757	-0.0617498	-0.705757
		*TM_ROTANGLE 3.01826
		*TM_SCALE 1	1	1
		*TM_SCALEAXIS 0	0	0
		*TM_SCALEAXISANG 0	0	0
	}
}
*HELPEROBJECT {
	*NODE_NAME "Bip01 R Toe0"
	*NODE_PARENT "Bip01 R Foot"
	*NODE_TM {
		*NODE_NAME "Bip01 R Toe0"
		*TM_ROW0 -0.173651	-0.984807	3.50312e-006
		*TM_ROW1 3.50539e-006	3.00781e-006	1
		*TM_ROW2 -0.984808	0.173651	3.01546e-006
		*TM_ROW3 -17.6255	-22.0592	3.52698e-005
		*TM_POS -17.6255	-22.0592	3.52698e-005
		*TM_ROTAXIS 0.510271	-0.608121	-0.608121
		*TM_ROTANGLE 4.08526
		*TM_SCALE 1	1	1
		*TM_SCALEAXIS 0	0	0
		*TM_SCALEAXISANG 0	0	0
	}
}
