*3DSMAX_ASCIIEXPORT	110
*COMMENT "[ GothicSourcer v3.10 ] - August 2006"
*SCENE {
	*SCENE_FILENAME "HUM_CBOWAUTOAIM.MAX"
	*SCENE_FIRSTFRAME 0
	*SCENE_LASTFRAME 8
	*SCENE_FRAMESPEED 1
	*SCENE_TICKSPERFRAME 4800
	*SCENE_BACKGROUND_STATIC 0	0	0
	*SCENE_AMBIENT_STATIC 0.2	0.2	0.2
}
*HELPEROBJECT {
	*NODE_NAME "Bip01"
	*NODE_TM {
		*NODE_NAME "Bip01"
		*TM_ROW0 6.27438e-006	-1	0
		*TM_ROW1 1	6.27438e-006	0
		*TM_ROW2 -0	-0	1
		*TM_ROW3 0	-7.37745	99.9496
		*TM_POS 0	-7.37745	99.9496
		*TM_ROTAXIS 0	0	1
		*TM_ROTANGLE 1.57079
		*TM_SCALE 1	1	1
		*TM_SCALEAXIS 0	0	0
		*TM_SCALEAXISANG 0	0	0
	}
}
*HELPEROBJECT {
	*NODE_NAME "Bip01 Pelvis"
	*NODE_PARENT "Bip01"
	*NODE_TM {
		*NODE_NAME "Bip01 Pelvis"
		*TM_ROW0 -5.96014e-008	1.79264e-006	1
		*TM_ROW1 -1.79264e-006	-1	1.79264e-006
		*TM_ROW2 1	-1.79264e-006	-5.96014e-008
		*TM_ROW3 1e-005	-8.0113	99.9496
		*TM_POS 1e-005	-8.0113	99.9496
		*TM_ROTAXIS 0.707107	0	0.707107
		*TM_ROTANGLE 3.1416
		*TM_SCALE 1	1	1
		*TM_SCALEAXIS 0	0	0
		*TM_SCALEAXISANG 0	0	0
	}
}
*HELPEROBJECT {
	*NODE_NAME "Bip01 Spine"
	*NODE_PARENT "Bip01 Pelvis"
	*NODE_TM {
		*NODE_NAME "Bip01 Spine"
		*TM_ROW0 6.6944e-008	-0.0205947	0.999788
		*TM_ROW1 5.48642e-006	-0.999788	-0.0205947
		*TM_ROW2 1	5.48642e-006	6.6944e-008
		*TM_ROW3 1e-005	-7.92216	102.35
		*TM_POS 1e-005	-7.92216	102.35
		*TM_ROTAXIS 0.707088	-0.00727998	0.707088
		*TM_ROTANGLE 3.12703
		*TM_SCALE 1	1	1
		*TM_SCALEAXIS 0	0	0
		*TM_SCALEAXISANG 0	0	0
	}
	*TM_ANIMATION {
		*NODE_NAME  "Bip01 Spine"
		*CONTROL_POS_TRACK {
			*CONTROL_POS_SAMPLE 0	0.215284	-7.92221	102.339
			*CONTROL_POS_SAMPLE 4800	-0.989116	-6.69731	102.375
			*CONTROL_POS_SAMPLE 9600	-1.03934	-8.7802	102.462
			*CONTROL_POS_SAMPLE 14400	-1.27292	-5.43213	102.346
			*CONTROL_POS_SAMPLE 19200	-1.24905	-5.42124	102.344
			*CONTROL_POS_SAMPLE 24000	-1.1735	-5.40813	102.337
			*CONTROL_POS_SAMPLE 28800	-1.99778	-3.36717	102.315
			*CONTROL_POS_SAMPLE 33600	-1.82689	-5.35405	102.382
			*CONTROL_POS_SAMPLE 38400	-0.633734	-4.97999	102.283
		}
		*CONTROL_ROT_TRACK {
			*CONTROL_ROT_SAMPLE 0	0.748629	-0.0662396	0.659671	3.37204
			*CONTROL_ROT_SAMPLE 4800	0.748629	-0.0662396	0.659671	3.37204
			*CONTROL_ROT_SAMPLE 9600	0.748629	-0.0662396	0.659671	3.37204
			*CONTROL_ROT_SAMPLE 14400	0.748629	-0.0662396	0.659671	3.37204
			*CONTROL_ROT_SAMPLE 19200	0.748629	-0.0662396	0.659671	3.37204
			*CONTROL_ROT_SAMPLE 24000	0.748629	-0.0662396	0.659671	3.37204
			*CONTROL_ROT_SAMPLE 28800	0.748629	-0.0662396	0.659671	3.37204
			*CONTROL_ROT_SAMPLE 33600	0.748629	-0.0662396	0.659671	3.37204
			*CONTROL_ROT_SAMPLE 38400	0.748629	-0.0662396	0.659671	3.37204
		}
		*CONTROL_SCALE_TRACK {
			*CONTROL_SCALE_SAMPLE	0	1	1	1	0	0	0	0
		}
	}
}
*HELPEROBJECT {
	*NODE_NAME "Bip01 Spine1"
	*NODE_PARENT "Bip01 Spine"
	*NODE_TM {
		*NODE_NAME "Bip01 Spine1"
		*TM_ROW0 6.76996e-008	-0.00276992	0.999996
		*TM_ROW1 -1.92621e-006	-0.999996	-0.00276991
		*TM_ROW2 1	-1.92621e-006	6.76996e-008
		*TM_ROW3 1e-005	-8.11442	112.175
		*TM_POS 1e-005	-8.11442	112.175
		*TM_ROTAXIS -0.707107	0.000979995	-0.707106
		*TM_ROTANGLE 3.14355
		*TM_SCALE 1	1	1
		*TM_SCALEAXIS 0	0	0
		*TM_SCALEAXISANG 0	0	0
	}
	*TM_ANIMATION {
		*NODE_NAME  "Bip01 Spine1"
		*CONTROL_POS_TRACK {
			*CONTROL_POS_SAMPLE 0	1.51969	-7.3932	112.065
			*CONTROL_POS_SAMPLE 4800	0.316782	-6.16849	112.101
			*CONTROL_POS_SAMPLE 9600	0.269479	-8.25398	112.187
			*CONTROL_POS_SAMPLE 14400	0.0319428	-4.9027	112.072
			*CONTROL_POS_SAMPLE 19200	0.0568244	-4.89268	112.069
			*CONTROL_POS_SAMPLE 24000	0.135863	-4.88193	112.063
			*CONTROL_POS_SAMPLE 28800	-0.692965	-2.83809	112.042
			*CONTROL_POS_SAMPLE 33600	-0.520844	-4.82509	112.107
			*CONTROL_POS_SAMPLE 38400	0.675411	-4.45365	112.007
		}
		*CONTROL_ROT_TRACK {
			*CONTROL_ROT_SAMPLE 0	0.757186	-0.0692741	0.649516	3.41239
			*CONTROL_ROT_SAMPLE 4800	0.74677	-0.146551	0.648735	3.45129
			*CONTROL_ROT_SAMPLE 9600	0.714123	-0.241246	0.657137	3.78921
			*CONTROL_ROT_SAMPLE 14400	0.750556	-0.103151	0.652706	3.3533
			*CONTROL_ROT_SAMPLE 19200	0.74677	-0.146551	0.648735	3.45129
			*CONTROL_ROT_SAMPLE 24000	0.72683	-0.274664	0.629506	3.73089
			*CONTROL_ROT_SAMPLE 28800	0.744452	-0.130937	0.654711	3.30425
			*CONTROL_ROT_SAMPLE 33600	0.756596	-0.112466	0.644138	3.51105
			*CONTROL_ROT_SAMPLE 38400	0.767631	-0.245454	0.592027	3.78724
		}
		*CONTROL_SCALE_TRACK {
			*CONTROL_SCALE_SAMPLE	0	1	1	1	0	0	0	0
		}
	}
}
*HELPEROBJECT {
	*NODE_NAME "Bip01 Spine2"
	*NODE_PARENT "Bip01 Spine1"
	*NODE_TM {
		*NODE_NAME "Bip01 Spine2"
		*TM_ROW0 3.48622e-008	0.180243	0.983622
		*TM_ROW1 1.67638e-006	-0.983622	0.180243
		*TM_ROW2 1	1.67638e-006	3.48621e-008
		*TM_ROW3 1e-005	-8.1264	124.961
		*TM_POS 1e-005	-8.1264	124.961
		*TM_ROTAXIS 0.705652	0.0641202	0.705652
		*TM_ROTANGLE 3.26966
		*TM_SCALE 1	1	1
		*TM_SCALEAXIS 0	0	0
		*TM_SCALEAXISANG 0	0	0
	}
	*TM_ANIMATION {
		*NODE_NAME  "Bip01 Spine2"
		*CONTROL_POS_TRACK {
			*CONTROL_POS_SAMPLE 0	3.5988	-6.46548	124.647
			*CONTROL_POS_SAMPLE 4800	2.07557	-6.35359	124.765
			*CONTROL_POS_SAMPLE 9600	1.81534	-7.13677	124.831
			*CONTROL_POS_SAMPLE 14400	1.78172	-5.08317	124.74
			*CONTROL_POS_SAMPLE 19200	1.81534	-5.07743	124.736
			*CONTROL_POS_SAMPLE 24000	1.89953	-5.07487	124.729
			*CONTROL_POS_SAMPLE 28800	0.775072	-3.93608	124.704
			*CONTROL_POS_SAMPLE 33600	1.71568	-3.93404	124.671
			*CONTROL_POS_SAMPLE 38400	4.03873	-4.2249	124.353
		}
		*CONTROL_ROT_TRACK {
			*CONTROL_ROT_SAMPLE 0	-0.66641	-0.0172535	-0.745386	2.84434
			*CONTROL_ROT_SAMPLE 4800	0.71644	-0.179758	0.674093	3.73203
			*CONTROL_ROT_SAMPLE 9600	-0.628213	0.316107	-0.710932	2.03025
			*CONTROL_ROT_SAMPLE 14400	0.756666	-0.0921576	0.647274	3.29205
			*CONTROL_ROT_SAMPLE 19200	0.740265	-0.237029	0.629147	3.6177
			*CONTROL_ROT_SAMPLE 24000	0.686962	-0.437209	0.580459	4.02123
			*CONTROL_ROT_SAMPLE 28800	0.795787	-0.168226	0.581742	3.12708
			*CONTROL_ROT_SAMPLE 33600	0.760459	-0.258132	0.595878	3.57432
			*CONTROL_ROT_SAMPLE 38400	0.625989	-0.50185	0.596895	3.89615
		}
		*CONTROL_SCALE_TRACK {
			*CONTROL_SCALE_SAMPLE	0	1	1	1	0	0	0	0
		}
	}
}
*HELPEROBJECT {
	*NODE_NAME "Bip01 Neck"
	*NODE_PARENT "Bip01 Spine2"
	*NODE_TM {
		*NODE_NAME "Bip01 Neck"
		*TM_ROW0 6.08698e-007	-0.167043	0.98595
		*TM_ROW1 4.70132e-006	-0.98595	-0.167043
		*TM_ROW2 1	4.70132e-006	6.08698e-007
		*TM_ROW3 -2.11471e-012	-2.71656	154.454
		*TM_POS -2.11471e-012	-2.71656	154.454
		*TM_ROTAXIS -0.70586	0.05937	-0.705859
		*TM_ROTANGLE 3.2602
		*TM_SCALE 1	1	1
		*TM_SCALEAXIS 0	0	0
		*TM_SCALEAXISANG 0	0	0
	}
	*TM_ANIMATION {
		*NODE_NAME  "Bip01 Neck"
		*CONTROL_POS_TRACK {
			*CONTROL_POS_SAMPLE 0	0.976375	0.760424	153.63
			*CONTROL_POS_SAMPLE 4800	5.34473	-2.16449	154.275
			*CONTROL_POS_SAMPLE 9600	5.60366	3.37897	152.655
			*CONTROL_POS_SAMPLE 14400	6.27559	-6.32637	154.36
			*CONTROL_POS_SAMPLE 19200	6.20187	-6.36251	154.37
			*CONTROL_POS_SAMPLE 24000	5.96076	-6.40611	154.408
			*CONTROL_POS_SAMPLE 28800	8.7674	-12.212	152.393
			*CONTROL_POS_SAMPLE 33600	7.57799	-7.66499	153.84
			*CONTROL_POS_SAMPLE 38400	2.50477	-8.24435	154.03
		}
		*CONTROL_ROT_TRACK {
			*CONTROL_ROT_SAMPLE 0	-0.51292	-0.100105	-0.85258	3.29749
			*CONTROL_ROT_SAMPLE 4800	-0.567982	0.0373044	-0.822195	2.8307
			*CONTROL_ROT_SAMPLE 9600	-0.57825	0.194314	-0.792382	2.47714
			*CONTROL_ROT_SAMPLE 14400	-0.598602	0.0482011	-0.799595	3.40615
			*CONTROL_ROT_SAMPLE 19200	-0.580106	0.14997	-0.800616	3.02198
			*CONTROL_ROT_SAMPLE 24000	-0.423075	0.238357	-0.874182	2.4462
			*CONTROL_ROT_SAMPLE 28800	-0.632568	0.157083	-0.758408	3.53394
			*CONTROL_ROT_SAMPLE 33600	-0.601078	0.183271	-0.777892	3.05491
			*CONTROL_ROT_SAMPLE 38400	-0.384646	0.418219	-0.822885	3.16172
		}
		*CONTROL_SCALE_TRACK {
			*CONTROL_SCALE_SAMPLE	0	1	1	1	0	0	0	0
		}
	}
}
*HELPEROBJECT {
	*NODE_NAME "Bip01 Head"
	*NODE_PARENT "Bip01 Neck"
	*NODE_TM {
		*NODE_NAME "Bip01 Head"
		*TM_ROW0 -5.96015e-008	1.76921e-006	1
		*TM_ROW1 -1.79264e-006	-1	1.77916e-006
		*TM_ROW2 1	-1.79264e-006	-5.96014e-008
		*TM_ROW3 1.63729e-011	-3.85901	161.198
		*TM_POS 1.63729e-011	-3.85901	161.198
		*TM_ROTAXIS -0.707107	4.76653e-009	-0.707107
		*TM_ROTANGLE 3.14159
		*TM_SCALE 1	1	1
		*TM_SCALEAXIS 0	0	0
		*TM_SCALEAXISANG 0	0	0
	}
	*TM_ANIMATION {
		*NODE_NAME  "Bip01 Head"
		*CONTROL_POS_TRACK {
			*CONTROL_POS_SAMPLE 0	-2.20337	0.553361	159.681
			*CONTROL_POS_SAMPLE 4800	3.14035	-0.727035	160.587
			*CONTROL_POS_SAMPLE 9600	4.30672	5.34715	159.075
			*CONTROL_POS_SAMPLE 14400	4.4904	-8.14389	160.707
			*CONTROL_POS_SAMPLE 19200	3.99815	-6.89462	160.822
			*CONTROL_POS_SAMPLE 24000	2.87382	-3.79469	159.923
			*CONTROL_POS_SAMPLE 28800	7.71308	-15.5026	158.296
			*CONTROL_POS_SAMPLE 33600	5.69719	-8.70833	160.332
			*CONTROL_POS_SAMPLE 38400	-2.30919	-10.5572	158.301
		}
		*CONTROL_ROT_TRACK {
			*CONTROL_ROT_SAMPLE 0	-0.430141	-0.481976	-0.763333	3.45293
			*CONTROL_ROT_SAMPLE 4800	-0.534186	-0.307442	-0.78748	2.73674
			*CONTROL_ROT_SAMPLE 9600	-0.66663	0.00291471	-0.745383	2.32307
			*CONTROL_ROT_SAMPLE 14400	-0.612124	-0.332473	-0.717472	3.9661
			*CONTROL_ROT_SAMPLE 19200	-0.600692	-0.0857839	-0.794865	3.3414
			*CONTROL_ROT_SAMPLE 24000	-0.585374	0.176748	-0.791264	2.57484
			*CONTROL_ROT_SAMPLE 28800	0.760157	0.141019	0.634251	2.06161
			*CONTROL_ROT_SAMPLE 33600	-0.666971	0.260014	-0.698242	3.7899
			*CONTROL_ROT_SAMPLE 38400	-0.465429	0.390098	-0.794481	3.11972
		}
		*CONTROL_SCALE_TRACK {
			*CONTROL_SCALE_SAMPLE	0	1	1	1	0	0	0	0
		}
	}
}
*HELPEROBJECT {
	*NODE_NAME "ZS_HELMET"
	*NODE_PARENT "Bip01 Head"
	*NODE_TM {
		*NODE_NAME "ZS_HELMET"
		*TM_ROW0 1	5.73874e-013	4.35659e-014
		*TM_ROW1 -4.07319e-013	0.996917	-0.0784593
		*TM_ROW2 -4.76109e-014	0.0784593	0.996918
		*TM_ROW3 1e-005	-7.06248	173.704
		*TM_POS 1e-005	-7.06248	173.704
		*TM_ROTAXIS 1	5.81045e-013	-6.25288e-012
		*TM_ROTANGLE 0.078541
		*TM_SCALE 1	1	1
		*TM_SCALEAXIS 0	0	0
		*TM_SCALEAXISANG 0	0	0
	}
}
*HELPEROBJECT {
	*NODE_NAME "Bip01 L Clavicle"
	*NODE_PARENT "Bip01 Neck"
	*NODE_TM {
		*NODE_NAME "Bip01 L Clavicle"
		*TM_ROW0 0.935229	-0.203893	-0.289439
		*TM_ROW1 0.156435	0.971369	-0.178803
		*TM_ROW2 0.317608	0.121943	0.940348
		*TM_ROW3 7.96399	-1.25804	148.729
		*TM_POS 7.96399	-1.25804	148.729
		*TM_ROTAXIS 0.391939	-0.791119	0.469589
		*TM_ROTANGLE 0.39376
		*TM_SCALE 1	1	1
		*TM_SCALEAXIS 0	0	0
		*TM_SCALEAXISANG 0	0	0
	}
	*TM_ANIMATION {
		*NODE_NAME  "Bip01 L Clavicle"
		*CONTROL_POS_TRACK {
			*CONTROL_POS_SAMPLE 0	9.63583	-0.0701046	148.784
			*CONTROL_POS_SAMPLE 4800	12.1792	-6.37541	148.384
			*CONTROL_POS_SAMPLE 9600	9.59087	-5.07856	149.228
			*CONTROL_POS_SAMPLE 14400	13.5432	-6.02556	147.559
			*CONTROL_POS_SAMPLE 19200	12.7399	-9.52451	147.557
			*CONTROL_POS_SAMPLE 24000	9.56545	-13.0421	147.917
			*CONTROL_POS_SAMPLE 28800	15.1691	-10.2624	145.019
			*CONTROL_POS_SAMPLE 33600	13.7301	-10.3017	146.466
			*CONTROL_POS_SAMPLE 38400	7.07812	-14.4499	147.722
		}
		*CONTROL_ROT_TRACK {
			*CONTROL_ROT_SAMPLE 0	0.799139	0.525279	0.292332	0.304002
			*CONTROL_ROT_SAMPLE 4800	0.086177	-0.237563	0.967542	0.973507
			*CONTROL_ROT_SAMPLE 9600	0.153486	-0.0057173	0.988134	1.5085
			*CONTROL_ROT_SAMPLE 14400	-0.143662	-0.530458	0.835449	0.176327
			*CONTROL_ROT_SAMPLE 19200	-0.0688767	-0.35174	0.93356	0.99897
			*CONTROL_ROT_SAMPLE 24000	-0.0593852	-0.203116	0.977352	1.53855
			*CONTROL_ROT_SAMPLE 28800	-0.68207	-0.618261	0.390555	0.378179
			*CONTROL_ROT_SAMPLE 33600	-0.117549	-0.422158	0.898869	1.03422
			*CONTROL_ROT_SAMPLE 38400	-0.197128	-0.148197	0.969112	1.55056
		}
		*CONTROL_SCALE_TRACK {
			*CONTROL_SCALE_SAMPLE	0	1	1	1	0	0	0	0
		}
	}
}
*HELPEROBJECT {
	*NODE_NAME "Bip01 L UpperArm"
	*NODE_PARENT "Bip01 L Clavicle"
	*NODE_TM {
		*NODE_NAME "Bip01 L UpperArm"
		*TM_ROW0 0.246229	0.0989026	-0.964152
		*TM_ROW1 0.412789	0.889345	0.196649
		*TM_ROW2 0.876913	-0.446412	0.178157
		*TM_ROW3 20.4269	-3.97508	144.872
		*TM_POS 20.4269	-3.97508	144.872
		*TM_ROTAXIS -0.325561	-0.932072	0.15891
		*TM_ROTANGLE 1.41328
		*TM_SCALE 1	1	1
		*TM_SCALEAXIS 0	0	0
		*TM_SCALEAXISANG 0	0	0
	}
	*TM_ANIMATION {
		*NODE_NAME  "Bip01 L UpperArm"
		*CONTROL_POS_TRACK {
			*CONTROL_POS_SAMPLE 0	22.7404	-0.980059	151.021
			*CONTROL_POS_SAMPLE 4800	19.7166	-17.1556	146.252
			*CONTROL_POS_SAMPLE 9600	10.7148	-18.2315	151.047
			*CONTROL_POS_SAMPLE 14400	26.6666	-7.96279	146.294
			*CONTROL_POS_SAMPLE 19200	19.9802	-19.8377	143.222
			*CONTROL_POS_SAMPLE 24000	10.0404	-25.9037	144.463
			*CONTROL_POS_SAMPLE 28800	27.9913	-11.787	141.726
			*CONTROL_POS_SAMPLE 33600	20.632	-20.273	140.943
			*CONTROL_POS_SAMPLE 38400	7.85484	-26.9799	143.253
		}
		*CONTROL_ROT_TRACK {
			*CONTROL_ROT_SAMPLE 0	0.842078	-0.062388	0.535735	1.73258
			*CONTROL_ROT_SAMPLE 4800	-0.587337	0.416015	-0.694238	2.85182
			*CONTROL_ROT_SAMPLE 9600	-0.416643	0.52258	-0.743854	2.65834
			*CONTROL_ROT_SAMPLE 14400	0.70781	-0.4419	0.551116	0.677861
			*CONTROL_ROT_SAMPLE 19200	-0.248054	0.824477	-0.508632	3.89633
			*CONTROL_ROT_SAMPLE 24000	-0.0826973	0.708386	-0.700964	3.63965
			*CONTROL_ROT_SAMPLE 28800	-0.038138	-0.829898	0.55661	1.48284
			*CONTROL_ROT_SAMPLE 33600	-0.152634	-0.975763	0.156813	1.79552
			*CONTROL_ROT_SAMPLE 38400	0.3533	0.759369	-0.546386	4.16689
		}
		*CONTROL_SCALE_TRACK {
			*CONTROL_SCALE_SAMPLE	0	1	1	1	0	0	0	0
		}
	}
}
*HELPEROBJECT {
	*NODE_NAME "Bip01 L Forearm"
	*NODE_PARENT "Bip01 L UpperArm"
	*NODE_TM {
		*NODE_NAME "Bip01 L Forearm"
		*TM_ROW0 0.0455122	-0.291882	-0.955371
		*TM_ROW1 0.478489	0.845886	-0.235638
		*TM_ROW2 0.876913	-0.44641	0.17816
		*TM_ROW3 27.2982	-1.21526	117.966
		*TM_POS 27.2982	-1.21526	117.966
		*TM_ROTAXIS -0.10545	-0.916697	0.385419
		*TM_ROTANGLE 1.53601
		*TM_SCALE 1	1	1
		*TM_SCALEAXIS 0	0	0
		*TM_SCALEAXISANG 0	0	0
	}
	*TM_ANIMATION {
		*NODE_NAME  "Bip01 L Forearm"
		*CONTROL_POS_TRACK {
			*CONTROL_POS_SAMPLE 0	41.2203	-17.4374	163.92
			*CONTROL_POS_SAMPLE 4800	11.8257	-24.9727	171.853
			*CONTROL_POS_SAMPLE 9600	-4.86199	-20.0422	174.131
			*CONTROL_POS_SAMPLE 14400	51.4937	-19.5374	140.967
			*CONTROL_POS_SAMPLE 19200	2.61994	-39.4262	133.546
			*CONTROL_POS_SAMPLE 24000	-14.1168	-38.3192	138.058
			*CONTROL_POS_SAMPLE 28800	30.4795	-26.454	118.116
			*CONTROL_POS_SAMPLE 33600	15.2087	-19.4567	113.582
			*CONTROL_POS_SAMPLE 38400	-1.33382	-28.6431	116.956
		}
		*CONTROL_ROT_TRACK {
			*CONTROL_ROT_SAMPLE 0	-0.614116	-0.306272	-0.727365	3.85241
			*CONTROL_ROT_SAMPLE 4800	-0.587672	0.415631	-0.694185	2.85085
			*CONTROL_ROT_SAMPLE 9600	-0.417065	0.522353	-0.743777	2.65729
			*CONTROL_ROT_SAMPLE 14400	0.322095	0.0724625	0.94393	1.99577
			*CONTROL_ROT_SAMPLE 19200	0.713688	-0.368515	0.595689	3.309
			*CONTROL_ROT_SAMPLE 24000	-0.477649	0.519038	-0.708838	2.73996
			*CONTROL_ROT_SAMPLE 28800	-0.0375368	-0.829569	0.557141	1.48363
			*CONTROL_ROT_SAMPLE 33600	-0.337474	0.805198	-0.487614	4.11217
			*CONTROL_ROT_SAMPLE 38400	-0.0355821	0.746188	-0.664784	3.57122
		}
		*CONTROL_SCALE_TRACK {
			*CONTROL_SCALE_SAMPLE	0	1	1	1	0	0	0	0
		}
	}
}
*HELPEROBJECT {
	*NODE_NAME "Bip01 L Hand"
	*NODE_PARENT "Bip01 L Forearm"
	*NODE_TM {
		*NODE_NAME "Bip01 L Hand"
		*TM_ROW0 0.0455132	-0.291886	-0.95537
		*TM_ROW1 -0.876533	0.44708	-0.17835
		*TM_ROW2 0.479185	0.845531	-0.2355
		*TM_ROW3 28.5642	-9.33439	91.391
		*TM_POS 28.5642	-9.33439	91.391
		*TM_ROTAXIS 0.551391	-0.772552	-0.314851
		*TM_ROTANGLE 1.95137
		*TM_SCALE 1	1	1
		*TM_SCALEAXIS 0	0	0
		*TM_SCALEAXISANG 0	0	0
	}
	*TM_ANIMATION {
		*NODE_NAME  "Bip01 L Hand"
		*CONTROL_POS_TRACK {
			*CONTROL_POS_SAMPLE 0	38.5806	-21.4413	191.32
			*CONTROL_POS_SAMPLE 4800	3.98693	-32.7402	197.386
			*CONTROL_POS_SAMPLE 9600	-20.3587	-21.8324	197.16
			*CONTROL_POS_SAMPLE 14400	44.1009	-42.5412	154.747
			*CONTROL_POS_SAMPLE 19200	3.33095	-51.1943	158.74
			*CONTROL_POS_SAMPLE 24000	-27.5318	-43.8545	161.789
			*CONTROL_POS_SAMPLE 28800	32.9368	-41.102	94.5972
			*CONTROL_POS_SAMPLE 33600	4.45459	-42.4775	102.262
			*CONTROL_POS_SAMPLE 38400	-26.5548	-37.7551	109.567
		}
		*CONTROL_ROT_TRACK {
			*CONTROL_ROT_SAMPLE 0	-0.396687	0.909456	0.124615	2.78087
			*CONTROL_ROT_SAMPLE 4800	0.0530629	0.994365	0.0917754	2.98348
			*CONTROL_ROT_SAMPLE 9600	0.451692	0.891745	0.0276547	3.26537
			*CONTROL_ROT_SAMPLE 14400	-0.36454	0.684903	0.630887	2.46981
			*CONTROL_ROT_SAMPLE 19200	-0.0403951	0.767938	0.639249	2.99139
			*CONTROL_ROT_SAMPLE 24000	0.217067	0.766873	0.603976	3.57702
			*CONTROL_ROT_SAMPLE 28800	0.13636	-0.18101	-0.973982	3.48031
			*CONTROL_ROT_SAMPLE 33600	0.0200161	-0.198661	-0.979864	2.99682
			*CONTROL_ROT_SAMPLE 38400	-0.144655	-0.198663	-0.969334	2.45391
		}
		*CONTROL_SCALE_TRACK {
			*CONTROL_SCALE_SAMPLE	0	1	1	1	0	0	0	0
		}
	}
}
*HELPEROBJECT {
	*NODE_NAME "Bip01 L Finger0"
	*NODE_PARENT "Bip01 L Hand"
	*NODE_TM {
		*NODE_NAME "Bip01 L Finger0"
		*TM_ROW0 0.0455152	-0.291888	-0.955369
		*TM_ROW1 -0.876915	0.446405	-0.178165
		*TM_ROW2 0.478485	0.845886	-0.235643
		*TM_ROW3 29.15	-13.0909	79.0956
		*TM_POS 29.15	-13.0909	79.0956
		*TM_ROTAXIS 0.551581	-0.772311	-0.31511
		*TM_ROTANGLE 1.95181
		*TM_SCALE 1	1	1
		*TM_SCALEAXIS 0	0	0
		*TM_SCALEAXISANG 0	0	0
	}
	*TM_ANIMATION {
		*NODE_NAME  "Bip01 L Finger0"
		*CONTROL_POS_TRACK {
			*CONTROL_POS_SAMPLE 0	30.4596	-30.9946	194.219
			*CONTROL_POS_SAMPLE 4800	-8.6501	-31.5768	199.526
			*CONTROL_POS_SAMPLE 9600	-27.8983	-11.4608	196.064
			*CONTROL_POS_SAMPLE 14400	37.0768	-53.3224	154.957
			*CONTROL_POS_SAMPLE 19200	-9.35211	-53.2196	159.558
			*CONTROL_POS_SAMPLE 24000	-38.0442	-36.4915	160.843
			*CONTROL_POS_SAMPLE 28800	21.2636	-45.8841	92.0497
			*CONTROL_POS_SAMPLE 33600	-8.27006	-40.76	101.391
			*CONTROL_POS_SAMPLE 38400	-36.0217	-29.1812	111.143
		}
		*CONTROL_ROT_TRACK {
			*CONTROL_ROT_SAMPLE 0	-0.396628	0.909433	0.124968	2.78057
			*CONTROL_ROT_SAMPLE 4800	0.0530933	0.994328	0.0921576	2.98352
			*CONTROL_ROT_SAMPLE 9600	0.451673	0.891744	0.0279979	3.26572
			*CONTROL_ROT_SAMPLE 14400	-0.364424	0.684694	0.631181	2.46953
			*CONTROL_ROT_SAMPLE 19200	-0.0403662	0.767693	0.639545	2.99136
			*CONTROL_ROT_SAMPLE 24000	0.216986	0.766655	0.604282	3.57719
			*CONTROL_ROT_SAMPLE 28800	0.136296	-0.180637	-0.97406	3.48042
			*CONTROL_ROT_SAMPLE 33600	0.0200439	-0.198285	-0.97994	2.99684
			*CONTROL_ROT_SAMPLE 38400	-0.14452	-0.198294	-0.969429	2.4538
		}
		*CONTROL_SCALE_TRACK {
			*CONTROL_SCALE_SAMPLE	0	1	1	1	0	0	0	0
		}
	}
}
*HELPEROBJECT {
	*NODE_NAME "ZS_LEFTHAND"
	*NODE_PARENT "Bip01 L Hand"
	*NODE_TM {
		*NODE_NAME "ZS_LEFTHAND"
		*TM_ROW0 0.435606	0.890062	-0.134303
		*TM_ROW1 0.180312	-0.232461	-0.955745
		*TM_ROW2 -0.881893	0.392112	-0.261751
		*TM_ROW3 26.7605	-11.5468	82.7857
		*TM_POS 26.7605	-11.5468	82.7857
		*TM_ROTAXIS 0.794322	0.440571	-0.418271
		*TM_ROTANGLE 2.12858
		*TM_SCALE 1	1	1
		*TM_SCALEAXIS 0	0	0
		*TM_SCALEAXISANG 0	0	0
	}
	*TM_ANIMATION {
		*NODE_NAME  "ZS_LEFTHAND"
		*CONTROL_POS_TRACK {
			*CONTROL_POS_SAMPLE 0	36.6055	-23.657	207.225
			*CONTROL_POS_SAMPLE 4800	0.00883505	-29.6616	213.774
			*CONTROL_POS_SAMPLE 9600	-21.6548	-13.2535	210.927
			*CONTROL_POS_SAMPLE 14400	51.7819	-55.1441	161.377
			*CONTROL_POS_SAMPLE 19200	-0.56953	-64.5441	167.006
			*CONTROL_POS_SAMPLE 24000	-40.3633	-49.8489	169.613
			*CONTROL_POS_SAMPLE 28800	33.0394	-52.8958	82.3883
			*CONTROL_POS_SAMPLE 33600	-2.62792	-52.0197	91.2828
			*CONTROL_POS_SAMPLE 38400	-39.5972	-40.7631	100.475
		}
		*CONTROL_ROT_TRACK {
			*CONTROL_ROT_SAMPLE 0	0.458709	0.369749	-0.808005	3.39149
			*CONTROL_ROT_SAMPLE 4800	0.619945	0.0557259	-0.782664	2.77524
			*CONTROL_ROT_SAMPLE 9600	0.726763	-0.279767	-0.627333	2.2821
			*CONTROL_ROT_SAMPLE 14400	0.143913	0.677432	-0.721371	2.70807
			*CONTROL_ROT_SAMPLE 19200	0.466944	0.576129	-0.670849	2.17045
			*CONTROL_ROT_SAMPLE 24000	0.787659	0.410516	-0.459423	1.83407
			*CONTROL_ROT_SAMPLE 28800	-0.100638	0.956037	-0.275436	1.92089
			*CONTROL_ROT_SAMPLE 33600	0.145062	0.985355	-0.0896215	1.69334
			*CONTROL_ROT_SAMPLE 38400	0.440716	0.877401	0.189568	1.52337
		}
		*CONTROL_SCALE_TRACK {
			*CONTROL_SCALE_SAMPLE	0	1	1	1	0	0	0	0
		}
	}
}
*HELPEROBJECT {
	*NODE_NAME "ZS_LEFTARM"
	*NODE_PARENT "Bip01 L Forearm"
	*NODE_TM {
		*NODE_NAME "ZS_LEFTARM"
		*TM_ROW0 0.0759923	-0.150176	-0.985735
		*TM_ROW1 0.524499	0.846792	-0.0885736
		*TM_ROW2 0.848013	-0.510285	0.143117
		*TM_ROW3 26.9101	-7.67833	110.055
		*TM_POS 26.9101	-7.67833	110.055
		*TM_ROTAXIS -0.21097	-0.917372	0.337521
		*TM_ROTANGLE 1.53784
		*TM_SCALE 1	1	1
		*TM_SCALEAXIS 0	0	0
		*TM_SCALEAXISANG 0	0	0
	}
}
*HELPEROBJECT {
	*NODE_NAME "Bip01 R Clavicle"
	*NODE_PARENT "Bip01 Neck"
	*NODE_TM {
		*NODE_NAME "Bip01 R Clavicle"
		*TM_ROW0 -0.935227	-0.203899	-0.28944
		*TM_ROW1 -0.156442	0.971369	-0.178799
		*TM_ROW2 0.317609	-0.121937	-0.940349
		*TM_ROW3 -7.96398	-1.25806	148.729
		*TM_POS -7.96398	-1.25806	148.729
		*TM_ROTAXIS -0.0929799	0.992639	-0.0775999
		*TM_ROTANGLE 3.45235
		*TM_SCALE 1	1	1
		*TM_SCALEAXIS 0	0	0
		*TM_SCALEAXISANG 0	0	0
	}
	*TM_ANIMATION {
		*NODE_NAME  "Bip01 R Clavicle"
		*CONTROL_POS_TRACK {
			*CONTROL_POS_SAMPLE 0	-5.92116	2.63964	146.702
			*CONTROL_POS_SAMPLE 4800	-0.308593	3.51054	148.365
			*CONTROL_POS_SAMPLE 9600	3.83517	9.05718	144.671
			*CONTROL_POS_SAMPLE 14400	-1.75041	-2.32811	150.036
			*CONTROL_POS_SAMPLE 19200	0.459207	0.367019	149.805
			*CONTROL_POS_SAMPLE 24000	4.5321	2.00762	149.282
			*CONTROL_POS_SAMPLE 28800	0.383801	-7.32836	150.165
			*CONTROL_POS_SAMPLE 33600	1.68484	-0.547461	150.137
			*CONTROL_POS_SAMPLE 38400	2.26668	0.627252	149.518
		}
		*CONTROL_ROT_TRACK {
			*CONTROL_ROT_SAMPLE 0	-0.129262	0.984162	-0.121307	3.2873
			*CONTROL_ROT_SAMPLE 4800	0.11211	0.990313	-0.0819207	3.13769
			*CONTROL_ROT_SAMPLE 9600	0.366795	0.90698	-0.206999	3.24015
			*CONTROL_ROT_SAMPLE 14400	-0.0978345	0.994688	0.0320061	3.08534
			*CONTROL_ROT_SAMPLE 19200	0.118417	0.992941	0.0067842	3.07958
			*CONTROL_ROT_SAMPLE 24000	0.390888	0.92012	-0.0242003	3.08117
			*CONTROL_ROT_SAMPLE 28800	-0.0932333	0.983021	0.158039	2.98754
			*CONTROL_ROT_SAMPLE 33600	0.121626	0.99158	0.0444633	3.0195
			*CONTROL_ROT_SAMPLE 38400	0.405451	0.912556	0.0533996	3.2158
		}
		*CONTROL_SCALE_TRACK {
			*CONTROL_SCALE_SAMPLE	0	1	1	1	0	0	0	0
		}
	}
}
*HELPEROBJECT {
	*NODE_NAME "Bip01 R UpperArm"
	*NODE_PARENT "Bip01 R Clavicle"
	*NODE_TM {
		*NODE_NAME "Bip01 R UpperArm"
		*TM_ROW0 -0.246232	0.0988932	-0.964153
		*TM_ROW1 -0.412793	0.889345	0.196642
		*TM_ROW2 0.876911	0.446415	-0.178163
		*TM_ROW3 -20.4269	-3.97513	144.872
		*TM_POS -20.4269	-3.97513	144.872
		*TM_ROTAXIS 0.12961	-0.955353	-0.265521
		*TM_ROTANGLE 1.84162
		*TM_SCALE 1	1	1
		*TM_SCALEAXIS 0	0	0
		*TM_SCALEAXISANG 0	0	0
	}
	*TM_ANIMATION {
		*NODE_NAME  "Bip01 R UpperArm"
		*CONTROL_POS_TRACK {
			*CONTROL_POS_SAMPLE 0	-18.6624	-0.967687	145.214
			*CONTROL_POS_SAMPLE 4800	-13.299	6.47348	148.172
			*CONTROL_POS_SAMPLE 9600	-5.84892	17.6305	141.464
			*CONTROL_POS_SAMPLE 14400	-14.8002	-4.94372	150.698
			*CONTROL_POS_SAMPLE 19200	-12.4675	3.49192	150.647
			*CONTROL_POS_SAMPLE 24000	-4.70103	11.6039	149.771
			*CONTROL_POS_SAMPLE 28800	-12.5539	-10.0799	151.785
			*CONTROL_POS_SAMPLE 33600	-11.1486	2.58254	151.889
			*CONTROL_POS_SAMPLE 38400	-6.64747	10.5272	149.193
		}
		*CONTROL_ROT_TRACK {
			*CONTROL_ROT_SAMPLE 0	0.914561	-0.326722	0.238393	3.39454
			*CONTROL_ROT_SAMPLE 4800	-0.425767	0.839004	-0.338813	2.87571
			*CONTROL_ROT_SAMPLE 9600	-0.199094	0.924918	-0.323866	2.73856
			*CONTROL_ROT_SAMPLE 14400	0.771179	-0.635814	0.032009	3.13627
			*CONTROL_ROT_SAMPLE 19200	-0.296079	0.950833	-0.0908524	3.18373
			*CONTROL_ROT_SAMPLE 24000	-0.0373273	0.990539	-0.132061	3.18686
			*CONTROL_ROT_SAMPLE 28800	0.84426	-0.406469	-0.349297	2.79371
			*CONTROL_ROT_SAMPLE 33600	-0.413333	0.867789	0.275859	3.59952
			*CONTROL_ROT_SAMPLE 38400	-0.119358	0.990304	0.0710694	3.57594
		}
		*CONTROL_SCALE_TRACK {
			*CONTROL_SCALE_SAMPLE	0	1	1	1	0	0	0	0
		}
	}
}
*HELPEROBJECT {
	*NODE_NAME "Bip01 R Forearm"
	*NODE_PARENT "Bip01 R UpperArm"
	*NODE_TM {
		*NODE_NAME "Bip01 R Forearm"
		*TM_ROW0 -0.0455087	-0.291889	-0.955369
		*TM_ROW1 -0.478487	0.845885	-0.235646
		*TM_ROW2 0.876915	0.446408	-0.17816
		*TM_ROW3 -27.2982	-1.21534	117.966
		*TM_POS -27.2982	-1.21534	117.966
		*TM_ROTAXIS 0.347279	-0.932937	-0.0950097
		*TM_ROTANGLE 1.76083
		*TM_SCALE 1	1	1
		*TM_SCALEAXIS 0	0	0
		*TM_SCALEAXISANG 0	0	0
	}
	*TM_ANIMATION {
		*NODE_NAME  "Bip01 R Forearm"
		*CONTROL_POS_TRACK {
			*CONTROL_POS_SAMPLE 0	0.259213	-15.714	159.471
			*CONTROL_POS_SAMPLE 4800	-30.2847	-10.6291	162.234
			*CONTROL_POS_SAMPLE 9600	-29.3955	11.3093	155.041
			*CONTROL_POS_SAMPLE 14400	-9.51366	-32.3141	151.982
			*CONTROL_POS_SAMPLE 19200	-35.4579	-12.3201	151.03
			*CONTROL_POS_SAMPLE 24000	-32.5006	9.37443	148.795
			*CONTROL_POS_SAMPLE 28800	-0.198269	-25.3358	131.952
			*CONTROL_POS_SAMPLE 33600	-27.1354	-13.0018	135.148
			*CONTROL_POS_SAMPLE 38400	-31.2041	5.07065	137.112
		}
		*CONTROL_ROT_TRACK {
			*CONTROL_ROT_SAMPLE 0	0.91481	-0.326084	0.238309	3.39488
			*CONTROL_ROT_SAMPLE 4800	0.874303	-0.441436	0.201812	3.76284
			*CONTROL_ROT_SAMPLE 9600	0.713532	-0.6821	0.160039	3.8434
			*CONTROL_ROT_SAMPLE 14400	0.982594	-0.183442	0.0293049	3.1679
			*CONTROL_ROT_SAMPLE 19200	0.928617	-0.363721	0.0733393	3.25713
			*CONTROL_ROT_SAMPLE 24000	0.780244	-0.616883	0.103318	3.31323
			*CONTROL_ROT_SAMPLE 28800	0.844583	-0.405891	-0.349188	2.79322
			*CONTROL_ROT_SAMPLE 33600	0.877592	-0.47136	-0.0874799	2.44359
			*CONTROL_ROT_SAMPLE 38400	0.719678	-0.689093	0.0849372	2.71723
		}
		*CONTROL_SCALE_TRACK {
			*CONTROL_SCALE_SAMPLE	0	1	1	1	0	0	0	0
		}
	}
}
*HELPEROBJECT {
	*NODE_NAME "Bip01 R Hand"
	*NODE_PARENT "Bip01 R Forearm"
	*NODE_TM {
		*NODE_NAME "Bip01 R Hand"
		*TM_ROW0 -0.0455115	-0.291885	-0.95537
		*TM_ROW1 0.87653	0.447088	-0.17835
		*TM_ROW2 0.479192	-0.845527	0.235499
		*TM_ROW3 -28.5642	-9.33445	91.3911
		*TM_POS -28.5642	-9.33445	91.3911
		*TM_ROTAXIS -0.33922	-0.72939	0.59407
		*TM_ROTANGLE 1.75327
		*TM_SCALE 1	1	1
		*TM_SCALEAXIS 0	0	0
		*TM_SCALEAXISANG 0	0	0
	}
	*TM_ANIMATION {
		*NODE_NAME  "Bip01 R Hand"
		*CONTROL_POS_TRACK {
			*CONTROL_POS_SAMPLE 0	19.1451	-30.383	173.679
			*CONTROL_POS_SAMPLE 4800	-14.3506	-26.8267	178.28
			*CONTROL_POS_SAMPLE 9600	-25.6609	-9.69326	172.893
			*CONTROL_POS_SAMPLE 14400	16.3826	-42.3184	153.718
			*CONTROL_POS_SAMPLE 19200	-15.275	-30.8124	155.973
			*CONTROL_POS_SAMPLE 24000	-26.2889	-16.7144	156.178
			*CONTROL_POS_SAMPLE 28800	12.1484	-40.5184	112.184
			*CONTROL_POS_SAMPLE 33600	-10.6101	-31.7599	122.95
			*CONTROL_POS_SAMPLE 38400	-29.0167	-22.2678	132.471
		}
		*CONTROL_ROT_TRACK {
			*CONTROL_ROT_SAMPLE 0	-0.530502	0.218665	-0.818995	0.848749
			*CONTROL_ROT_SAMPLE 4800	-0.260484	0.901894	0.344579	0.466952
			*CONTROL_ROT_SAMPLE 9600	0.205379	0.560604	0.802211	1.17256
			*CONTROL_ROT_SAMPLE 14400	-0.955329	-0.184825	-0.230621	1.52678
			*CONTROL_ROT_SAMPLE 19200	-0.947329	0.226484	0.226435	1.40608
			*CONTROL_ROT_SAMPLE 24000	-0.660488	0.556532	0.504012	1.69736
			*CONTROL_ROT_SAMPLE 28800	0.981841	0.115377	-0.15059	3.60861
			*CONTROL_ROT_SAMPLE 33600	0.955258	-0.124527	-0.268283	3.50482
			*CONTROL_ROT_SAMPLE 38400	0.837252	-0.373168	-0.399694	3.32607
		}
		*CONTROL_SCALE_TRACK {
			*CONTROL_SCALE_SAMPLE	0	1	1	1	0	0	0	0
		}
	}
}
*HELPEROBJECT {
	*NODE_NAME "Bip01 R Finger0"
	*NODE_PARENT "Bip01 R Hand"
	*NODE_TM {
		*NODE_NAME "Bip01 R Finger0"
		*TM_ROW0 -0.0455056	-0.291877	-0.955373
		*TM_ROW1 0.876914	0.446413	-0.178152
		*TM_ROW2 0.478489	-0.845886	0.235636
		*TM_ROW3 -29.1499	-13.0909	79.0956
		*TM_POS -29.1499	-13.0909	79.0956
		*TM_ROTAXIS -0.33952	-0.729071	0.594291
		*TM_ROTANGLE 1.75354
		*TM_SCALE 1	1	1
		*TM_SCALEAXIS 0	0	0
		*TM_SCALEAXISANG 0	0	0
	}
	*TM_ANIMATION {
		*NODE_NAME  "Bip01 R Finger0"
		*CONTROL_POS_TRACK {
			*CONTROL_POS_SAMPLE 0	28.8791	-22.9795	177.686
			*CONTROL_POS_SAMPLE 4800	-2.76519	-29.1469	183.382
			*CONTROL_POS_SAMPLE 9600	-20.338	-18.3022	180.841
			*CONTROL_POS_SAMPLE 14400	28.1771	-37.1809	154.052
			*CONTROL_POS_SAMPLE 19200	-3.50879	-35.9955	156.54
			*CONTROL_POS_SAMPLE 24000	-21.5904	-28.4765	158.458
			*CONTROL_POS_SAMPLE 28800	24.1411	-38.6312	107.914
			*CONTROL_POS_SAMPLE 33600	0.0812242	-35.9485	117.138
			*CONTROL_POS_SAMPLE 38400	-23.7778	-31.1846	124.811
		}
		*CONTROL_ROT_TRACK {
			*CONTROL_ROT_SAMPLE 0	-0.531113	0.218252	-0.81871	0.849157
			*CONTROL_ROT_SAMPLE 4800	-0.26199	0.901646	0.344087	0.467153
			*CONTROL_ROT_SAMPLE 9600	0.204825	0.560979	0.802091	1.17241
			*CONTROL_ROT_SAMPLE 14400	-0.955364	-0.184842	-0.230462	1.52751
			*CONTROL_ROT_SAMPLE 19200	-0.947375	0.226474	0.226251	1.4068
			*CONTROL_ROT_SAMPLE 24000	-0.660679	0.556601	0.503685	1.69787
			*CONTROL_ROT_SAMPLE 28800	0.981844	0.115308	-0.150621	3.60786
			*CONTROL_ROT_SAMPLE 33600	0.955264	-0.124621	-0.268217	3.50408
			*CONTROL_ROT_SAMPLE 38400	0.837262	-0.37331	-0.399539	3.32543
		}
		*CONTROL_SCALE_TRACK {
			*CONTROL_SCALE_SAMPLE	0	1	1	1	0	0	0	0
		}
	}
}
*HELPEROBJECT {
	*NODE_NAME "ZS_RIGHTHAND"
	*NODE_PARENT "Bip01 R Hand"
	*NODE_TM {
		*NODE_NAME "ZS_RIGHTHAND"
		*TM_ROW0 -0.464344	0.856417	-0.225687
		*TM_ROW1 0.177861	0.339806	0.923525
		*TM_ROW2 0.867612	0.388692	-0.31011
		*TM_ROW3 -20.9389	-19.9852	85.8932
		*TM_POS -20.9389	-19.9852	85.8932
		*TM_ROTAXIS 0.383811	0.784581	0.486951
		*TM_ROTANGLE 3.91244
		*TM_SCALE 1	1	1
		*TM_SCALEAXIS 0	0	0
		*TM_SCALEAXISANG 0	0	0
	}
	*TM_ANIMATION {
		*NODE_NAME  "ZS_RIGHTHAND"
		*CONTROL_POS_TRACK {
			*CONTROL_POS_SAMPLE 0	24.6017	-24.5086	177.41
			*CONTROL_POS_SAMPLE 4800	-6.54922	-26.7988	182.446
			*CONTROL_POS_SAMPLE 9600	-20.9438	-14.2788	178.803
			*CONTROL_POS_SAMPLE 14400	24.4334	-39.2121	155.653
			*CONTROL_POS_SAMPLE 19200	-7.48897	-34.4291	158.095
			*CONTROL_POS_SAMPLE 24000	-23.4699	-24.4448	159.418
			*CONTROL_POS_SAMPLE 28800	20.5774	-40.9453	109.542
			*CONTROL_POS_SAMPLE 33600	-3.91884	-36.2354	119.289
			*CONTROL_POS_SAMPLE 38400	-26.7857	-29.3787	127.709
		}
		*CONTROL_ROT_TRACK {
			*CONTROL_ROT_SAMPLE 0	0.430148	-0.306095	-0.849281	2.67574
			*CONTROL_ROT_SAMPLE 4800	0.377656	-0.603035	-0.702655	1.96261
			*CONTROL_ROT_SAMPLE 9600	0.282958	-0.894684	-0.345652	1.4224
			*CONTROL_ROT_SAMPLE 14400	-0.0456476	-0.0227668	-0.998698	2.62405
			*CONTROL_ROT_SAMPLE 19200	-0.0333614	-0.0702325	-0.996973	1.79136
			*CONTROL_ROT_SAMPLE 24000	0.0503553	-0.0555054	-0.997188	1.01557
			*CONTROL_ROT_SAMPLE 28800	-0.489662	0.42559	-0.760989	2.41088
			*CONTROL_ROT_SAMPLE 33600	-0.462145	0.571293	-0.678267	1.96595
			*CONTROL_ROT_SAMPLE 38400	-0.425789	0.764657	-0.483739	1.49224
		}
		*CONTROL_SCALE_TRACK {
			*CONTROL_SCALE_SAMPLE	0	1	1	1	0	0	0	0
		}
	}
}
*HELPEROBJECT {
	*NODE_NAME "ZS_CROSSBOW"
	*NODE_PARENT "Bip01 Spine2"
	*NODE_TM {
		*NODE_NAME "ZS_CROSSBOW"
		*TM_ROW0 -0.382687	-0.111464	0.91713
		*TM_ROW1 -0.923878	0.0461715	-0.379891
		*TM_ROW2 -1.2517e-006	-0.992695	-0.120648
		*TM_ROW3 -14.434	10.5915	165.98
		*TM_POS -14.434	10.5915	165.98
		*TM_ROTAXIS -0.447329	0.669479	-0.593039
		*TM_ROTANGLE 2.38705
		*TM_SCALE 1	1	1
		*TM_SCALEAXIS 0	0	0
		*TM_SCALEAXISANG 0	0	0
	}
}
*HELPEROBJECT {
	*NODE_NAME "ZS_LONGSWORD"
	*NODE_PARENT "Bip01 Spine2"
	*NODE_TM {
		*NODE_NAME "ZS_LONGSWORD"
		*TM_ROW0 -0.499829	-0.0915011	0.861277
		*TM_ROW1 -0.865729	0.0828188	-0.493614
		*TM_ROW2 -0.0261636	-0.992355	-0.12061
		*TM_ROW3 -18.1593	6.92629	157.64
		*TM_POS -18.1593	6.92629	157.64
		*TM_ROTAXIS -0.38996	0.69388	-0.60536
		*TM_ROTANGLE 2.44778
		*TM_SCALE 1	1	1
		*TM_SCALEAXIS 0	0	0
		*TM_SCALEAXISANG 0	0	0
	}
}
*HELPEROBJECT {
	*NODE_NAME "ZS_SHIELD"
	*NODE_PARENT "Bip01 Spine2"
	*NODE_TM {
		*NODE_NAME "ZS_SHIELD"
		*TM_ROW0 -0.0138681	0.114196	-0.993362
		*TM_ROW1 -0.908393	0.413755	0.0602465
		*TM_ROW2 0.417888	0.903198	0.0979964
		*TM_ROW3 8.76511	9.5282	131.875
		*TM_POS 8.76511	9.5282	131.875
		*TM_ROTAXIS 0.435421	-0.728972	-0.528212
		*TM_ROTANGLE 1.82457
		*TM_SCALE 1	1	1
		*TM_SCALEAXIS 0	0	0
		*TM_SCALEAXISANG 0	0	0
	}
}
*HELPEROBJECT {
	*NODE_NAME "ZS_BOW"
	*NODE_PARENT "Bip01 Spine2"
	*NODE_TM {
		*NODE_NAME "ZS_BOW"
		*TM_ROW0 -0.341816	-0.0868229	0.935748
		*TM_ROW1 0.0119438	0.995242	0.0967059
		*TM_ROW2 -0.939691	0.044232	-0.339153
		*TM_ROW3 0.5012	12.4143	124.55
		*TM_POS 0.5012	12.4143	124.55
		*TM_ROTAXIS -0.0279299	0.998227	0.0525698
		*TM_ROTANGLE 1.92076
		*TM_SCALE 1	1	1
		*TM_SCALEAXIS 0	0	0
		*TM_SCALEAXISANG 0	0	0
	}
}
*HELPEROBJECT {
	*NODE_NAME "ZS_SWORD"
	*NODE_PARENT "Bip01 Spine"
	*NODE_TM {
		*NODE_NAME "ZS_SWORD"
		*TM_ROW0 5.79068e-007	-0.347172	0.937802
		*TM_ROW1 1.04308e-007	0.937802	0.347172
		*TM_ROW2 -1	-1.04308e-007	5.79068e-007
		*TM_ROW3 17.5015	-4.36211	106.367
		*TM_POS 17.5015	-4.36211	106.367
		*TM_ROTAXIS -0.17367	0.96937	0.17367
		*TM_ROTANGLE 1.6019
		*TM_SCALE 1	1	1
		*TM_SCALEAXIS 0	0	0
		*TM_SCALEAXISANG 0	0	0
	}
}
*HELPEROBJECT {
	*NODE_NAME "Bip01 L Thigh"
	*NODE_PARENT "Bip01 Pelvis"
	*NODE_TM {
		*NODE_NAME "Bip01 L Thigh"
		*TM_ROW0 0.0534879	-0.0367886	-0.997891
		*TM_ROW1 -0.00216181	-0.999323	0.0367256
		*TM_ROW2 -0.998566	0.000192882	-0.0535313
		*TM_ROW3 9.01023	-8.01129	99.9496
		*TM_POS 9.01023	-8.01129	99.9496
		*TM_ROTAXIS 0.72572	-0.01342	-0.68786
		*TM_ROTANGLE 3.16677
		*TM_SCALE 1	1	1
		*TM_SCALEAXIS 0	0	0
		*TM_SCALEAXISANG 0	0	0
	}
}
*HELPEROBJECT {
	*NODE_NAME "Bip01 L Calf"
	*NODE_PARENT "Bip01 L Thigh"
	*NODE_TM {
		*NODE_NAME "Bip01 L Calf"
		*TM_ROW0 0.0525131	0.197552	-0.978885
		*TM_ROW1 0.0103904	-0.980292	-0.197278
		*TM_ROW2 -0.998566	0.000188708	-0.0535307
		*TM_ROW3 11.1149	-9.45845	60.6877
		*TM_POS 11.1149	-9.45845	60.6877
		*TM_ROTAXIS 0.723901	0.0721501	-0.686121
		*TM_ROTANGLE 3.00478
		*TM_SCALE 1	1	1
		*TM_SCALEAXIS 0	0	0
		*TM_SCALEAXISANG 0	0	0
	}
}
*HELPEROBJECT {
	*NODE_NAME "Bip01 L Foot"
	*NODE_PARENT "Bip01 L Calf"
	*NODE_TM {
		*NODE_NAME "Bip01 L Foot"
		*TM_ROW0 -6.00563e-007	7.23674e-006	-1
		*TM_ROW1 0.173652	-0.984807	-7.2672e-006
		*TM_ROW2 -0.984807	-0.173652	-5.93313e-007
		*TM_ROW3 13.6935	0.240668	12.6267
		*TM_POS 13.6935	0.240668	12.6267
		*TM_ROTAXIS 0.705757	0.0617498	-0.705757
		*TM_ROTANGLE 3.26493
		*TM_SCALE 1	1	1
		*TM_SCALEAXIS 0	0	0
		*TM_SCALEAXISANG 0	0	0
	}
}
*HELPEROBJECT {
	*NODE_NAME "Bip01 L Toe0"
	*NODE_PARENT "Bip01 L Foot"
	*NODE_TM {
		*NODE_NAME "Bip01 L Toe0"
		*TM_ROW0 0.173646	-0.984808	5.05606e-006
		*TM_ROW1 5.06961e-006	5.93591e-006	1
		*TM_ROW2 -0.984808	-0.173646	5.91983e-006
		*TM_ROW3 17.6256	-22.0591	-2.43328e-006
		*TM_POS 17.6256	-22.0591	-2.43328e-006
		*TM_ROTAXIS -0.644398	0.540718	0.540718
		*TM_ROTANGLE 1.99673
		*TM_SCALE 1	1	1
		*TM_SCALEAXIS 0	0	0
		*TM_SCALEAXISANG 0	0	0
	}
}
*HELPEROBJECT {
	*NODE_NAME "Bip01 R Thigh"
	*NODE_PARENT "Bip01 Pelvis"
	*NODE_TM {
		*NODE_NAME "Bip01 R Thigh"
		*TM_ROW0 -0.0535034	-0.0367749	-0.99789
		*TM_ROW1 0.00205776	-0.999324	0.0367174
		*TM_ROW2 -0.998566	-8.89041e-005	0.0535432
		*TM_ROW3 -9.01021	-8.01132	99.9496
		*TM_POS -9.01021	-8.01132	99.9496
		*TM_ROTAXIS 0.687862	-0.01262	-0.725732
		*TM_ROTANGLE 3.16835
		*TM_SCALE 1	1	1
		*TM_SCALEAXIS 0	0	0
		*TM_SCALEAXISANG 0	0	0
	}
}
*HELPEROBJECT {
	*NODE_NAME "Bip01 R Calf"
	*NODE_PARENT "Bip01 R Thigh"
	*NODE_TM {
		*NODE_NAME "Bip01 R Calf"
		*TM_ROW0 -0.0525024	0.197539	-0.978888
		*TM_ROW1 -0.0104967	-0.980295	-0.19726
		*TM_ROW2 -0.998566	-8.16062e-005	0.0535415
		*TM_ROW3 -11.1154	-9.45856	60.6878
		*TM_POS -11.1154	-9.45856	60.6878
		*TM_ROTAXIS 0.686298	0.0684898	-0.724088
		*TM_ROTANGLE 2.99744
		*TM_SCALE 1	1	1
		*TM_SCALEAXIS 0	0	0
		*TM_SCALEAXISANG 0	0	0
	}
}
*HELPEROBJECT {
	*NODE_NAME "Bip01 R Foot"
	*NODE_PARENT "Bip01 R Calf"
	*NODE_TM {
		*NODE_NAME "Bip01 R Foot"
		*TM_ROW0 -5.86066e-007	-7.25461e-006	-1
		*TM_ROW1 -0.173652	-0.984807	7.24331e-006
		*TM_ROW2 -0.984807	0.173652	-5.91966e-007
		*TM_ROW3 -13.6935	0.24065	12.6267
		*TM_POS -13.6935	0.24065	12.6267
		*TM_ROTAXIS 0.705757	-0.0617498	-0.705757
		*TM_ROTANGLE 3.01826
		*TM_SCALE 1	1	1
		*TM_SCALEAXIS 0	0	0
		*TM_SCALEAXISANG 0	0	0
	}
}
*HELPEROBJECT {
	*NODE_NAME "Bip01 R Toe0"
	*NODE_PARENT "Bip01 R Foot"
	*NODE_TM {
		*NODE_NAME "Bip01 R Toe0"
		*TM_ROW0 -0.173651	-0.984807	3.50312e-006
		*TM_ROW1 3.50539e-006	3.00781e-006	1
		*TM_ROW2 -0.984808	0.173651	3.01546e-006
		*TM_ROW3 -17.6255	-22.0592	3.52698e-005
		*TM_POS -17.6255	-22.0592	3.52698e-005
		*TM_ROTAXIS 0.510271	-0.608121	-0.608121
		*TM_ROTANGLE 4.08526
		*TM_SCALE 1	1	1
		*TM_SCALEAXIS 0	0	0
		*TM_SCALEAXISANG 0	0	0
	}
}
