*3DSMAX_ASCIIEXPORT	110
*COMMENT "[ GothicSourcer v3.10 ] - August 2006"
*SCENE {
	*SCENE_FILENAME "ORC_BODYSHAMAN.MAX"
	*SCENE_FIRSTFRAME 0
	*SCENE_LASTFRAME 100
	*SCENE_FRAMESPEED 25
	*SCENE_TICKSPERFRAME 192
	*SCENE_BACKGROUND_STATIC 0	0	0
	*SCENE_AMBIENT_STATIC 0.2	0.2	0.2
}
*MATERIAL_LIST {
	*MATERIAL_COUNT 1
	*MATERIAL 0 {
		*MATERIAL_NAME "Compound Material #1"
		*MATERIAL_CLASS "Multi/Sub-Object"
		*NUMSUBMTLS 3
		*SUBMATERIAL 0 {
			*MATERIAL_NAME "WARRIORBODY"
			*MATERIAL_CLASS "Standard"
			*MATERIAL_AMBIENT 0.286275	0.247059	0.180392
			*MATERIAL_DIFFUSE 0.286275	0.247059	0.180392
			*MATERIAL_SPECULAR 0.9	0.9	0.9
			*MATERIAL_SHINE 0.1
			*MATERIAL_SHINESTRENGTH 0
			*MATERIAL_TRANSPARENCY 0
			*MATERIAL_WIRESIZE 1
			*MATERIAL_SHADING Blinn
			*MATERIAL_XP_FALLOFF 0
			*MATERIAL_SELFILLUM 0
			*MATERIAL_FALLOFF In
			*MATERIAL_XP_TYPE Filter
			*MAP_DIFFUSE {
				*MAP_NAME "Map #1-1"
				*MAP_CLASS "Bitmap"
				*MAP_SUBNO 1
				*MAP_AMOUNT 1
				*BITMAP "ORC_BODYSHAMAN_V0.TGA"
				*MAP_TYPE Screen
				*UVW_U_OFFSET 0
				*UVW_V_OFFSET 0
				*UVW_U_TILING 1
				*UVW_V_TILING 1
				*UVW_ANGLE 0
				*UVW_BLUR 1
				*UVW_BLUR_OFFSET 0
				*UVW_NOUSE_AMT 1
				*UVW_NOISE_SIZE 1
				*UVW_NOISE_LEVEL 1
				*UVW_NOISE_PHASE 0
				*BITMAP_FILTER Pyramidal
			}
		}
		*SUBMATERIAL 1 {
			*MATERIAL_NAME "MATERIAL #168"
			*MATERIAL_CLASS "Standard"
			*MATERIAL_AMBIENT 0.407843	0.360784	0.258824
			*MATERIAL_DIFFUSE 0.407843	0.360784	0.258824
			*MATERIAL_SPECULAR 0.9	0.9	0.9
			*MATERIAL_SHINE 0.1
			*MATERIAL_SHINESTRENGTH 0
			*MATERIAL_TRANSPARENCY 0
			*MATERIAL_WIRESIZE 1
			*MATERIAL_SHADING Blinn
			*MATERIAL_XP_FALLOFF 0
			*MATERIAL_SELFILLUM 0
			*MATERIAL_FALLOFF In
			*MATERIAL_XP_TYPE Filter
			*MAP_DIFFUSE {
				*MAP_NAME "Map #1-2"
				*MAP_CLASS "Bitmap"
				*MAP_SUBNO 1
				*MAP_AMOUNT 1
				*BITMAP "ORC_ARMSSHAMAN_V0.TGA"
				*MAP_TYPE Screen
				*UVW_U_OFFSET 0
				*UVW_V_OFFSET 0
				*UVW_U_TILING 1
				*UVW_V_TILING 1
				*UVW_ANGLE 0
				*UVW_BLUR 1
				*UVW_BLUR_OFFSET 0
				*UVW_NOUSE_AMT 1
				*UVW_NOISE_SIZE 1
				*UVW_NOISE_LEVEL 1
				*UVW_NOISE_PHASE 0
				*BITMAP_FILTER Pyramidal
			}
		}
		*SUBMATERIAL 2 {
			*MATERIAL_NAME "MATERIAL #169"
			*MATERIAL_CLASS "Standard"
			*MATERIAL_AMBIENT 0.270588	0.227451	0.164706
			*MATERIAL_DIFFUSE 0.270588	0.227451	0.164706
			*MATERIAL_SPECULAR 0.9	0.9	0.9
			*MATERIAL_SHINE 0.1
			*MATERIAL_SHINESTRENGTH 0
			*MATERIAL_TRANSPARENCY 0
			*MATERIAL_WIRESIZE 1
			*MATERIAL_SHADING Blinn
			*MATERIAL_XP_FALLOFF 0
			*MATERIAL_SELFILLUM 0
			*MATERIAL_FALLOFF In
			*MATERIAL_XP_TYPE Filter
			*MAP_DIFFUSE {
				*MAP_NAME "Map #1-3"
				*MAP_CLASS "Bitmap"
				*MAP_SUBNO 1
				*MAP_AMOUNT 1
				*BITMAP "ORC_LEGSSHAMAN_V0.TGA"
				*MAP_TYPE Screen
				*UVW_U_OFFSET 0
				*UVW_V_OFFSET 0
				*UVW_U_TILING 1
				*UVW_V_TILING 1
				*UVW_ANGLE 0
				*UVW_BLUR 1
				*UVW_BLUR_OFFSET 0
				*UVW_NOUSE_AMT 1
				*UVW_NOISE_SIZE 1
				*UVW_NOISE_LEVEL 1
				*UVW_NOISE_PHASE 0
				*BITMAP_FILTER Pyramidal
			}
		}
	}
}
*HELPEROBJECT {
	*NODE_NAME "Bip01"
	*NODE_TM {
		*NODE_NAME "Bip01"
		*TM_ROW0 1.26759e-006	-1	0
		*TM_ROW1 1	1.26759e-006	0
		*TM_ROW2 -0	-0	1
		*TM_ROW3 -1e-006	0	100.39
		*TM_POS -1e-006	0	100.39
		*TM_ROTAXIS 0	0	1
		*TM_ROTANGLE 1.5708
		*TM_SCALE 1	1	1
		*TM_SCALEAXIS 0	0	0
		*TM_SCALEAXISANG 0	0	0
	}
}
*HELPEROBJECT {
	*NODE_NAME "Bip01 Pelvis"
	*NODE_PARENT "Bip01"
	*NODE_TM {
		*NODE_NAME "Bip01 Pelvis"
		*TM_ROW0 -1.19209e-006	-1.64892e-007	1
		*TM_ROW1 2.99332e-006	-1	-1.64887e-007
		*TM_ROW2 1	2.99332e-006	1.66893e-006
		*TM_ROW3 -1e-006	4e-005	100.39
		*TM_POS -1e-006	4e-005	100.39
		*TM_ROTAXIS -0.707106	-1e-006	-0.707107
		*TM_ROTANGLE 3.14159
		*TM_SCALE 1	1	1
		*TM_SCALEAXIS 0	0	0
		*TM_SCALEAXISANG 0	0	0
	}
}
*HELPEROBJECT {
	*NODE_NAME "Bip01 Spine"
	*NODE_PARENT "Bip01 Pelvis"
	*NODE_TM {
		*NODE_NAME "Bip01 Spine"
		*TM_ROW0 -1.19209e-007	-0.259588	0.96572
		*TM_ROW1 -1.78814e-006	-0.965719	-0.259588
		*TM_ROW2 1	-1.78814e-006	-1.19209e-007
		*TM_ROW3 -9.99999e-007	-1.86469	107.969
		*TM_POS -9.99999e-007	-1.86469	107.969
		*TM_ROTAXIS 0.704044	-0.092975	0.704044
		*TM_ROTANGLE 2.95618
		*TM_SCALE 1	1	1
		*TM_SCALEAXIS 0	0	0
		*TM_SCALEAXISANG 0	0	0
	}
}
*HELPEROBJECT {
	*NODE_NAME "Bip01 Spine1"
	*NODE_PARENT "Bip01 Spine"
	*NODE_TM {
		*NODE_NAME "Bip01 Spine1"
		*TM_ROW0 1.78814e-007	-0.0879481	0.996125
		*TM_ROW1 -1.09151e-006	-0.996125	-0.0879481
		*TM_ROW2 1	-1.09151e-006	1.78814e-007
		*TM_ROW3 6e-006	-6.55859	125.486
		*TM_POS 6e-006	-6.55859	125.486
		*TM_ROTAXIS 0.706764	-0.03114	0.706764
		*TM_ROTANGLE 3.07933
		*TM_SCALE 1	1	1
		*TM_SCALEAXIS 0	0	0
		*TM_SCALEAXISANG 0	0	0
	}
}
*HELPEROBJECT {
	*NODE_NAME "Bip01 Spine2"
	*NODE_PARENT "Bip01 Spine1"
	*NODE_TM {
		*NODE_NAME "Bip01 Spine2"
		*TM_ROW0 2.98023e-007	0.172863	0.984946
		*TM_ROW1 -1.42306e-006	-0.984946	0.172863
		*TM_ROW2 1	-1.42306e-006	2.98023e-007
		*TM_ROW3 8e-006	-8.13954	143.55
		*TM_POS 8e-006	-8.13954	143.55
		*TM_ROTAXIS 0.70577	0.061463	0.70577
		*TM_ROTANGLE 3.26437
		*TM_SCALE 1	1	1
		*TM_SCALEAXIS 0	0	0
		*TM_SCALEAXISANG 0	0	0
	}
}
*HELPEROBJECT {
	*NODE_NAME "Bip01 Spine3"
	*NODE_PARENT "Bip01 Spine2"
	*NODE_TM {
		*NODE_NAME "Bip01 Spine3"
		*TM_ROW0 2.98023e-007	0.172863	0.984946
		*TM_ROW1 -1.42306e-006	-0.984946	0.172863
		*TM_ROW2 1	-1.42306e-006	2.98023e-007
		*TM_ROW3 4e-006	-4.98999	161.413
		*TM_POS 4e-006	-4.98999	161.413
		*TM_ROTAXIS 0.70577	0.061463	0.70577
		*TM_ROTANGLE 3.26437
		*TM_SCALE 1	1	1
		*TM_SCALEAXIS 0	0	0
		*TM_SCALEAXISANG 0	0	0
	}
}
*HELPEROBJECT {
	*NODE_NAME "Bip01 Neck"
	*NODE_PARENT "Bip01 Spine3"
	*NODE_TM {
		*NODE_NAME "Bip01 Neck"
		*TM_ROW0 6.55651e-007	-0.826733	0.562595
		*TM_ROW1 -1.81794e-006	-0.562595	-0.826733
		*TM_ROW2 1	-5.36442e-007	-1.72853e-006
		*TM_ROW3 -1e-006	-1.85131	179.282
		*TM_POS -1e-006	-1.85131	179.282
		*TM_ROTAXIS 0.662278	-0.350396	0.662277
		*TM_ROTANGLE 2.46754
		*TM_SCALE 1	1	1
		*TM_SCALEAXIS 0	0	0
		*TM_SCALEAXISANG 0	0	0
	}
}
*HELPEROBJECT {
	*NODE_NAME "Bip01 Neck1"
	*NODE_PARENT "Bip01 Neck"
	*NODE_TM {
		*NODE_NAME "Bip01 Neck1"
		*TM_ROW0 1.90735e-006	-0.843235	0.537545
		*TM_ROW1 -1.96695e-006	-0.537545	-0.843235
		*TM_ROW2 1	5.36442e-007	-2.68221e-006
		*TM_ROW3 7.99999e-006	-8.02732	183.492
		*TM_POS 7.99999e-006	-8.02732	183.492
		*TM_ROTAXIS 0.65927	-0.361563	0.659268
		*TM_ROTANGLE 2.44772
		*TM_SCALE 1	1	1
		*TM_SCALEAXIS 0	0	0
		*TM_SCALEAXISANG 0	0	0
	}
}
*HELPEROBJECT {
	*NODE_NAME "Bip01 Neck2"
	*NODE_PARENT "Bip01 Neck1"
	*NODE_TM {
		*NODE_NAME "Bip01 Neck2"
		*TM_ROW0 1.90735e-006	-0.934839	0.355071
		*TM_ROW1 -2.05636e-006	-0.355071	-0.934839
		*TM_ROW2 1	9.53675e-007	-2.44379e-006
		*TM_ROW3 1.8e-005	-14.3278	187.515
		*TM_POS 1.8e-005	-14.3278	187.515
		*TM_ROTAXIS 0.635522	-0.438435	0.63552
		*TM_ROTANGLE 2.3152
		*TM_SCALE 1	1	1
		*TM_SCALEAXIS 0	0	0
		*TM_SCALEAXISANG 0	0	0
	}
}
*HELPEROBJECT {
	*NODE_NAME "Bip01 Head"
	*NODE_PARENT "Bip01 Neck2"
	*NODE_TM {
		*NODE_NAME "Bip01 Head"
		*TM_ROW0 -1.1921e-007	-0.216439	0.976296
		*TM_ROW1 -2.12342e-006	-0.976296	-0.216439
		*TM_ROW2 1	-2.12342e-006	-1.19209e-007
		*TM_ROW3 2.80001e-005	-21.315	190.169
		*TM_POS 2.80001e-005	-21.315	190.169
		*TM_ROTAXIS -0.704996	0.0772101	-0.704996
		*TM_ROTANGLE 3.2957
		*TM_SCALE 1	1	1
		*TM_SCALEAXIS 0	0	0
		*TM_SCALEAXISANG 0	0	0
	}
}
*HELPEROBJECT {
	*NODE_NAME "Bip01 R Clavicle"
	*NODE_PARENT "Bip01 Neck"
	*NODE_TM {
		*NODE_NAME "Bip01 R Clavicle"
		*TM_ROW0 -0.930679	-0.0635278	-0.36028
		*TM_ROW1 -7.37608e-007	0.984808	-0.173649
		*TM_ROW2 0.365838	-0.161611	-0.916539
		*TM_ROW3 -20.767	-1.85468	184.641
		*TM_POS -20.767	-1.85468	184.641
		*TM_ROTAXIS -0.016513	0.996059	-0.087144
		*TM_ROTANGLE 3.51468
		*TM_SCALE 1	1	1
		*TM_SCALEAXIS 0	0	0
		*TM_SCALEAXISANG 0	0	0
	}
}
*HELPEROBJECT {
	*NODE_NAME "Bip01 R UpperArm"
	*NODE_PARENT "Bip01 R Clavicle"
	*NODE_TM {
		*NODE_NAME "Bip01 R UpperArm"
		*TM_ROW0 -0.226576	0.326402	-0.917674
		*TM_ROW1 0.110598	0.944705	0.30871
		*TM_ROW2 0.967694	-0.0315468	-0.250147
		*TM_ROW3 -38.1611	-3.042	177.907
		*TM_POS -38.1611	-3.042	177.907
		*TM_ROTAXIS -0.176487	-0.977918	-0.111935
		*TM_ROTANGLE 1.84005
		*TM_SCALE 1	1	1
		*TM_SCALEAXIS 0	0	0
		*TM_SCALEAXISANG 0	0	0
	}
}
*HELPEROBJECT {
	*NODE_NAME "Bip01 R Forearm"
	*NODE_PARENT "Bip01 R UpperArm"
	*NODE_TM {
		*NODE_NAME "Bip01 R Forearm"
		*TM_ROW0 -0.227626	-0.535956	-0.812981
		*TM_ROW1 -0.10842	0.843657	-0.525823
		*TM_ROW2 0.967694	-0.0315472	-0.250146
		*TM_ROW3 -48.2433	11.4822	137.073
		*TM_POS -48.2433	11.4822	137.073
		*TM_ROTAXIS 0.260582	-0.938772	0.225397
		*TM_ROTANGLE 1.89342
		*TM_SCALE 1	1	1
		*TM_SCALEAXIS 0	0	0
		*TM_SCALEAXISANG 0	0	0
	}
}
*HELPEROBJECT {
	*NODE_NAME "Bip01 R Hand"
	*NODE_PARENT "Bip01 R Forearm"
	*NODE_TM {
		*NODE_NAME "Bip01 R Hand"
		*TM_ROW0 -0.227626	-0.535955	-0.812981
		*TM_ROW1 0.967607	-0.0308752	-0.250566
		*TM_ROW2 0.109191	-0.843682	0.525622
		*TM_ROW3 -59.4585	-14.9245	97.0171
		*TM_POS -59.4585	-14.9245	97.0171
		*TM_ROTAXIS -0.318728	-0.495556	0.807983
		*TM_ROTANGLE 1.94598
		*TM_SCALE 1	1	1
		*TM_SCALEAXIS 0	0	0
		*TM_SCALEAXISANG 0	0	0
	}
}
*HELPEROBJECT {
	*NODE_NAME "Bip01 R Finger0"
	*NODE_PARENT "Bip01 R Hand"
	*NODE_TM {
		*NODE_NAME "Bip01 R Finger0"
		*TM_ROW0 -0.227626	-0.535955	-0.812981
		*TM_ROW1 0.967694	-0.0315475	-0.250146
		*TM_ROW2 0.10842	-0.843657	0.525821
		*TM_ROW3 -63.9724	-32.6734	67.1956
		*TM_POS -63.9724	-32.6734	67.1956
		*TM_ROTAXIS -0.318972	-0.495191	0.80811
		*TM_ROTANGLE 1.94623
		*TM_SCALE 1	1	1
		*TM_SCALEAXIS 0	0	0
		*TM_SCALEAXISANG 0	0	0
	}
}
*HELPEROBJECT {
	*NODE_NAME "ZS_RIGHTHAND"
	*NODE_PARENT "Bip01 R Hand"
	*NODE_TM {
		*NODE_NAME "ZS_RIGHTHAND"
		*TM_ROW0 -0.0919255	0.847042	-0.523517
		*TM_ROW1 0.0985439	0.530901	0.841685
		*TM_ROW2 0.990878	0.0257829	-0.132274
		*TM_ROW3 -57.3666	-39.9319	91.4154
		*TM_POS -57.3666	-39.9319	91.4154
		*TM_ROTAXIS -0.434918	-0.807251	-0.398988
		*TM_ROTANGLE 1.92479
		*TM_SCALE 1	1	1
		*TM_SCALEAXIS 0	0	0
		*TM_SCALEAXISANG 0	0	0
	}
}
*HELPEROBJECT {
	*NODE_NAME "Bip01 L Clavicle"
	*NODE_PARENT "Bip01 Neck"
	*NODE_TM {
		*NODE_NAME "Bip01 L Clavicle"
		*TM_ROW0 0.930678	-0.0635258	-0.36028
		*TM_ROW1 -1.46404e-006	0.984808	-0.173648
		*TM_ROW2 0.365838	0.161611	0.916539
		*TM_ROW3 20.767	-1.85461	184.641
		*TM_POS 20.767	-1.85461	184.641
		*TM_ROTAXIS 0.417874	-0.905048	0.079178
		*TM_ROTANGLE 0.412771
		*TM_SCALE 1	1	1
		*TM_SCALEAXIS 0	0	0
		*TM_SCALEAXISANG 0	0	0
	}
}
*HELPEROBJECT {
	*NODE_NAME "Bip01 L UpperArm"
	*NODE_PARENT "Bip01 L Clavicle"
	*NODE_TM {
		*NODE_NAME "Bip01 L UpperArm"
		*TM_ROW0 0.226575	0.326403	-0.917674
		*TM_ROW1 -0.110602	0.944704	0.308709
		*TM_ROW2 0.967694	0.0315509	0.250147
		*TM_ROW3 38.1611	-3.04189	177.907
		*TM_POS 38.1611	-3.04189	177.907
		*TM_ROTAXIS -0.141762	-0.964335	-0.223521
		*TM_ROTANGLE 1.35849
		*TM_SCALE 1	1	1
		*TM_SCALEAXIS 0	0	0
		*TM_SCALEAXISANG 0	0	0
	}
}
*HELPEROBJECT {
	*NODE_NAME "Bip01 L Forearm"
	*NODE_PARENT "Bip01 L UpperArm"
	*NODE_TM {
		*NODE_NAME "Bip01 L Forearm"
		*TM_ROW0 0.240525	-0.41305	-0.878372
		*TM_ROW1 0.07561	0.910162	-0.407295
		*TM_ROW2 0.967694	0.0315509	0.250147
		*TM_ROW3 48.2432	11.4823	137.073
		*TM_POS 48.2432	11.4823	137.073
		*TM_ROTAXIS 0.223967	-0.942148	0.24939
		*TM_ROTANGLE 1.36901
		*TM_SCALE 1	1	1
		*TM_SCALEAXIS 0	0	0
		*TM_SCALEAXISANG 0	0	0
	}
}
*HELPEROBJECT {
	*NODE_NAME "Bip01 L Hand"
	*NODE_PARENT "Bip01 L Forearm"
	*NODE_TM {
		*NODE_NAME "Bip01 L Hand"
		*TM_ROW0 0.240523	-0.41305	-0.878372
		*TM_ROW1 -0.967634	-0.0308247	-0.25047
		*TM_ROW2 0.0763812	0.910187	-0.407095
		*TM_ROW3 60.0939	-8.86877	93.7952
		*TM_POS 60.0939	-8.86877	93.7952
		*TM_ROTAXIS 0.724528	-0.595995	-0.346193
		*TM_ROTANGLE 2.21267
		*TM_SCALE 1	1	1
		*TM_SCALEAXIS 0	0	0
		*TM_SCALEAXISANG 0	0	0
	}
}
*HELPEROBJECT {
	*NODE_NAME "Bip01 L Finger0"
	*NODE_PARENT "Bip01 L Hand"
	*NODE_TM {
		*NODE_NAME "Bip01 L Finger0"
		*TM_ROW0 0.240524	-0.41305	-0.878372
		*TM_ROW1 -0.967694	-0.0315497	-0.250147
		*TM_ROW2 0.0756107	0.910162	-0.407294
		*TM_ROW3 65.0173	-22.263	61.8409
		*TM_POS 65.0173	-22.263	61.8409
		*TM_ROTAXIS 0.724623	-0.595771	-0.34638
		*TM_ROTANGLE 2.21325
		*TM_SCALE 1	1	1
		*TM_SCALEAXIS 0	0	0
		*TM_SCALEAXISANG 0	0	0
	}
}
*HELPEROBJECT {
	*NODE_NAME "ZS_LEFTHAND"
	*NODE_PARENT "Bip01 L Hand"
	*NODE_TM {
		*NODE_NAME "ZS_LEFTHAND"
		*TM_ROW0 -0.0590281	-0.912622	0.404521
		*TM_ROW1 0.111153	-0.408716	-0.905867
		*TM_ROW2 0.992049	-0.00850807	0.125566
		*TM_ROW3 59.611	-32.9569	84.9709
		*TM_POS 59.611	-32.9569	84.9709
		*TM_ROTAXIS -0.605198	0.396241	-0.690455
		*TM_ROTANGLE 3.97671
		*TM_SCALE 1	1	1
		*TM_SCALEAXIS 0	0	0
		*TM_SCALEAXISANG 0	0	0
	}
}
*HELPEROBJECT {
	*NODE_NAME "ZS_CROSSBOW"
	*NODE_PARENT "Bip01 Spine3"
	*NODE_TM {
		*NODE_NAME "ZS_CROSSBOW"
		*TM_ROW0 -0.405534	-0.0900488	-0.909634
		*TM_ROW1 0.862856	0.290741	-0.413461
		*TM_ROW2 0.301699	-0.952555	-0.0402061
		*TM_ROW3 -22.0241	17.4491	156.732
		*TM_POS -22.0241	17.4491	156.732
		*TM_ROTAXIS 0.330169	0.741883	-0.583608
		*TM_ROTANGLE 4.09673
		*TM_SCALE 1	1	1
		*TM_SCALEAXIS 0	0	0
		*TM_SCALEAXISANG 0	0	0
	}
}
*HELPEROBJECT {
	*NODE_NAME "Bip01 L Thigh"
	*NODE_PARENT "Bip01 Spine"
	*NODE_TM {
		*NODE_NAME "Bip01 L Thigh"
		*TM_ROW0 0.053579	-0.575272	-0.816206
		*TM_ROW1 -0.0377807	-0.817963	0.57403
		*TM_ROW2 -0.997849	8.09121e-005	-0.0655597
		*TM_ROW3 18.9348	6.04516e-005	100.39
		*TM_POS 18.9348	6.04516e-005	100.39
		*TM_ROTAXIS 0.711181	-0.225074	-0.666006
		*TM_ROTANGLE 3.55695
		*TM_SCALE 1	1	1
		*TM_SCALEAXIS 0	0	0
		*TM_SCALEAXISANG 0	0	0
	}
}
*HELPEROBJECT {
	*NODE_NAME "Bip01 L Calf"
	*NODE_PARENT "Bip01 L Thigh"
	*NODE_TM {
		*NODE_NAME "Bip01 L Calf"
		*TM_ROW0 0.0442902	0.738124	-0.67321
		*TM_ROW1 0.0483363	-0.674665	-0.73654
		*TM_ROW2 -0.997849	8.10328e-005	-0.0655593
		*TM_ROW3 21.1926	-24.2423	65.9946
		*TM_POS 21.1926	-24.2423	65.9946
		*TM_ROTAXIS 0.694861	0.306235	-0.650683
		*TM_ROTANGLE 2.58293
		*TM_SCALE 1	1	1
		*TM_SCALEAXIS 0	0	0
		*TM_SCALEAXISANG 0	0	0
	}
}
*HELPEROBJECT {
	*NODE_NAME "Bip01 L HorseLink"
	*NODE_PARENT "Bip01 L Calf"
	*NODE_TM {
		*NODE_NAME "Bip01 L HorseLink"
		*TM_ROW0 0.0655604	0.00141326	-0.997848
		*TM_ROW1 1.15718e-005	-0.999999	-0.00141548
		*TM_ROW2 -0.997849	8.1244e-005	-0.06556
		*TM_ROW3 22.6569	0.160504	43.7379
		*TM_POS 22.6569	0.160504	43.7379
		*TM_ROTAXIS 0.729918	0.00048801	-0.683535
		*TM_ROTANGLE 3.14057
		*TM_SCALE 1	1	1
		*TM_SCALEAXIS 0	0	0
		*TM_SCALEAXISANG 0	0	0
	}
}
*HELPEROBJECT {
	*NODE_NAME "Bip01 L Foot"
	*NODE_PARENT "Bip01 L HorseLink"
	*NODE_TM {
		*NODE_NAME "Bip01 L Foot"
		*TM_ROW0 -1.15149e-006	-1.43094e-006	-1
		*TM_ROW1 0.17365	-0.984807	1.25858e-006
		*TM_ROW2 -0.984807	-0.17365	1.57511e-006
		*TM_ROW3 24.2903	0.195716	18.8773
		*TM_POS 24.2903	0.195716	18.8773
		*TM_ROTAXIS 0.705757	0.061746	-0.705758
		*TM_ROTANGLE 3.26493
		*TM_SCALE 1	1	1
		*TM_SCALEAXIS 0	0	0
		*TM_SCALEAXISANG 0	0	0
	}
}
*HELPEROBJECT {
	*NODE_NAME "Bip01 L Toe0"
	*NODE_PARENT "Bip01 L Foot"
	*NODE_TM {
		*NODE_NAME "Bip01 L Toe0"
		*TM_ROW0 0.17365	-0.984807	8.26451e-007
		*TM_ROW1 8.23665e-007	9.46649e-007	1
		*TM_ROW2 -0.984808	-0.17365	1.00887e-006
		*TM_ROW3 30.6862	-36.0772	0.3113
		*TM_POS 30.6862	-36.0772	0.3113
		*TM_ROTAXIS -0.644401	0.540716	0.540716
		*TM_ROTANGLE 1.99673
		*TM_SCALE 1	1	1
		*TM_SCALEAXIS 0	0	0
		*TM_SCALEAXISANG 0	0	0
	}
}
*HELPEROBJECT {
	*NODE_NAME "Bip01 R Thigh"
	*NODE_PARENT "Bip01 Spine"
	*NODE_TM {
		*NODE_NAME "Bip01 R Thigh"
		*TM_ROW0 -0.0535765	-0.575272	-0.816206
		*TM_ROW1 0.0377831	-0.817962	0.57403
		*TM_ROW2 -0.997849	-8.41892e-005	0.0655594
		*TM_ROW3 -18.9348	6.04389e-006	100.39
		*TM_POS -18.9348	6.04389e-006	100.39
		*TM_ROTAXIS 0.6681	-0.211379	-0.713416
		*TM_ROTANGLE 3.58571
		*TM_SCALE 1	1	1
		*TM_SCALEAXIS 0	0	0
		*TM_SCALEAXISANG 0	0	0
	}
}
*HELPEROBJECT {
	*NODE_NAME "Bip01 R Calf"
	*NODE_PARENT "Bip01 R Thigh"
	*NODE_TM {
		*NODE_NAME "Bip01 R Calf"
		*TM_ROW0 -0.0442933	0.738124	-0.67321
		*TM_ROW1 -0.0483345	-0.674665	-0.73654
		*TM_ROW2 -0.997849	-8.4541e-005	0.06556
		*TM_ROW3 -21.1925	-24.2423	65.9946
		*TM_POS -21.1925	-24.2423	65.9946
		*TM_ROTAXIS 0.654459	0.288494	-0.698895
		*TM_ROTANGLE 2.54401
		*TM_SCALE 1	1	1
		*TM_SCALEAXIS 0	0	0
		*TM_SCALEAXISANG 0	0	0
	}
}
*HELPEROBJECT {
	*NODE_NAME "Bip01 R HorseLink"
	*NODE_PARENT "Bip01 R Calf"
	*NODE_TM {
		*NODE_NAME "Bip01 R HorseLink"
		*TM_ROW0 -0.0655601	0.00141258	-0.997848
		*TM_ROW1 -7.29476e-006	-0.999999	-0.00141515
		*TM_ROW2 -0.997849	-8.54982e-005	0.0655603
		*TM_ROW3 -22.6569	0.160446	43.7379
		*TM_POS -22.6569	0.160446	43.7379
		*TM_ROTAXIS 0.683535	0.000513978	-0.729918
		*TM_ROTANGLE 3.14062
		*TM_SCALE 1	1	1
		*TM_SCALEAXIS 0	0	0
		*TM_SCALEAXISANG 0	0	0
	}
}
*HELPEROBJECT {
	*NODE_NAME "Bip01 R Foot"
	*NODE_PARENT "Bip01 R HorseLink"
	*NODE_TM {
		*NODE_NAME "Bip01 R Foot"
		*TM_ROW0 -6.60007e-008	-1.2867e-006	-1
		*TM_ROW1 -0.173647	-0.984808	1.27949e-006
		*TM_ROW2 -0.984808	0.173647	-7.77815e-008
		*TM_ROW3 -24.2903	0.19563	18.8773
		*TM_POS -24.2903	0.19563	18.8773
		*TM_ROTAXIS 0.705758	-0.061746	-0.705757
		*TM_ROTANGLE 3.01826
		*TM_SCALE 1	1	1
		*TM_SCALEAXIS 0	0	0
		*TM_SCALEAXISANG 0	0	0
	}
}
*HELPEROBJECT {
	*NODE_NAME "Bip01 R Toe0"
	*NODE_PARENT "Bip01 R Foot"
	*NODE_TM {
		*NODE_NAME "Bip01 R Toe0"
		*TM_ROW0 -0.173647	-0.984808	1.12303e-006
		*TM_ROW1 -4.70441e-007	1.42826e-006	1
		*TM_ROW2 -0.984808	0.173647	-4.95014e-007
		*TM_ROW3 -30.6861	-36.0773	0.311313
		*TM_POS -30.6861	-36.0773	0.311313
		*TM_ROTAXIS -0.510274	0.608121	0.60812
		*TM_ROTANGLE 2.19793
		*TM_SCALE 1	1	1
		*TM_SCALEAXIS 0	0	0
		*TM_SCALEAXISANG 0	0	0
	}
}
*HELPEROBJECT {
	*NODE_NAME "ZS_SWORD"
	*NODE_PARENT "Bip01 Spine"
	*NODE_TM {
		*NODE_NAME "ZS_SWORD"
		*TM_ROW0 -0.103765	-0.493366	0.863611
		*TM_ROW1 0.0576065	-0.869821	-0.489992
		*TM_ROW2 0.992932	-0.00109431	0.118678
		*TM_ROW3 29.1669	-4.3507	116.705
		*TM_POS 29.1669	-4.3507	116.705
		*TM_ROTAXIS -0.653717	0.172919	-0.736718
		*TM_ROTANGLE 3.52484
		*TM_SCALE 1	1	1
		*TM_SCALEAXIS 0	0	0
		*TM_SCALEAXISANG 0	0	0
	}
}
*HELPEROBJECT {
	*NODE_NAME "ZS_LONGSWORD"
	*NODE_PARENT "Bip01 Spine"
	*NODE_TM {
		*NODE_NAME "ZS_LONGSWORD"
		*TM_ROW0 -0.103765	-0.493366	0.863611
		*TM_ROW1 0.0576065	-0.869821	-0.489992
		*TM_ROW2 0.992932	-0.00109431	0.118678
		*TM_ROW3 29.1669	-4.3507	116.705
		*TM_POS 29.1669	-4.3507	116.705
		*TM_ROTAXIS -0.653717	0.172919	-0.736718
		*TM_ROTANGLE 3.52484
		*TM_SCALE 1	1	1
		*TM_SCALEAXIS 0	0	0
		*TM_SCALEAXISANG 0	0	0
	}
}
*HELPEROBJECT {
	*NODE_NAME "Dummy"
	*NODE_PARENT "Bip01 Head"
	*NODE_TM {
		*NODE_NAME "Dummy"
		*TM_ROW0 -1	-0	0
		*TM_ROW1 -0	-1	0
		*TM_ROW2 -0	-0	1
		*TM_ROW3 3.30001e-005	-24.8086	191.496
		*TM_POS 3.30001e-005	-24.8086	191.496
		*TM_ROTAXIS 0	0	-1
		*TM_ROTANGLE 3.14159
		*TM_SCALE 1	1	1
		*TM_SCALEAXIS 0	0	0
		*TM_SCALEAXISANG 0	0	0
	}
}
*HELPEROBJECT {
	*NODE_NAME "Dummy1"
	*NODE_PARENT "Bip01 R Finger0"
	*NODE_TM {
		*NODE_NAME "Dummy1"
		*TM_ROW0 -1	-0	0
		*TM_ROW1 -0	-1	0
		*TM_ROW2 -0	-0	1
		*TM_ROW3 -66.2294	-41.5479	52.2849
		*TM_POS -66.2294	-41.5479	52.2849
		*TM_ROTAXIS 0	0	-1
		*TM_ROTANGLE 3.14159
		*TM_SCALE 1	1	1
		*TM_SCALEAXIS 0	0	0
		*TM_SCALEAXISANG 0	0	0
	}
}
*HELPEROBJECT {
	*NODE_NAME "Dummy2"
	*NODE_PARENT "Bip01 L Finger0"
	*NODE_TM {
		*NODE_NAME "Dummy2"
		*TM_ROW0 -1	-0	0
		*TM_ROW1 -0	-1	0
		*TM_ROW2 -0	-0	1
		*TM_ROW3 67.479	-28.9601	45.8638
		*TM_POS 67.479	-28.9601	45.8638
		*TM_ROTAXIS 0	0	-1
		*TM_ROTANGLE 3.14159
		*TM_SCALE 1	1	1
		*TM_SCALEAXIS 0	0	0
		*TM_SCALEAXISANG 0	0	0
	}
}
*HELPEROBJECT {
	*NODE_NAME "Dummy3"
	*NODE_PARENT "Bip01 L Toe0"
	*NODE_TM {
		*NODE_NAME "Dummy3"
		*TM_ROW0 -1	-0	0
		*TM_ROW1 -0	-1	0
		*TM_ROW2 -0	-0	1
		*TM_ROW3 33.8842	-54.2137	-8.97171
		*TM_POS 33.8842	-54.2137	-8.97171
		*TM_ROTAXIS 0	0	-1
		*TM_ROTANGLE 3.14159
		*TM_SCALE 1	1	1
		*TM_SCALEAXIS 0	0	0
		*TM_SCALEAXISANG 0	0	0
	}
}
*HELPEROBJECT {
	*NODE_NAME "Dummy4"
	*NODE_PARENT "Bip01 R Toe0"
	*NODE_TM {
		*NODE_NAME "Dummy4"
		*TM_ROW0 -1	-0	0
		*TM_ROW1 -0	-1	0
		*TM_ROW2 -0	-0	1
		*TM_ROW3 -33.8841	-54.2138	-8.9717
		*TM_POS -33.8841	-54.2138	-8.9717
		*TM_ROTAXIS 0	0	-1
		*TM_ROTANGLE 3.14159
		*TM_SCALE 1	1	1
		*TM_SCALEAXIS 0	0	0
		*TM_SCALEAXISANG 0	0	0
	}
}
*GEOMOBJECT {
	*NODE_NAME "zm_Skin"
	*NODE_PARENT "Bip01"
	*NODE_TM {
		*NODE_NAME "zm_Skin"
		*TM_ROW0 -1	-0	0
		*TM_ROW1 -0	-1	0
		*TM_ROW2 -0	-0	1
		*TM_ROW3 -0	-0	0
		*TM_POS -0	-0	0
		*TM_ROTAXIS 0	0	-1
		*TM_ROTANGLE 3.14159
		*TM_SCALE 1	1	1
		*TM_SCALEAXIS 0	0	0
		*TM_SCALEAXISANG 0	0	0
	}
	*MATERIAL_REF 0
	*MESH_SOFTSKIN {
		*TIMEVALUE 0
		*MESH_NUMVERTEX 313
		*MESH_NUMFACES 500
		*MESH_VERTEX_LIST {
			*MESH_VERTEX 0	55.0113	-0.0854654	139.118
			*MESH_VERTEX 1	-36.5547	5.16833	1.00667
			*MESH_VERTEX 2	-41.7665	26.393	136.541
			*MESH_VERTEX 3	36.5856	5.17385	1.00665
			*MESH_VERTEX 4	15.3173	-16.9049	105.431
			*MESH_VERTEX 5	-32.8658	-20.5737	65.8533
			*MESH_VERTEX 6	-14.3797	7.71516	195.631
			*MESH_VERTEX 7	-71.802	-14.4698	72.8438
			*MESH_VERTEX 8	-54.7757	-0.142864	139.992
			*MESH_VERTEX 9	22.767	-40.5213	1.28091
			*MESH_VERTEX 10	10.5816	0.852466	1.80486
			*MESH_VERTEX 11	10.4008	-17.755	64.9395
			*MESH_VERTEX 12	-13.7364	17.0264	99.3459
			*MESH_VERTEX 13	-22.7361	-40.5267	1.28088
			*MESH_VERTEX 14	-10.5508	0.847002	1.80493
			*MESH_VERTEX 15	-68.4728	-38.4292	77.9855
			*MESH_VERTEX 16	72.262	-4.7305	69.8556
			*MESH_VERTEX 17	69.8027	-29.2664	71.7227
			*MESH_VERTEX 18	11.6267	-12.8136	59.0167
			*MESH_VERTEX 19	-11.5946	-12.8136	59.0167
			*MESH_VERTEX 20	9.18408	-22.6509	1.17273
			*MESH_VERTEX 21	-9.15325	-22.6564	1.17276
			*MESH_VERTEX 22	0.016087	-21.9752	96.0203
			*MESH_VERTEX 23	-15.285	-16.9049	105.431
			*MESH_VERTEX 24	23.0359	-25.8314	93.3516
			*MESH_VERTEX 25	-0.325381	-38.9496	184.931
			*MESH_VERTEX 26	0.016009	-19.5324	48.7682
			*MESH_VERTEX 27	-26.423	-9.21237	21.1662
			*MESH_VERTEX 28	-13.5869	-15.0283	200.218
			*MESH_VERTEX 29	12.7182	-14.2395	200.646
			*MESH_VERTEX 30	26.454	-9.2069	21.1663
			*MESH_VERTEX 31	32.8698	-20.5792	66.2755
			*MESH_VERTEX 32	21.06	-28.2681	154.203
			*MESH_VERTEX 33	32.7566	10.5206	171.128
			*MESH_VERTEX 34	23.7048	16.0187	35.6556
			*MESH_VERTEX 35	33.6845	-18.646	166.561
			*MESH_VERTEX 36	17.5438	10.7477	131.869
			*MESH_VERTEX 37	23.2707	-10.2452	69.2248
			*MESH_VERTEX 38	-23.813	16.0448	35.6872
			*MESH_VERTEX 39	-23.378	-9.87093	67.1644
			*MESH_VERTEX 40	-10.4157	-17.7265	64.2323
			*MESH_VERTEX 41	-33.6313	9.74486	171.759
			*MESH_VERTEX 42	-50.3688	15.4449	162.507
			*MESH_VERTEX 43	41.4809	26.1	137.73
			*MESH_VERTEX 44	50.4898	14.983	162.472
			*MESH_VERTEX 45	41.2619	2.72487	134.183
			*MESH_VERTEX 46	-35.6759	-18.6624	166.158
			*MESH_VERTEX 47	-41.1399	2.56628	134.619
			*MESH_VERTEX 48	54.464	24.4351	116.537
			*MESH_VERTEX 49	57.6365	-27.9549	65.5384
			*MESH_VERTEX 50	-54.9473	21.0953	115.068
			*MESH_VERTEX 51	-56.3699	-37.5413	71.6043
			*MESH_VERTEX 52	-23.2613	-25.7147	93.3914
			*MESH_VERTEX 53	0.01609	-2.58567	98.4698
			*MESH_VERTEX 54	14.4311	21.1378	174.359
			*MESH_VERTEX 55	13.7685	17.0264	99.346
			*MESH_VERTEX 56	-45.6101	-12.6388	1.84903
			*MESH_VERTEX 57	-36.5108	3.85561	16.767
			*MESH_VERTEX 58	-54.8549	0.303536	171.646
			*MESH_VERTEX 59	-69.8827	-4.45594	91.6039
			*MESH_VERTEX 60	45.6411	-12.6332	1.84906
			*MESH_VERTEX 61	36.5419	3.86113	16.767
			*MESH_VERTEX 62	-1.09634	-11.1093	209.766
			*MESH_VERTEX 63	-50.7091	-36.6333	93.0416
			*MESH_VERTEX 64	52.0832	-30.1465	86.912
			*MESH_VERTEX 65	-17.5113	10.7478	131.869
			*MESH_VERTEX 66	70.1367	2.57631	89.7747
			*MESH_VERTEX 67	23.7707	-19.6468	123.464
			*MESH_VERTEX 68	26.7219	-5.28277	114.548
			*MESH_VERTEX 69	-31.7045	-15.8753	178.687
			*MESH_VERTEX 70	-8.63791	-24.3237	174.234
			*MESH_VERTEX 71	-21.0273	-28.2682	154.203
			*MESH_VERTEX 72	-26.6929	-5.29309	114.543
			*MESH_VERTEX 73	-30.8645	-11.4327	165.152
			*MESH_VERTEX 74	-58.8427	-19.859	71.5042
			*MESH_VERTEX 75	59.4902	-10.3449	67.821
			*MESH_VERTEX 76	-11.8478	6.21421	18.2904
			*MESH_VERTEX 77	20.8149	3.65468	74.8348
			*MESH_VERTEX 78	11.6048	5.6177	18.3088
			*MESH_VERTEX 79	14.4126	7.71514	195.631
			*MESH_VERTEX 80	18.584	-5.1697	194.401
			*MESH_VERTEX 81	31.1521	-15.6428	179.554
			*MESH_VERTEX 82	-49.991	-14.6111	172.408
			*MESH_VERTEX 83	-18.4866	-5.11773	194.4
			*MESH_VERTEX 84	-66.0936	-21.4736	102.758
			*MESH_VERTEX 85	-53.2914	-20.2724	100.58
			*MESH_VERTEX 86	66.9013	-15.5785	99.2998
			*MESH_VERTEX 87	54.1516	-14.9015	96.514
			*MESH_VERTEX 88	67.8494	7.07209	123.472
			*MESH_VERTEX 89	-21.7941	-32.7418	63.4142
			*MESH_VERTEX 90	21.8258	-32.7421	63.4187
			*MESH_VERTEX 91	48.7998	-15.6419	171.877
			*MESH_VERTEX 92	-67.6994	4.38996	124.38
			*MESH_VERTEX 93	51.4691	24.4867	143.752
			*MESH_VERTEX 94	-23.7383	-19.6467	123.464
			*MESH_VERTEX 95	0.0161803	-32.0801	118.528
			*MESH_VERTEX 96	45.1765	8.96329	174.369
			*MESH_VERTEX 97	-51.7458	25.1335	142.537
			*MESH_VERTEX 98	42.4503	-31.1015	2.39664
			*MESH_VERTEX 99	-42.4193	-31.107	2.39658
			*MESH_VERTEX 100	-12.4103	-27.2746	190.996
			*MESH_VERTEX 101	-59.3062	-6.32941	85.5493
			*MESH_VERTEX 102	-41.8294	-1.17182	114.796
			*MESH_VERTEX 103	-55.3991	-15.6458	126.255
			*MESH_VERTEX 104	56.2313	-13.4381	122.75
			*MESH_VERTEX 105	59.5773	1.17641	83.5679
			*MESH_VERTEX 106	42.115	1.93609	113.299
			*MESH_VERTEX 107	23.5701	-9.39386	32.6334
			*MESH_VERTEX 108	-13.8729	21.1173	174.661
			*MESH_VERTEX 109	0.73982	10.6369	187.442
			*MESH_VERTEX 110	54.7672	-0.733168	171.039
			*MESH_VERTEX 111	17.8701	18.5685	113.059
			*MESH_VERTEX 112	12.2791	-27.4378	191.422
			*MESH_VERTEX 113	0.0163912	-27.4736	173.746
			*MESH_VERTEX 114	-21.6592	2.74965	60.6389
			*MESH_VERTEX 115	30.0803	-24.4317	15.0276
			*MESH_VERTEX 116	-30.0493	-24.4372	15.0276
			*MESH_VERTEX 117	-36.1178	-9.80107	145.09
			*MESH_VERTEX 118	-44.0363	-5.83576	187.106
			*MESH_VERTEX 119	-17.8387	18.5685	113.059
			*MESH_VERTEX 120	-33.0934	-1.53837	37.1353
			*MESH_VERTEX 121	21.6914	2.74054	60.6327
			*MESH_VERTEX 122	29.7537	-11.0771	165.364
			*MESH_VERTEX 123	7.99194	-21.8532	80.1455
			*MESH_VERTEX 124	25.5336	-1.56154	143.194
			*MESH_VERTEX 125	8.62102	-24.3387	174.218
			*MESH_VERTEX 126	35.8542	-9.57262	144.41
			*MESH_VERTEX 127	-25.6127	14.2485	18.4191
			*MESH_VERTEX 128	0.0163009	16.0364	158.347
			*MESH_VERTEX 129	-8.06403	-21.7813	80.2765
			*MESH_VERTEX 130	-7.98157	-3.31136	91.1089
			*MESH_VERTEX 131	-10.1958	-2.87005	76.5805
			*MESH_VERTEX 132	10.169	-2.91444	76.4804
			*MESH_VERTEX 133	0.0163011	-24.5351	151.137
			*MESH_VERTEX 134	-21.0157	-23.7235	150.566
			*MESH_VERTEX 135	16.4998	-24.2699	11.8493
			*MESH_VERTEX 136	-33.6161	17.0956	159.417
			*MESH_VERTEX 137	-23.4917	-9.36032	32.644
			*MESH_VERTEX 138	-38.4277	-12.3885	56.576
			*MESH_VERTEX 139	-27.4264	-8.42892	130.454
			*MESH_VERTEX 140	-21.6143	-20.6396	146.093
			*MESH_VERTEX 141	33.1122	-1.51257	37.1053
			*MESH_VERTEX 142	38.4598	-12.3927	56.573
			*MESH_VERTEX 143	43.3588	-14.4269	160.448
			*MESH_VERTEX 144	49.0932	-9.82027	147.017
			*MESH_VERTEX 145	0.690571	-2.75302	193.983
			*MESH_VERTEX 146	16.3854	-25.4438	165.061
			*MESH_VERTEX 147	8.34365	-3.15501	91.0932
			*MESH_VERTEX 148	43.9979	-5.13077	187.423
			*MESH_VERTEX 149	30.3537	9.73917	184.259
			*MESH_VERTEX 150	21.0482	-23.7235	150.566
			*MESH_VERTEX 151	0.016092	12.1959	99.9586
			*MESH_VERTEX 152	0.0161292	17.3823	116.618
			*MESH_VERTEX 153	25.0486	14.2825	18.4934
			*MESH_VERTEX 154	-16.4689	-24.2754	11.8493
			*MESH_VERTEX 155	21.6468	-20.6397	146.093
			*MESH_VERTEX 156	0.0162247	-33.4115	137.05
			*MESH_VERTEX 157	-16.65	-25.3187	164.85
			*MESH_VERTEX 158	0.0161634	-23.5259	111.655
			*MESH_VERTEX 159	-44.2668	-14.0936	161.041
			*MESH_VERTEX 160	-49.3722	-9.81676	147.695
			*MESH_VERTEX 161	33.751	17.0247	159.491
			*MESH_VERTEX 162	13.4308	0.482784	34.9773
			*MESH_VERTEX 163	6.70819	-12.3332	54.3031
			*MESH_VERTEX 164	-20.7769	3.73354	74.8395
			*MESH_VERTEX 165	33.2157	-1.59701	190.255
			*MESH_VERTEX 166	-17.9149	13.8075	145.348
			*MESH_VERTEX 167	-13.4311	0.575208	34.9276
			*MESH_VERTEX 168	-6.67614	-12.3287	54.3062
			*MESH_VERTEX 169	16.1952	-16.2566	182.505
			*MESH_VERTEX 170	17.9474	13.8075	145.348
			*MESH_VERTEX 171	-16.2546	-19.9783	115.67
			*MESH_VERTEX 172	-14.7696	-27.9875	120.308
			*MESH_VERTEX 173	27.4588	-8.42896	130.454
			*MESH_VERTEX 174	16.2869	-19.9783	115.67
			*MESH_VERTEX 175	14.8019	-27.9875	120.308
			*MESH_VERTEX 176	-56.1988	12.0166	142.966
			*MESH_VERTEX 177	-54.5408	-1.43094	155.506
			*MESH_VERTEX 178	56.225	11.6781	142.917
			*MESH_VERTEX 179	54.3226	-1.76076	155.02
			*MESH_VERTEX 180	-70.6039	-32.2939	89.9883
			*MESH_VERTEX 181	71.795	-24.7359	84.4364
			*MESH_VERTEX 182	-25.5215	-1.50566	143.201
			*MESH_VERTEX 183	-33.1195	-1.83332	190.334
			*MESH_VERTEX 184	-30.4473	9.61693	184.417
			*MESH_VERTEX 185	-16.1358	-16.2286	182.525
			*MESH_VERTEX 186	21.33	-29.9885	73.5763
			*MESH_VERTEX 187	-29.3331	5.98916	101.458
			*MESH_VERTEX 188	-21.3227	-29.9739	73.5966
			*MESH_VERTEX 189	33.5821	-11.0081	80.2901
			*MESH_VERTEX 190	-33.6691	-10.9179	80.1976
			*MESH_VERTEX 191	-44.6781	9.58137	174.638
			*MESH_VERTEX 192	29.5722	5.38809	100.716
			*MESH_VERTEX 193	21.8776	-24.0979	46.4459
			*MESH_VERTEX 194	-17.1248	12.7614	122.727
			*MESH_VERTEX 195	-21.8461	-24.0876	46.4402
			*MESH_VERTEX 196	-25.9723	-6.16119	122.909
			*MESH_VERTEX 197	26.0046	-6.16082	122.909
			*MESH_VERTEX 198	0.0162414	13.1827	132.415
			*MESH_VERTEX 199	17.1572	12.7614	122.727
			*MESH_VERTEX 200	40.8007	-15.6284	11.6476
			*MESH_VERTEX 201	-40.7696	-15.6339	11.6475
			*MESH_VERTEX 202	0.0163608	-25.9785	166.8
			*MESH_VERTEX 203	11.9232	-28.7703	138.962
			*MESH_VERTEX 204	-11.8907	-28.7703	138.962
			*MESH_VERTEX 205	28.9904	4.78168	155.895
			*MESH_VERTEX 206	-28.9114	-0.88921	158.841
			*MESH_VERTEX 207	-26.7269	-15.2922	156.761
			*MESH_VERTEX 208	25.0802	-13.5614	154.839
			*MESH_VERTEX 209	-23.3321	8.36442	44.7192
			*MESH_VERTEX 210	23.3647	8.36794	44.6804
			*MESH_VERTEX 211	-17.3384	-23.9465	141.026
			*MESH_VERTEX 212	17.3709	-23.9465	141.026
			*MESH_VERTEX 213	-14.2017	-8.28948	236.062
			*MESH_VERTEX 214	-17.9354	0.00732152	232.601
			*MESH_VERTEX 215	-12.4037	-0.735205	239.192
			*MESH_VERTEX 216	29.2001	9.30882	213.052
			*MESH_VERTEX 217	31.8607	10.2691	204.026
			*MESH_VERTEX 218	30.1517	2.11697	204.125
			*MESH_VERTEX 219	29.2009	9.30856	213.053
			*MESH_VERTEX 220	31.8669	10.2672	204.028
			*MESH_VERTEX 221	30.1558	2.11569	204.127
			*MESH_VERTEX 222	-20.1701	-4.87007	226.344
			*MESH_VERTEX 223	-15.2896	-14.8831	231.521
			*MESH_VERTEX 224	-16.4801	-18.0804	225.038
			*MESH_VERTEX 225	-18.5057	-11.2357	218.44
			*MESH_VERTEX 226	-17.7381	-17.7126	211.987
			*MESH_VERTEX 227	-16.4759	-18.0799	225.038
			*MESH_VERTEX 228	-20.1741	-4.87134	226.346
			*MESH_VERTEX 229	-18.5062	-11.2359	218.441
			*MESH_VERTEX 230	-22.3927	-9.55976	220.687
			*MESH_VERTEX 231	-23.3863	-6.89211	211.358
			*MESH_VERTEX 232	-20.0242	-15.2246	209.277
			*MESH_VERTEX 233	-15.2873	-14.8825	231.52
			*MESH_VERTEX 234	27.099	1.80891	215.63
			*MESH_VERTEX 235	24.5753	-5.09084	214.357
			*MESH_VERTEX 236	15.3694	-23.1623	222.659
			*MESH_VERTEX 237	21.591	-11.2667	219.55
			*MESH_VERTEX 238	14.9093	-17.746	227.568
			*MESH_VERTEX 239	-14.2025	-8.28978	236.063
			*MESH_VERTEX 240	27.0965	1.80965	215.63
			*MESH_VERTEX 241	24.5714	-5.0892	214.356
			*MESH_VERTEX 242	-17.9414	0.00545414	232.604
			*MESH_VERTEX 243	-27.9968	1.79637	214.461
			*MESH_VERTEX 244	-23.4624	-3.67868	224.891
			*MESH_VERTEX 245	18.6136	-19.5524	214.236
			*MESH_VERTEX 246	16.512	-27.6037	210.371
			*MESH_VERTEX 247	15.4223	-31.7038	209.984
			*MESH_VERTEX 248	16.3951	-31.7354	205.06
			*MESH_VERTEX 249	24.0156	-6.49294	204.868
			*MESH_VERTEX 250	19.3623	-14.5151	206.442
			*MESH_VERTEX 251	17.7076	-17.9142	208.527
			*MESH_VERTEX 252	16.2929	-20.326	204.321
			*MESH_VERTEX 253	15.3735	-23.1634	222.66
			*MESH_VERTEX 254	18.6132	-19.5522	214.236
			*MESH_VERTEX 255	16.515	-27.6045	210.372
			*MESH_VERTEX 256	-24.5286	4.29536	225.825
			*MESH_VERTEX 257	-28.2183	9.25912	217.958
			*MESH_VERTEX 258	-17.4178	-21.5581	210.181
			*MESH_VERTEX 259	-18.0985	-19.7046	205.567
			*MESH_VERTEX 260	30.115	16.671	208.966
			*MESH_VERTEX 261	24.0161	-6.49316	204.869
			*MESH_VERTEX 262	19.3596	-14.5138	206.442
			*MESH_VERTEX 263	17.7027	-17.912	208.526
			*MESH_VERTEX 264	21.5873	-11.2654	219.548
			*MESH_VERTEX 265	-22.3968	-9.56087	220.687
			*MESH_VERTEX 266	-27.9927	1.79762	214.461
			*MESH_VERTEX 267	-23.3858	-6.8919	211.358
			*MESH_VERTEX 268	-24.646	12.6335	225.313
			*MESH_VERTEX 269	-25.1459	12.8968	223.748
			*MESH_VERTEX 270	14.9115	-17.7467	227.569
			*MESH_VERTEX 271	15.4606	-22.0143	205.11
			*MESH_VERTEX 272	15.4275	-31.7053	209.985
			*MESH_VERTEX 273	15.9343	-33.6485	204.667
			*MESH_VERTEX 274	16.3989	-31.7364	205.061
			*MESH_VERTEX 275	15.9295	-33.6472	204.666
			*MESH_VERTEX 276	-12.4087	-0.736828	239.194
			*MESH_VERTEX 277	-13.1064	0.267229	238.12
			*MESH_VERTEX 278	-17.9787	-21.416	204.526
			*MESH_VERTEX 279	15.1889	-9.90541	229.495
			*MESH_VERTEX 280	20.4265	-4.18835	223.608
			*MESH_VERTEX 281	-13.1007	0.268955	238.118
			*MESH_VERTEX 282	-17.735	-17.7123	211.986
			*MESH_VERTEX 283	-17.4123	-21.5575	210.181
			*MESH_VERTEX 284	30.1098	16.6726	208.964
			*MESH_VERTEX 285	30.3282	16.2318	207.471
			*MESH_VERTEX 286	-20.0272	-15.2254	209.276
			*MESH_VERTEX 287	-18.7256	-19.3113	209.695
			*MESH_VERTEX 288	-17.7118	-21.7841	204.754
			*MESH_VERTEX 289	-23.4648	-3.67932	224.892
			*MESH_VERTEX 290	-24.5278	4.29563	225.824
			*MESH_VERTEX 291	-28.2121	9.26097	217.957
			*MESH_VERTEX 292	-24.6409	12.6351	225.312
			*MESH_VERTEX 293	-25.1401	12.8985	223.746
			*MESH_VERTEX 294	-18.3352	-19.8566	204.773
			*MESH_VERTEX 295	-18.7203	-19.3099	209.696
			*MESH_VERTEX 296	-17.707	-21.7828	204.755
			*MESH_VERTEX 297	-18.3314	-19.8556	204.773
			*MESH_VERTEX 298	-17.9737	-21.4155	204.526
			*MESH_VERTEX 299	-18.0945	-19.7042	205.567
			*MESH_VERTEX 300	14.9395	-1.54011	229.728
			*MESH_VERTEX 301	15.8056	-1.12206	228.416
			*MESH_VERTEX 302	15.1896	-9.90571	229.496
			*MESH_VERTEX 303	20.4321	-4.19039	223.612
			*MESH_VERTEX 304	14.9441	-1.54188	229.731
			*MESH_VERTEX 305	15.8108	-1.12395	228.419
			*MESH_VERTEX 306	15.456	-22.0123	205.109
			*MESH_VERTEX 307	30.3341	16.23	207.473
			*MESH_VERTEX 308	16.2893	-20.3244	204.321
			*MESH_VERTEX 309	23.3089	-16.2486	46.47
			*MESH_VERTEX 310	60.0361	-2.83401	98.7068
			*MESH_VERTEX 311	-23.2772	-16.2362	46.4693
			*MESH_VERTEX 312	-59.5936	-8.30398	101.117
		}
		*MESH_FACE_LIST {
			*MESH_FACE    0:    A:    139 B:    94 C:    140 AB:    1 BC:    1 CA:    1	 *MESH_SMOOTHING 1 	*MESH_MTLID 0
			*MESH_FACE    1:    A:    41 B:    166 C:    206 AB:    1 BC:    1 CA:    1	 *MESH_SMOOTHING 1 	*MESH_MTLID 0
			*MESH_FACE    2:    A:    67 B:    173 C:    155 AB:    1 BC:    1 CA:    1	 *MESH_SMOOTHING 1 	*MESH_MTLID 0
			*MESH_FACE    3:    A:    166 B:    108 C:    128 AB:    1 BC:    1 CA:    1	 *MESH_SMOOTHING 1 	*MESH_MTLID 0
			*MESH_FACE    4:    A:    41 B:    206 C:    73 AB:    1 BC:    1 CA:    1	 *MESH_SMOOTHING 1 	*MESH_MTLID 0
			*MESH_FACE    5:    A:    73 B:    206 C:    207 AB:    1 BC:    1 CA:    1	 *MESH_SMOOTHING 1 	*MESH_MTLID 0
			*MESH_FACE    6:    A:    46 B:    157 C:    69 AB:    1 BC:    1 CA:    1	 *MESH_SMOOTHING 1 	*MESH_MTLID 0
			*MESH_FACE    7:    A:    18 B:    26 C:    22 AB:    1 BC:    1 CA:    1	 *MESH_SMOOTHING 1 	*MESH_MTLID 0
			*MESH_FACE    8:    A:    26 B:    18 C:    4 AB:    1 BC:    1 CA:    1	 *MESH_SMOOTHING 1 	*MESH_MTLID 0
			*MESH_FACE    9:    A:    4 B:    22 C:    26 AB:    1 BC:    1 CA:    1	 *MESH_SMOOTHING 1 	*MESH_MTLID 0
			*MESH_FACE    10:    A:    18 B:    22 C:    4 AB:    1 BC:    1 CA:    1	 *MESH_SMOOTHING 1 	*MESH_MTLID 0
			*MESH_FACE    11:    A:    156 B:    95 C:    175 AB:    1 BC:    1 CA:    1	 *MESH_SMOOTHING 1 	*MESH_MTLID 0
			*MESH_FACE    12:    A:    22 B:    23 C:    53 AB:    1 BC:    1 CA:    1	 *MESH_SMOOTHING 1 	*MESH_MTLID 0
			*MESH_FACE    13:    A:    22 B:    23 C:    26 AB:    1 BC:    1 CA:    1	 *MESH_SMOOTHING 1 	*MESH_MTLID 0
			*MESH_FACE    14:    A:    22 B:    19 C:    23 AB:    1 BC:    1 CA:    1	 *MESH_SMOOTHING 1 	*MESH_MTLID 0
			*MESH_FACE    15:    A:    95 B:    156 C:    172 AB:    1 BC:    1 CA:    1	 *MESH_SMOOTHING 1 	*MESH_MTLID 0
			*MESH_FACE    16:    A:    174 B:    158 C:    4 AB:    1 BC:    1 CA:    1	 *MESH_SMOOTHING 1 	*MESH_MTLID 0
			*MESH_FACE    17:    A:    83 B:    183 C:    185 AB:    1 BC:    1 CA:    1	 *MESH_SMOOTHING 1 	*MESH_MTLID 0
			*MESH_FACE    18:    A:    145 B:    109 C:    6 AB:    1 BC:    1 CA:    1	 *MESH_SMOOTHING 1 	*MESH_MTLID 0
			*MESH_FACE    19:    A:    19 B:    26 C:    23 AB:    1 BC:    1 CA:    1	 *MESH_SMOOTHING 1 	*MESH_MTLID 0
			*MESH_FACE    20:    A:    26 B:    19 C:    22 AB:    1 BC:    1 CA:    1	 *MESH_SMOOTHING 1 	*MESH_MTLID 0
			*MESH_FACE    21:    A:    83 B:    185 C:    28 AB:    1 BC:    1 CA:    1	 *MESH_SMOOTHING 1 	*MESH_MTLID 0
			*MESH_FACE    22:    A:    83 B:    28 C:    145 AB:    1 BC:    1 CA:    1	 *MESH_SMOOTHING 1 	*MESH_MTLID 0
			*MESH_FACE    23:    A:    156 B:    175 C:    203 AB:    1 BC:    1 CA:    1	 *MESH_SMOOTHING 1 	*MESH_MTLID 0
			*MESH_FACE    24:    A:    202 B:    146 C:    125 AB:    1 BC:    1 CA:    1	 *MESH_SMOOTHING 1 	*MESH_MTLID 0
			*MESH_FACE    25:    A:    165 B:    79 C:    80 AB:    1 BC:    1 CA:    1	 *MESH_SMOOTHING 1 	*MESH_MTLID 0
			*MESH_FACE    26:    A:    146 B:    35 C:    81 AB:    1 BC:    1 CA:    1	 *MESH_SMOOTHING 1 	*MESH_MTLID 0
			*MESH_FACE    27:    A:    205 B:    122 C:    208 AB:    1 BC:    1 CA:    1	 *MESH_SMOOTHING 1 	*MESH_MTLID 0
			*MESH_FACE    28:    A:    108 B:    109 C:    128 AB:    1 BC:    1 CA:    1	 *MESH_SMOOTHING 1 	*MESH_MTLID 0
			*MESH_FACE    29:    A:    205 B:    33 C:    122 AB:    1 BC:    1 CA:    1	 *MESH_SMOOTHING 1 	*MESH_MTLID 0
			*MESH_FACE    30:    A:    6 B:    109 C:    108 AB:    1 BC:    1 CA:    1	 *MESH_SMOOTHING 1 	*MESH_MTLID 0
			*MESH_FACE    31:    A:    4 B:    22 C:    53 AB:    1 BC:    1 CA:    1	 *MESH_SMOOTHING 1 	*MESH_MTLID 0
			*MESH_FACE    32:    A:    33 B:    170 C:    54 AB:    1 BC:    1 CA:    1	 *MESH_SMOOTHING 1 	*MESH_MTLID 0
			*MESH_FACE    33:    A:    152 B:    198 C:    199 AB:    1 BC:    1 CA:    1	 *MESH_SMOOTHING 1 	*MESH_MTLID 0
			*MESH_FACE    34:    A:    145 B:    80 C:    79 AB:    1 BC:    1 CA:    1	 *MESH_SMOOTHING 1 	*MESH_MTLID 0
			*MESH_FACE    35:    A:    174 B:    68 C:    197 AB:    1 BC:    1 CA:    1	 *MESH_SMOOTHING 1 	*MESH_MTLID 0
			*MESH_FACE    36:    A:    68 B:    174 C:    4 AB:    1 BC:    1 CA:    1	 *MESH_SMOOTHING 1 	*MESH_MTLID 0
			*MESH_FACE    37:    A:    69 B:    185 C:    183 AB:    1 BC:    1 CA:    1	 *MESH_SMOOTHING 1 	*MESH_MTLID 0
			*MESH_FACE    38:    A:    100 B:    70 C:    113 AB:    1 BC:    1 CA:    1	 *MESH_SMOOTHING 1 	*MESH_MTLID 0
			*MESH_FACE    39:    A:    69 B:    157 C:    185 AB:    1 BC:    1 CA:    1	 *MESH_SMOOTHING 1 	*MESH_MTLID 0
			*MESH_FACE    40:    A:    157 B:    202 C:    70 AB:    1 BC:    1 CA:    1	 *MESH_SMOOTHING 1 	*MESH_MTLID 0
			*MESH_FACE    41:    A:    172 B:    156 C:    204 AB:    1 BC:    1 CA:    1	 *MESH_SMOOTHING 1 	*MESH_MTLID 0
			*MESH_FACE    42:    A:    73 B:    207 C:    46 AB:    1 BC:    1 CA:    1	 *MESH_SMOOTHING 1 	*MESH_MTLID 0
			*MESH_FACE    43:    A:    109 B:    145 C:    79 AB:    1 BC:    1 CA:    1	 *MESH_SMOOTHING 1 	*MESH_MTLID 0
			*MESH_FACE    44:    A:    149 B:    33 C:    54 AB:    1 BC:    1 CA:    1	 *MESH_SMOOTHING 1 	*MESH_MTLID 0
			*MESH_FACE    45:    A:    29 B:    80 C:    145 AB:    1 BC:    1 CA:    1	 *MESH_SMOOTHING 1 	*MESH_MTLID 0
			*MESH_FACE    46:    A:    146 B:    169 C:    125 AB:    1 BC:    1 CA:    1	 *MESH_SMOOTHING 1 	*MESH_MTLID 0
