*3DSMAX_ASCIIEXPORT	110
*COMMENT "[ GothicSourcer v3.10 ] - August 2006"
*SCENE {
	*SCENE_FILENAME "ARMOR_RAVEN_ADDON.MAX"
	*SCENE_FIRSTFRAME 0
	*SCENE_LASTFRAME 100
	*SCENE_FRAMESPEED 25
	*SCENE_TICKSPERFRAME 192
	*SCENE_BACKGROUND_STATIC 0	0	0
	*SCENE_AMBIENT_STATIC 0.2	0.2	0.2
}
*MATERIAL_LIST {
	*MATERIAL_COUNT 1
	*MATERIAL 0 {
		*MATERIAL_NAME "PAL-RUESTUNG"
		*MATERIAL_CLASS "Standard"
		*MATERIAL_AMBIENT 0.0784314	0.0823529	0.0980392
		*MATERIAL_DIFFUSE 0.0784314	0.0823529	0.0980392
		*MATERIAL_SPECULAR 0.9	0.9	0.9
		*MATERIAL_SHINE 0.1
		*MATERIAL_SHINESTRENGTH 0
		*MATERIAL_TRANSPARENCY 0
		*MATERIAL_WIRESIZE 1
		*MATERIAL_SHADING Blinn
		*MATERIAL_XP_FALLOFF 0
		*MATERIAL_SELFILLUM 0
		*MATERIAL_FALLOFF In
		*MATERIAL_XP_TYPE Filter
		*MAP_DIFFUSE {
			*MAP_NAME "Map #1"
			*MAP_CLASS "Bitmap"
			*MAP_SUBNO 1
			*MAP_AMOUNT 1
			*BITMAP "RAVEN.TGA"
			*MAP_TYPE Screen
			*UVW_U_OFFSET 0
			*UVW_V_OFFSET 0
			*UVW_U_TILING 1
			*UVW_V_TILING 1
			*UVW_ANGLE 0
			*UVW_BLUR 1
			*UVW_BLUR_OFFSET 0
			*UVW_NOUSE_AMT 1
			*UVW_NOISE_SIZE 1
			*UVW_NOISE_LEVEL 1
			*UVW_NOISE_PHASE 0
			*BITMAP_FILTER Pyramidal
		}
	}
}
*HELPEROBJECT {
	*NODE_NAME "Bip01"
	*NODE_TM {
		*NODE_NAME "Bip01"
		*TM_ROW0 6.27438e-006	-1	0
		*TM_ROW1 1	6.27438e-006	0
		*TM_ROW2 -0	-0	1
		*TM_ROW3 0	-7.37745	99.9496
		*TM_POS 0	-7.37745	99.9496
		*TM_ROTAXIS 0	0	1
		*TM_ROTANGLE 1.57079
		*TM_SCALE 1	1	1
		*TM_SCALEAXIS 0	0	0
		*TM_SCALEAXISANG 0	0	0
	}
}
*HELPEROBJECT {
	*NODE_NAME "Bip01 Pelvis"
	*NODE_PARENT "Bip01"
	*NODE_TM {
		*NODE_NAME "Bip01 Pelvis"
		*TM_ROW0 -5.96014e-008	1.79264e-006	1
		*TM_ROW1 -1.79264e-006	-1	1.79264e-006
		*TM_ROW2 1	-1.79264e-006	-5.96014e-008
		*TM_ROW3 1e-005	-8.0113	99.9496
		*TM_POS 1e-005	-8.0113	99.9496
		*TM_ROTAXIS 0.707107	0	0.707107
		*TM_ROTANGLE 3.1416
		*TM_SCALE 1	1	1
		*TM_SCALEAXIS 0	0	0
		*TM_SCALEAXISANG 0	0	0
	}
}
*HELPEROBJECT {
	*NODE_NAME "Bip01 Spine"
	*NODE_PARENT "Bip01 Pelvis"
	*NODE_TM {
		*NODE_NAME "Bip01 Spine"
		*TM_ROW0 6.6944e-008	-0.0205947	0.999788
		*TM_ROW1 5.48642e-006	-0.999788	-0.0205947
		*TM_ROW2 1	5.48642e-006	6.6944e-008
		*TM_ROW3 1e-005	-7.92216	102.35
		*TM_POS 1e-005	-7.92216	102.35
		*TM_ROTAXIS 0.707088	-0.00727998	0.707088
		*TM_ROTANGLE 3.12703
		*TM_SCALE 1	1	1
		*TM_SCALEAXIS 0	0	0
		*TM_SCALEAXISANG 0	0	0
	}
}
*HELPEROBJECT {
	*NODE_NAME "Bip01 Spine1"
	*NODE_PARENT "Bip01 Spine"
	*NODE_TM {
		*NODE_NAME "Bip01 Spine1"
		*TM_ROW0 6.76996e-008	-0.00276992	0.999996
		*TM_ROW1 -1.92621e-006	-0.999996	-0.00276991
		*TM_ROW2 1	-1.92621e-006	6.76996e-008
		*TM_ROW3 1e-005	-8.11442	112.175
		*TM_POS 1e-005	-8.11442	112.175
		*TM_ROTAXIS -0.707107	0.000979995	-0.707106
		*TM_ROTANGLE 3.14355
		*TM_SCALE 1	1	1
		*TM_SCALEAXIS 0	0	0
		*TM_SCALEAXISANG 0	0	0
	}
}
*HELPEROBJECT {
	*NODE_NAME "Bip01 Spine2"
	*NODE_PARENT "Bip01 Spine1"
	*NODE_TM {
		*NODE_NAME "Bip01 Spine2"
		*TM_ROW0 3.48622e-008	0.180243	0.983622
		*TM_ROW1 1.67638e-006	-0.983622	0.180243
		*TM_ROW2 1	1.67638e-006	3.48621e-008
		*TM_ROW3 1e-005	-8.1264	124.961
		*TM_POS 1e-005	-8.1264	124.961
		*TM_ROTAXIS 0.705652	0.0641202	0.705652
		*TM_ROTANGLE 3.26966
		*TM_SCALE 1	1	1
		*TM_SCALEAXIS 0	0	0
		*TM_SCALEAXISANG 0	0	0
	}
}
*HELPEROBJECT {
	*NODE_NAME "Bip01 Neck"
	*NODE_PARENT "Bip01 Spine2"
	*NODE_TM {
		*NODE_NAME "Bip01 Neck"
		*TM_ROW0 6.08698e-007	-0.167043	0.98595
		*TM_ROW1 4.70132e-006	-0.98595	-0.167043
		*TM_ROW2 1	4.70132e-006	6.08698e-007
		*TM_ROW3 -2.11471e-012	-2.71656	154.454
		*TM_POS -2.11471e-012	-2.71656	154.454
		*TM_ROTAXIS -0.70586	0.05937	-0.705859
		*TM_ROTANGLE 3.2602
		*TM_SCALE 1	1	1
		*TM_SCALEAXIS 0	0	0
		*TM_SCALEAXISANG 0	0	0
	}
}
*HELPEROBJECT {
	*NODE_NAME "Bip01 Head"
	*NODE_PARENT "Bip01 Neck"
	*NODE_TM {
		*NODE_NAME "Bip01 Head"
		*TM_ROW0 -5.96015e-008	1.76921e-006	1
		*TM_ROW1 -1.79264e-006	-1	1.77916e-006
		*TM_ROW2 1	-1.79264e-006	-5.96014e-008
		*TM_ROW3 1.63729e-011	-3.85901	161.198
		*TM_POS 1.63729e-011	-3.85901	161.198
		*TM_ROTAXIS -0.707107	4.76653e-009	-0.707107
		*TM_ROTANGLE 3.14159
		*TM_SCALE 1	1	1
		*TM_SCALEAXIS 0	0	0
		*TM_SCALEAXISANG 0	0	0
	}
}
*HELPEROBJECT {
	*NODE_NAME "ZS_HELMET"
	*NODE_PARENT "Bip01 Head"
	*NODE_TM {
		*NODE_NAME "ZS_HELMET"
		*TM_ROW0 1	5.73874e-013	4.35659e-014
		*TM_ROW1 -4.07319e-013	0.996917	-0.0784593
		*TM_ROW2 -4.76109e-014	0.0784593	0.996918
		*TM_ROW3 1e-005	-7.06248	173.704
		*TM_POS 1e-005	-7.06248	173.704
		*TM_ROTAXIS 1	5.81045e-013	-6.25288e-012
		*TM_ROTANGLE 0.078541
		*TM_SCALE 1	1	1
		*TM_SCALEAXIS 0	0	0
		*TM_SCALEAXISANG 0	0	0
	}
}
*HELPEROBJECT {
	*NODE_NAME "Bip01 L Clavicle"
	*NODE_PARENT "Bip01 Neck"
	*NODE_TM {
		*NODE_NAME "Bip01 L Clavicle"
		*TM_ROW0 0.935229	-0.203893	-0.289439
		*TM_ROW1 0.156435	0.971369	-0.178803
		*TM_ROW2 0.317608	0.121943	0.940348
		*TM_ROW3 7.96399	-1.25804	148.729
		*TM_POS 7.96399	-1.25804	148.729
		*TM_ROTAXIS 0.391939	-0.791119	0.469589
		*TM_ROTANGLE 0.39376
		*TM_SCALE 1	1	1
		*TM_SCALEAXIS 0	0	0
		*TM_SCALEAXISANG 0	0	0
	}
}
*HELPEROBJECT {
	*NODE_NAME "Bip01 L UpperArm"
	*NODE_PARENT "Bip01 L Clavicle"
	*NODE_TM {
		*NODE_NAME "Bip01 L UpperArm"
		*TM_ROW0 0.246229	0.0989026	-0.964152
		*TM_ROW1 0.412789	0.889345	0.196649
		*TM_ROW2 0.876913	-0.446412	0.178157
		*TM_ROW3 20.4269	-3.97508	144.872
		*TM_POS 20.4269	-3.97508	144.872
		*TM_ROTAXIS -0.325561	-0.932072	0.15891
		*TM_ROTANGLE 1.41328
		*TM_SCALE 1	1	1
		*TM_SCALEAXIS 0	0	0
		*TM_SCALEAXISANG 0	0	0
	}
}
*HELPEROBJECT {
	*NODE_NAME "Bip01 L Forearm"
	*NODE_PARENT "Bip01 L UpperArm"
	*NODE_TM {
		*NODE_NAME "Bip01 L Forearm"
		*TM_ROW0 0.0455122	-0.291882	-0.955371
		*TM_ROW1 0.478489	0.845886	-0.235638
		*TM_ROW2 0.876913	-0.44641	0.17816
		*TM_ROW3 27.2982	-1.21526	117.966
		*TM_POS 27.2982	-1.21526	117.966
		*TM_ROTAXIS -0.10545	-0.916697	0.385419
		*TM_ROTANGLE 1.53601
		*TM_SCALE 1	1	1
		*TM_SCALEAXIS 0	0	0
		*TM_SCALEAXISANG 0	0	0
	}
}
*HELPEROBJECT {
	*NODE_NAME "Bip01 L Hand"
	*NODE_PARENT "Bip01 L Forearm"
	*NODE_TM {
		*NODE_NAME "Bip01 L Hand"
		*TM_ROW0 0.0455132	-0.291886	-0.95537
		*TM_ROW1 -0.876533	0.44708	-0.17835
		*TM_ROW2 0.479185	0.845531	-0.2355
		*TM_ROW3 28.5642	-9.33439	91.391
		*TM_POS 28.5642	-9.33439	91.391
		*TM_ROTAXIS 0.551391	-0.772552	-0.314851
		*TM_ROTANGLE 1.95137
		*TM_SCALE 1	1	1
		*TM_SCALEAXIS 0	0	0
		*TM_SCALEAXISANG 0	0	0
	}
}
*HELPEROBJECT {
	*NODE_NAME "Bip01 L Finger0"
	*NODE_PARENT "Bip01 L Hand"
	*NODE_TM {
		*NODE_NAME "Bip01 L Finger0"
		*TM_ROW0 0.0455152	-0.291888	-0.955369
		*TM_ROW1 -0.876915	0.446405	-0.178165
		*TM_ROW2 0.478485	0.845886	-0.235643
		*TM_ROW3 29.15	-13.0909	79.0956
		*TM_POS 29.15	-13.0909	79.0956
		*TM_ROTAXIS 0.551581	-0.772311	-0.31511
		*TM_ROTANGLE 1.95181
		*TM_SCALE 1	1	1
		*TM_SCALEAXIS 0	0	0
		*TM_SCALEAXISANG 0	0	0
	}
}
*HELPEROBJECT {
	*NODE_NAME "ZS_LEFTHAND"
	*NODE_PARENT "Bip01 L Hand"
	*NODE_TM {
		*NODE_NAME "ZS_LEFTHAND"
		*TM_ROW0 0.435606	0.890062	-0.134303
		*TM_ROW1 0.180312	-0.232461	-0.955745
		*TM_ROW2 -0.881893	0.392112	-0.261751
		*TM_ROW3 26.7605	-11.5468	82.7857
		*TM_POS 26.7605	-11.5468	82.7857
		*TM_ROTAXIS 0.794322	0.440571	-0.418271
		*TM_ROTANGLE 2.12858
		*TM_SCALE 1	1	1
		*TM_SCALEAXIS 0	0	0
		*TM_SCALEAXISANG 0	0	0
	}
}
*HELPEROBJECT {
	*NODE_NAME "ZS_LEFTARM"
	*NODE_PARENT "Bip01 L Forearm"
	*NODE_TM {
		*NODE_NAME "ZS_LEFTARM"
		*TM_ROW0 0.0759923	-0.150176	-0.985735
		*TM_ROW1 0.524499	0.846792	-0.0885736
		*TM_ROW2 0.848013	-0.510285	0.143117
		*TM_ROW3 26.9101	-7.67833	110.055
		*TM_POS 26.9101	-7.67833	110.055
		*TM_ROTAXIS -0.21097	-0.917372	0.337521
		*TM_ROTANGLE 1.53784
		*TM_SCALE 1	1	1
		*TM_SCALEAXIS 0	0	0
		*TM_SCALEAXISANG 0	0	0
	}
}
*HELPEROBJECT {
	*NODE_NAME "Bip01 R Clavicle"
	*NODE_PARENT "Bip01 Neck"
	*NODE_TM {
		*NODE_NAME "Bip01 R Clavicle"
		*TM_ROW0 -0.935227	-0.203899	-0.28944
		*TM_ROW1 -0.156442	0.971369	-0.178799
		*TM_ROW2 0.317609	-0.121937	-0.940349
		*TM_ROW3 -7.96398	-1.25806	148.729
		*TM_POS -7.96398	-1.25806	148.729
		*TM_ROTAXIS -0.0929799	0.992639	-0.0775999
		*TM_ROTANGLE 3.45235
		*TM_SCALE 1	1	1
		*TM_SCALEAXIS 0	0	0
		*TM_SCALEAXISANG 0	0	0
	}
}
*HELPEROBJECT {
	*NODE_NAME "Bip01 R UpperArm"
	*NODE_PARENT "Bip01 R Clavicle"
	*NODE_TM {
		*NODE_NAME "Bip01 R UpperArm"
		*TM_ROW0 -0.246232	0.0988932	-0.964153
		*TM_ROW1 -0.412793	0.889345	0.196642
		*TM_ROW2 0.876911	0.446415	-0.178163
		*TM_ROW3 -20.4269	-3.97513	144.872
		*TM_POS -20.4269	-3.97513	144.872
		*TM_ROTAXIS 0.12961	-0.955353	-0.265521
		*TM_ROTANGLE 1.84162
		*TM_SCALE 1	1	1
		*TM_SCALEAXIS 0	0	0
		*TM_SCALEAXISANG 0	0	0
	}
}
*HELPEROBJECT {
	*NODE_NAME "Bip01 R Forearm"
	*NODE_PARENT "Bip01 R UpperArm"
	*NODE_TM {
		*NODE_NAME "Bip01 R Forearm"
		*TM_ROW0 -0.0455087	-0.291889	-0.955369
		*TM_ROW1 -0.478487	0.845885	-0.235646
		*TM_ROW2 0.876915	0.446408	-0.17816
		*TM_ROW3 -27.2982	-1.21534	117.966
		*TM_POS -27.2982	-1.21534	117.966
		*TM_ROTAXIS 0.347279	-0.932937	-0.0950097
		*TM_ROTANGLE 1.76083
		*TM_SCALE 1	1	1
		*TM_SCALEAXIS 0	0	0
		*TM_SCALEAXISANG 0	0	0
	}
}
*HELPEROBJECT {
	*NODE_NAME "Bip01 R Hand"
	*NODE_PARENT "Bip01 R Forearm"
	*NODE_TM {
		*NODE_NAME "Bip01 R Hand"
		*TM_ROW0 -0.0455115	-0.291885	-0.95537
		*TM_ROW1 0.87653	0.447088	-0.17835
		*TM_ROW2 0.479192	-0.845527	0.235499
		*TM_ROW3 -28.5642	-9.33445	91.3911
		*TM_POS -28.5642	-9.33445	91.3911
		*TM_ROTAXIS -0.33922	-0.72939	0.59407
		*TM_ROTANGLE 1.75327
		*TM_SCALE 1	1	1
		*TM_SCALEAXIS 0	0	0
		*TM_SCALEAXISANG 0	0	0
	}
}
*HELPEROBJECT {
	*NODE_NAME "Bip01 R Finger0"
	*NODE_PARENT "Bip01 R Hand"
	*NODE_TM {
		*NODE_NAME "Bip01 R Finger0"
		*TM_ROW0 -0.0455056	-0.291877	-0.955373
		*TM_ROW1 0.876914	0.446413	-0.178152
		*TM_ROW2 0.478489	-0.845886	0.235636
		*TM_ROW3 -29.1499	-13.0909	79.0956
		*TM_POS -29.1499	-13.0909	79.0956
		*TM_ROTAXIS -0.33952	-0.729071	0.594291
		*TM_ROTANGLE 1.75354
		*TM_SCALE 1	1	1
		*TM_SCALEAXIS 0	0	0
		*TM_SCALEAXISANG 0	0	0
	}
}
*HELPEROBJECT {
	*NODE_NAME "ZS_RIGHTHAND"
	*NODE_PARENT "Bip01 R Hand"
	*NODE_TM {
		*NODE_NAME "ZS_RIGHTHAND"
		*TM_ROW0 -0.464344	0.856417	-0.225687
		*TM_ROW1 0.177861	0.339806	0.923525
		*TM_ROW2 0.867612	0.388692	-0.31011
		*TM_ROW3 -20.9389	-19.9852	85.8932
		*TM_POS -20.9389	-19.9852	85.8932
		*TM_ROTAXIS 0.383811	0.784581	0.486951
		*TM_ROTANGLE 3.91244
		*TM_SCALE 1	1	1
		*TM_SCALEAXIS 0	0	0
		*TM_SCALEAXISANG 0	0	0
	}
}
*HELPEROBJECT {
	*NODE_NAME "ZS_CROSSBOW"
	*NODE_PARENT "Bip01 Spine2"
	*NODE_TM {
		*NODE_NAME "ZS_CROSSBOW"
		*TM_ROW0 -0.382687	-0.111464	0.91713
		*TM_ROW1 -0.923878	0.0461715	-0.379891
		*TM_ROW2 -1.2517e-006	-0.992695	-0.120648
		*TM_ROW3 -14.434	10.5915	165.98
		*TM_POS -14.434	10.5915	165.98
		*TM_ROTAXIS -0.447329	0.669479	-0.593039
		*TM_ROTANGLE 2.38705
		*TM_SCALE 1	1	1
		*TM_SCALEAXIS 0	0	0
		*TM_SCALEAXISANG 0	0	0
	}
}
*HELPEROBJECT {
	*NODE_NAME "ZS_LONGSWORD"
	*NODE_PARENT "Bip01 Spine2"
	*NODE_TM {
		*NODE_NAME "ZS_LONGSWORD"
		*TM_ROW0 -0.499829	-0.0915011	0.861277
		*TM_ROW1 -0.865729	0.0828188	-0.493614
		*TM_ROW2 -0.0261636	-0.992355	-0.12061
		*TM_ROW3 -18.1593	6.92629	157.64
		*TM_POS -18.1593	6.92629	157.64
		*TM_ROTAXIS -0.38996	0.69388	-0.60536
		*TM_ROTANGLE 2.44778
		*TM_SCALE 1	1	1
		*TM_SCALEAXIS 0	0	0
		*TM_SCALEAXISANG 0	0	0
	}
}
*HELPEROBJECT {
	*NODE_NAME "ZS_SHIELD"
	*NODE_PARENT "Bip01 Spine2"
	*NODE_TM {
		*NODE_NAME "ZS_SHIELD"
		*TM_ROW0 -0.0138681	0.114196	-0.993362
		*TM_ROW1 -0.908393	0.413755	0.0602465
		*TM_ROW2 0.417888	0.903198	0.0979964
		*TM_ROW3 8.76511	9.5282	131.875
		*TM_POS 8.76511	9.5282	131.875
		*TM_ROTAXIS 0.435421	-0.728972	-0.528212
		*TM_ROTANGLE 1.82457
		*TM_SCALE 1	1	1
		*TM_SCALEAXIS 0	0	0
		*TM_SCALEAXISANG 0	0	0
	}
}
*HELPEROBJECT {
	*NODE_NAME "ZS_BOW"
	*NODE_PARENT "Bip01 Spine2"
	*NODE_TM {
		*NODE_NAME "ZS_BOW"
		*TM_ROW0 -0.341816	-0.0868229	0.935748
		*TM_ROW1 0.0119438	0.995242	0.0967059
		*TM_ROW2 -0.939691	0.044232	-0.339153
		*TM_ROW3 0.5012	12.4143	124.55
		*TM_POS 0.5012	12.4143	124.55
		*TM_ROTAXIS -0.0279299	0.998227	0.0525698
		*TM_ROTANGLE 1.92076
		*TM_SCALE 1	1	1
		*TM_SCALEAXIS 0	0	0
		*TM_SCALEAXISANG 0	0	0
	}
}
*HELPEROBJECT {
	*NODE_NAME "ZS_SWORD"
	*NODE_PARENT "Bip01 Spine"
	*NODE_TM {
		*NODE_NAME "ZS_SWORD"
		*TM_ROW0 5.79068e-007	-0.347172	0.937802
		*TM_ROW1 1.04308e-007	0.937802	0.347172
		*TM_ROW2 -1	-1.04308e-007	5.79068e-007
		*TM_ROW3 17.5015	-4.36211	106.367
		*TM_POS 17.5015	-4.36211	106.367
		*TM_ROTAXIS -0.17367	0.96937	0.17367
		*TM_ROTANGLE 1.6019
		*TM_SCALE 1	1	1
		*TM_SCALEAXIS 0	0	0
		*TM_SCALEAXISANG 0	0	0
	}
}
*HELPEROBJECT {
	*NODE_NAME "Bip01 L Thigh"
	*NODE_PARENT "Bip01 Pelvis"
	*NODE_TM {
		*NODE_NAME "Bip01 L Thigh"
		*TM_ROW0 0.0534879	-0.0367886	-0.997891
		*TM_ROW1 -0.00216181	-0.999323	0.0367256
		*TM_ROW2 -0.998566	0.000192882	-0.0535313
		*TM_ROW3 9.01023	-8.01129	99.9496
		*TM_POS 9.01023	-8.01129	99.9496
		*TM_ROTAXIS 0.72572	-0.01342	-0.68786
		*TM_ROTANGLE 3.16677
		*TM_SCALE 1	1	1
		*TM_SCALEAXIS 0	0	0
		*TM_SCALEAXISANG 0	0	0
	}
}
*HELPEROBJECT {
	*NODE_NAME "Bip01 L Calf"
	*NODE_PARENT "Bip01 L Thigh"
	*NODE_TM {
		*NODE_NAME "Bip01 L Calf"
		*TM_ROW0 0.0525131	0.197552	-0.978885
		*TM_ROW1 0.0103904	-0.980292	-0.197278
		*TM_ROW2 -0.998566	0.000188708	-0.0535307
		*TM_ROW3 11.1149	-9.45845	60.6877
		*TM_POS 11.1149	-9.45845	60.6877
		*TM_ROTAXIS 0.723901	0.0721501	-0.686121
		*TM_ROTANGLE 3.00478
		*TM_SCALE 1	1	1
		*TM_SCALEAXIS 0	0	0
		*TM_SCALEAXISANG 0	0	0
	}
}
*HELPEROBJECT {
	*NODE_NAME "Bip01 L Foot"
	*NODE_PARENT "Bip01 L Calf"
	*NODE_TM {
		*NODE_NAME "Bip01 L Foot"
		*TM_ROW0 -6.00563e-007	7.23674e-006	-1
		*TM_ROW1 0.173652	-0.984807	-7.2672e-006
		*TM_ROW2 -0.984807	-0.173652	-5.93313e-007
		*TM_ROW3 13.6935	0.240668	12.6267
		*TM_POS 13.6935	0.240668	12.6267
		*TM_ROTAXIS 0.705757	0.0617498	-0.705757
		*TM_ROTANGLE 3.26493
		*TM_SCALE 1	1	1
		*TM_SCALEAXIS 0	0	0
		*TM_SCALEAXISANG 0	0	0
	}
}
*HELPEROBJECT {
	*NODE_NAME "Bip01 L Toe0"
	*NODE_PARENT "Bip01 L Foot"
	*NODE_TM {
		*NODE_NAME "Bip01 L Toe0"
		*TM_ROW0 0.173646	-0.984808	5.05606e-006
		*TM_ROW1 5.06961e-006	5.93591e-006	1
		*TM_ROW2 -0.984808	-0.173646	5.91983e-006
		*TM_ROW3 17.6256	-22.0591	-2.43328e-006
		*TM_POS 17.6256	-22.0591	-2.43328e-006
		*TM_ROTAXIS -0.644398	0.540718	0.540718
		*TM_ROTANGLE 1.99673
		*TM_SCALE 1	1	1
		*TM_SCALEAXIS 0	0	0
		*TM_SCALEAXISANG 0	0	0
	}
}
*HELPEROBJECT {
	*NODE_NAME "Bip01 R Thigh"
	*NODE_PARENT "Bip01 Pelvis"
	*NODE_TM {
		*NODE_NAME "Bip01 R Thigh"
		*TM_ROW0 -0.0535034	-0.0367749	-0.99789
		*TM_ROW1 0.00205776	-0.999324	0.0367174
		*TM_ROW2 -0.998566	-8.89041e-005	0.0535432
		*TM_ROW3 -9.01021	-8.01132	99.9496
		*TM_POS -9.01021	-8.01132	99.9496
		*TM_ROTAXIS 0.687862	-0.01262	-0.725732
		*TM_ROTANGLE 3.16835
		*TM_SCALE 1	1	1
		*TM_SCALEAXIS 0	0	0
		*TM_SCALEAXISANG 0	0	0
	}
}
*HELPEROBJECT {
	*NODE_NAME "Bip01 R Calf"
	*NODE_PARENT "Bip01 R Thigh"
	*NODE_TM {
		*NODE_NAME "Bip01 R Calf"
		*TM_ROW0 -0.0525024	0.197539	-0.978888
		*TM_ROW1 -0.0104967	-0.980295	-0.19726
		*TM_ROW2 -0.998566	-8.16062e-005	0.0535415
		*TM_ROW3 -11.1154	-9.45856	60.6878
		*TM_POS -11.1154	-9.45856	60.6878
		*TM_ROTAXIS 0.686298	0.0684898	-0.724088
		*TM_ROTANGLE 2.99744
		*TM_SCALE 1	1	1
		*TM_SCALEAXIS 0	0	0
		*TM_SCALEAXISANG 0	0	0
	}
}
*HELPEROBJECT {
	*NODE_NAME "Bip01 R Foot"
	*NODE_PARENT "Bip01 R Calf"
	*NODE_TM {
		*NODE_NAME "Bip01 R Foot"
		*TM_ROW0 -5.86066e-007	-7.25461e-006	-1
		*TM_ROW1 -0.173652	-0.984807	7.24331e-006
		*TM_ROW2 -0.984807	0.173652	-5.91966e-007
		*TM_ROW3 -13.6935	0.24065	12.6267
		*TM_POS -13.6935	0.24065	12.6267
		*TM_ROTAXIS 0.705757	-0.0617498	-0.705757
		*TM_ROTANGLE 3.01826
		*TM_SCALE 1	1	1
		*TM_SCALEAXIS 0	0	0
		*TM_SCALEAXISANG 0	0	0
	}
}
*HELPEROBJECT {
	*NODE_NAME "Bip01 R Toe0"
	*NODE_PARENT "Bip01 R Foot"
	*NODE_TM {
		*NODE_NAME "Bip01 R Toe0"
		*TM_ROW0 -0.173651	-0.984807	3.50312e-006
		*TM_ROW1 3.50539e-006	3.00781e-006	1
		*TM_ROW2 -0.984808	0.173651	3.01546e-006
		*TM_ROW3 -17.6255	-22.0592	3.52698e-005
		*TM_POS -17.6255	-22.0592	3.52698e-005
		*TM_ROTAXIS 0.510271	-0.608121	-0.608121
		*TM_ROTANGLE 4.08526
		*TM_SCALE 1	1	1
		*TM_SCALEAXIS 0	0	0
		*TM_SCALEAXISANG 0	0	0
	}
}
*HELPEROBJECT {
	*NODE_NAME "Dummy"
	*NODE_PARENT "Bip01 L Finger0"
	*NODE_TM {
		*NODE_NAME "Dummy"
		*TM_ROW0 -1	-0	0
		*TM_ROW1 -0	-1	0
		*TM_ROW2 -0	-0	1
		*TM_ROW3 29.4428	-14.9691	72.9478
		*TM_POS 29.4428	-14.9691	72.9478
		*TM_ROTAXIS 0	0	-1
		*TM_ROTANGLE 3.14159
		*TM_SCALE 1	1	1
		*TM_SCALEAXIS 0	0	0
		*TM_SCALEAXISANG 0	0	0
	}
}
*HELPEROBJECT {
	*NODE_NAME "Dummy1"
	*NODE_PARENT "Bip01 R Finger0"
	*NODE_TM {
		*NODE_NAME "Dummy1"
		*TM_ROW0 -1	-0	0
		*TM_ROW1 -0	-1	0
		*TM_ROW2 -0	-0	1
		*TM_ROW3 -29.4428	-14.9692	72.9479
		*TM_POS -29.4428	-14.9692	72.9479
		*TM_ROTAXIS 0	0	-1
		*TM_ROTANGLE 3.14159
		*TM_SCALE 1	1	1
		*TM_SCALEAXIS 0	0	0
		*TM_SCALEAXISANG 0	0	0
	}
}
*HELPEROBJECT {
	*NODE_NAME "Dummy2"
	*NODE_PARENT "Bip01 L Toe0"
	*NODE_TM {
		*NODE_NAME "Dummy2"
		*TM_ROW0 -1	-0	0
		*TM_ROW1 -0	-1	0
		*TM_ROW2 -0	-0	1
		*TM_ROW3 19.5916	-33.209	-6.31336
		*TM_POS 19.5916	-33.209	-6.31336
		*TM_ROTAXIS 0	0	-1
		*TM_ROTANGLE 3.14159
		*TM_SCALE 1	1	1
		*TM_SCALEAXIS 0	0	0
		*TM_SCALEAXISANG 0	0	0
	}
}
*HELPEROBJECT {
	*NODE_NAME "Dummy3"
	*NODE_PARENT "Bip01 R Toe0"
	*NODE_TM {
		*NODE_NAME "Dummy3"
		*TM_ROW0 -1	-0	0
		*TM_ROW1 -0	-1	0
		*TM_ROW2 -0	-0	1
		*TM_ROW3 -19.5915	-33.2091	-6.31332
		*TM_POS -19.5915	-33.2091	-6.31332
		*TM_ROTAXIS 0	0	-1
		*TM_ROTANGLE 3.14159
		*TM_SCALE 1	1	1
		*TM_SCALEAXIS 0	0	0
		*TM_SCALEAXISANG 0	0	0
	}
}
*GEOMOBJECT {
	*NODE_NAME "zm_Skin"
	*NODE_PARENT "Bip01"
	*NODE_TM {
		*NODE_NAME "zm_Skin"
		*TM_ROW0 -1	-0	0
		*TM_ROW1 -0	-1	0
		*TM_ROW2 -0	-0	1
		*TM_ROW3 -0	-0	0
		*TM_POS -0	-0	0
		*TM_ROTAXIS 0	0	-1
		*TM_ROTANGLE 3.14159
		*TM_SCALE 1	1	1
		*TM_SCALEAXIS 0	0	0
		*TM_SCALEAXISANG 0	0	0
	}
	*MATERIAL_REF 0
	*MESH_SOFTSKIN {
		*TIMEVALUE 0
		*MESH_NUMVERTEX 647
		*MESH_NUMFACES 1184
		*MESH_VERTEX_LIST {
			*MESH_VERTEX 0	-31.649	11.3475	131.483
			*MESH_VERTEX 1	31.0685	9.35437	140.82
			*MESH_VERTEX 2	-8.14347	11.9118	75.1205
			*MESH_VERTEX 3	34.0757	-2.61581	90.1532
			*MESH_VERTEX 4	-4.29054	16.2589	150.425
			*MESH_VERTEX 5	26.7556	-6.52969	81.1489
			*MESH_VERTEX 6	24.2671	-4.13805	118.616
			*MESH_VERTEX 7	13.6212	9.29759	0.103225
			*MESH_VERTEX 8	4.66698	-19.1258	81.6814
			*MESH_VERTEX 9	23.888	-18.9855	0.144544
			*MESH_VERTEX 10	-12.6051	8.43116	0.27011
			*MESH_VERTEX 11	-3.63145	-19.6168	82.2221
			*MESH_VERTEX 12	-22.8908	-19.8418	-0.158185
			*MESH_VERTEX 13	-12.4967	-0.0485229	80.8854
			*MESH_VERTEX 14	12.2188	1.02683	81.346
			*MESH_VERTEX 15	-42.2868	-6.38651	129.447
			*MESH_VERTEX 16	18.6988	-10.5287	138.545
			*MESH_VERTEX 17	-43.6847	-3.50039	110.153
			*MESH_VERTEX 18	-38.9051	8.30067	128.002
			*MESH_VERTEX 19	-29.268	-8.59493	122.591
			*MESH_VERTEX 20	33.9555	8.75853	111.194
			*MESH_VERTEX 21	-34.9554	-6.74655	145.314
			*MESH_VERTEX 22	44.0118	-4.81243	111.305
			*MESH_VERTEX 23	39.155	8.64416	128.173
			*MESH_VERTEX 24	29.739	-7.81158	119.671
			*MESH_VERTEX 25	19.9157	-15.9755	75.4229
			*MESH_VERTEX 26	24.2827	-14.7837	95.9751
			*MESH_VERTEX 27	8.07794	12.2185	75.6644
			*MESH_VERTEX 28	-5.31128	-0.0466569	166.412
			*MESH_VERTEX 29	9.50489	0.496333	156.231
			*MESH_VERTEX 30	-2.29984e-005	-12.3088	160.914
			*MESH_VERTEX 31	20.3841	5.70774	76.8776
			*MESH_VERTEX 32	-26.4471	-8.25396	80.7069
			*MESH_VERTEX 33	-5.21012	11.2503	87.8026
			*MESH_VERTEX 34	21.6102	2.82497	58.262
			*MESH_VERTEX 35	19.6866	-11.0015	68.2003
			*MESH_VERTEX 36	22.1588	-6.82495	50.5018
			*MESH_VERTEX 37	-21.652	0.348803	58.1594
			*MESH_VERTEX 38	-19.0728	-13.4736	67.8823
			*MESH_VERTEX 39	-21.4786	-9.13842	50.186
			*MESH_VERTEX 40	-33.5695	-3.50025	90.4642
			*MESH_VERTEX 41	-19.9158	-15.9753	75.4229
			*MESH_VERTEX 42	-28.0294	-20.1332	83.3201
			*MESH_VERTEX 43	-4.42559	-24.4448	90.7733
			*MESH_VERTEX 44	15.4526	-1.14724	135.288
			*MESH_VERTEX 45	-9.48288	0.506835	156.269
			*MESH_VERTEX 46	1.03766	0.249377	50.1101
			*MESH_VERTEX 47	2.08253	-11.1298	64.2635
			*MESH_VERTEX 48	0.875796	1.24453	60.6278
			*MESH_VERTEX 49	-0.818571	-0.80417	50.3646
			*MESH_VERTEX 50	-1.42624	-12.4839	64.2722
			*MESH_VERTEX 51	-0.908327	-0.0185075	60.8395
			*MESH_VERTEX 52	0.00219566	-12.1603	149.436
			*MESH_VERTEX 53	-20.3861	4.58989	75.9234
			*MESH_VERTEX 54	-17.9881	1.16437	89.3322
			*MESH_VERTEX 55	14.4249	-19.9033	91.2646
			*MESH_VERTEX 56	-19.5419	0.453506	71.9011
			*MESH_VERTEX 57	5.06184	11.5344	88.0014
			*MESH_VERTEX 58	8.1165	-13.7292	-0.705495
			*MESH_VERTEX 59	16.7222	-26.0136	0.148409
			*MESH_VERTEX 60	-7.10258	-14.5914	-0.663854
			*MESH_VERTEX 61	-15.7313	-26.876	-0.0909413
			*MESH_VERTEX 62	5.75861	5.07891	10.3978
			*MESH_VERTEX 63	9.57821	-4.12676	10.989
			*MESH_VERTEX 64	5.80639	-0.284279	18.9036
			*MESH_VERTEX 65	-15.7056	-19.725	140.772
			*MESH_VERTEX 66	5.31131	-0.046695	166.412
			*MESH_VERTEX 67	-34.7318	-11.6447	90.6575
			*MESH_VERTEX 68	-5.15229	4.39135	10.6493
			*MESH_VERTEX 69	-5.03894	-1.27245	19.0307
			*MESH_VERTEX 70	-6.12016	-3.59078	7.35774
			*MESH_VERTEX 71	-20.2689	3.44148	9.26345
			*MESH_VERTEX 72	-19.9355	1.34087	20.9544
			*MESH_VERTEX 73	-18.1216	-3.71996	12.5583
			*MESH_VERTEX 74	3.39851	-6.59934	46.7176
			*MESH_VERTEX 75	-2.70171	-7.69678	46.7689
			*MESH_VERTEX 76	21.153	4.42844	9.36825
			*MESH_VERTEX 77	20.3999	2.27854	21.0537
			*MESH_VERTEX 78	19.0558	-2.64721	12.6441
			*MESH_VERTEX 79	16.6266	4.67943	161.513
			*MESH_VERTEX 80	-42.9572	-10.6199	143.471
			*MESH_VERTEX 81	-13.184	13.0686	166.907
			*MESH_VERTEX 82	-9.16673	10.8781	148.667
			*MESH_VERTEX 83	13.184	13.0686	166.907
			*MESH_VERTEX 84	4.29044	16.2589	150.425
			*MESH_VERTEX 85	9.16288	10.88	148.665
			*MESH_VERTEX 86	16.4015	-22.0186	75.1496
			*MESH_VERTEX 87	17.7074	1.87707	90.008
			*MESH_VERTEX 88	19.4832	2.38744	72.4448
			*MESH_VERTEX 89	25.4949	-5.78777	111.51
			*MESH_VERTEX 90	17.2376	13.3431	139.48
			*MESH_VERTEX 91	40.6424	1.5816	141.59
			*MESH_VERTEX 92	16.5144	-19.7274	140.851
			*MESH_VERTEX 93	2.73047	-21.2035	150.89
			*MESH_VERTEX 94	34.4228	-7.07207	145.508
			*MESH_VERTEX 95	19.914	3.35997	13.792
			*MESH_VERTEX 96	-19.0763	2.48893	13.719
			*MESH_VERTEX 97	-16.1055	-24.7991	79.3631
			*MESH_VERTEX 98	-9.96958	1.89643	117.995
			*MESH_VERTEX 99	-5.42164	-15.7814	150.588
			*MESH_VERTEX 100	-2.99901	-20.9883	150.941
			*MESH_VERTEX 101	12.0829	3.84888	159.249
			*MESH_VERTEX 102	-13.5516	-20.3617	91.0319
			*MESH_VERTEX 103	-14.5277	-23.5183	75.752
			*MESH_VERTEX 104	-0.6912	-7.85737	81.1368
			*MESH_VERTEX 105	-17.5967	-10.4752	82.5498
			*MESH_VERTEX 106	-27.4633	-14.4788	125.306
			*MESH_VERTEX 107	17.9885	-8.83921	82.5979
			*MESH_VERTEX 108	-12.0806	3.85499	159.25
			*MESH_VERTEX 109	1.03793	-8.73385	81.2593
			*MESH_VERTEX 110	24.1862	9.64709	141.356
			*MESH_VERTEX 111	19.5584	3.80863	133.914
			*MESH_VERTEX 112	5.05901	-15.7598	150.525
			*MESH_VERTEX 113	0.0120335	-23.8	147.872
			*MESH_VERTEX 114	-31.7905	-14.9882	92.2295
			*MESH_VERTEX 115	6.04892	-23.9032	91.6239
			*MESH_VERTEX 116	6.71046	-29.3156	78.7929
			*MESH_VERTEX 117	17.4757	-23.3304	78.7522
			*MESH_VERTEX 118	-2.87285	-24.8575	106.841
			*MESH_VERTEX 119	-30.6317	4.98092	153.393
			*MESH_VERTEX 120	-38.5945	9.46473	157.063
			*MESH_VERTEX 121	-33.9135	3.24404	150.719
			*MESH_VERTEX 122	-15.5379	-1.90994	134.831
			*MESH_VERTEX 123	30.316	5.3276	152.985
			*MESH_VERTEX 124	38.0009	10.1657	156.408
			*MESH_VERTEX 125	33.5244	3.82972	150.25
			*MESH_VERTEX 126	36.3922	-3.5708	129.111
			*MESH_VERTEX 127	42.7252	-6.58269	129.518
			*MESH_VERTEX 128	-13.0442	-11.0188	153.732
			*MESH_VERTEX 129	30.2629	-5.76819	154.282
			*MESH_VERTEX 130	39.9262	-9.28669	159.16
			*MESH_VERTEX 131	33.0303	-6.53292	151.417
			*MESH_VERTEX 132	-20.0984	-11.8137	142.613
			*MESH_VERTEX 133	-30.028	-6.27064	154.679
			*MESH_VERTEX 134	-39.4129	-10.3294	159.981
			*MESH_VERTEX 135	-32.8105	-7.20992	151.93
			*MESH_VERTEX 136	-23.9895	-15.3839	150.334
			*MESH_VERTEX 137	-26.7541	-24.9922	153.547
			*MESH_VERTEX 138	-27.0533	-15.8497	147.951
			*MESH_VERTEX 139	24.7041	-15.0472	150.09
			*MESH_VERTEX 140	28.0404	-24.3794	153.113
			*MESH_VERTEX 141	27.7074	-15.3352	147.606
			*MESH_VERTEX 142	5.36438	4.95261	13.837
			*MESH_VERTEX 143	-18.3119	-6.188	159.299
			*MESH_VERTEX 144	-16.0714	4.52487	161.982
			*MESH_VERTEX 145	-23.914	11.3291	135.823
			*MESH_VERTEX 146	-31.9726	8.91965	141.121
			*MESH_VERTEX 147	20.4282	-11.4258	142.126
			*MESH_VERTEX 148	18.7416	-5.88537	132.862
			*MESH_VERTEX 149	19.4428	-8.63573	125.063
			*MESH_VERTEX 150	-31.4857	2.95626	144.545
			*MESH_VERTEX 151	-24.3657	9.4895	141.338
			*MESH_VERTEX 152	-19.5952	3.74379	133.929
			*MESH_VERTEX 153	-23.0898	-6.19795	105.798
			*MESH_VERTEX 154	-36.276	-3.5568	129.131
			*MESH_VERTEX 155	-22.4679	5.01076	132.977
			*MESH_VERTEX 156	-25.0458	-13.3748	94.2414
			*MESH_VERTEX 157	34.1893	12.0612	131.299
			*MESH_VERTEX 158	31.182	-14.5243	125.29
			*MESH_VERTEX 159	30.0031	7.95184	130.666
			*MESH_VERTEX 160	-13.7008	-7.42356	13.9613
			*MESH_VERTEX 161	-7.1119	0.892218	12.3615
			*MESH_VERTEX 162	40.2803	1.04629	131.265
			*MESH_VERTEX 163	14.8857	-6.43217	13.9479
			*MESH_VERTEX 164	7.81558	1.73356	12.2132
			*MESH_VERTEX 165	-15.2772	-23.8716	94.1675
			*MESH_VERTEX 166	-19.6498	5.85591	11.8119
			*MESH_VERTEX 167	-21.0602	-1.35541	9.04755
			*MESH_VERTEX 168	-17.9114	-1.06111	14.5505
			*MESH_VERTEX 169	43.065	-9.32433	142.616
			*MESH_VERTEX 170	13.3651	-10.9194	153.559
			*MESH_VERTEX 171	16.3723	-16.5695	156.22
			*MESH_VERTEX 172	23.647	-6.32436	119.52
			*MESH_VERTEX 173	20.4107	6.89638	11.8068
			*MESH_VERTEX 174	21.9675	-0.335546	9.19823
			*MESH_VERTEX 175	18.4791	-0.206511	14.6375
			*MESH_VERTEX 176	-36.1202	-8.55538	153.169
			*MESH_VERTEX 177	-29.5475	6.26941	155.85
			*MESH_VERTEX 178	-19.5606	-8.36355	125.063
			*MESH_VERTEX 179	-23.3337	-6.192	119.859
			*MESH_VERTEX 180	-40.1615	1.09938	131.223
			*MESH_VERTEX 181	-32.8494	9.97993	111.911
			*MESH_VERTEX 182	-35.0719	3.04001	130.481
			*MESH_VERTEX 183	-14.3179	6.20763	171.255
			*MESH_VERTEX 184	16.7111	-7.53758	113.865
			*MESH_VERTEX 185	-19.8976	-10.6592	90.6506
			*MESH_VERTEX 186	-22.5271	-11.5717	76.3195
			*MESH_VERTEX 187	-16.9821	5.21971	103.885
			*MESH_VERTEX 188	23.9394	11.11	135.921
			*MESH_VERTEX 189	29.997	-14.0654	92.5749
			*MESH_VERTEX 190	-16.0649	-7.52259	114.144
			*MESH_VERTEX 191	13.7467	-18.272	82.1004
			*MESH_VERTEX 192	-20.7873	5.76418	138.607
			*MESH_VERTEX 193	27.977	-20.0698	83.6441
			*MESH_VERTEX 194	28.2304	-7.0952	75.8986
			*MESH_VERTEX 195	32.7008	-10.1256	75.917
			*MESH_VERTEX 196	20.2026	-9.51061	90.7426
			*MESH_VERTEX 197	14.8187	-7.53317	157.368
			*MESH_VERTEX 198	-12.7569	-19.3568	82.5099
			*MESH_VERTEX 199	23.0513	-8.69255	76.3634
			*MESH_VERTEX 200	-28.2305	-7.09506	75.8986
			*MESH_VERTEX 201	-32.7009	-10.1255	75.917
			*MESH_VERTEX 202	23.5375	-8.29841	92.4555
			*MESH_VERTEX 203	-10.3482	-18.6567	113.814
			*MESH_VERTEX 204	-4.42905	-27.0263	94.0773
			*MESH_VERTEX 205	-18.1545	-10.4287	138.622
			*MESH_VERTEX 206	-18.8129	-7.58089	132.687
			*MESH_VERTEX 207	35.2176	-11.8512	90.8055
			*MESH_VERTEX 208	18.3869	-15.4598	82.5847
			*MESH_VERTEX 209	25.0381	-13.3884	94.2354
			*MESH_VERTEX 210	9.82021	-18.2622	114.576
			*MESH_VERTEX 211	-0.732581	5.70375	156.741
			*MESH_VERTEX 212	-7.59508	7.72511	69.7024
			*MESH_VERTEX 213	-18.357	-15.5057	82.6161
			*MESH_VERTEX 214	-23.8703	-8.35231	92.8989
			*MESH_VERTEX 215	-6.61077	-6.09366	164.21
			*MESH_VERTEX 216	-6.95792	-7.35424	155.888
			*MESH_VERTEX 217	16.2146	7.96364	136.11
			*MESH_VERTEX 218	29.315	6.52424	155.417
			*MESH_VERTEX 219	-16.5396	-15.9634	147.365
			*MESH_VERTEX 220	-12.3357	6.44164	50.3865
			*MESH_VERTEX 221	-4.57894	-0.596404	80.5945
			*MESH_VERTEX 222	41.3317	5.47648	132.516
			*MESH_VERTEX 223	12.0985	8.17514	50.1566
			*MESH_VERTEX 224	21.1965	1.95926	49.4945
			*MESH_VERTEX 225	-15.2917	-23.0962	63.9365
			*MESH_VERTEX 226	24.5993	-8.41184	60.2192
			*MESH_VERTEX 227	10.3885	1.981	118.08
			*MESH_VERTEX 228	14.0539	5.71384	118.914
			*MESH_VERTEX 229	-23.9914	-11.0811	59.8348
			*MESH_VERTEX 230	-14.1434	5.69212	119
			*MESH_VERTEX 231	18.2411	-6.24708	159.355
			*MESH_VERTEX 232	16.5512	-15.9462	147.359
			*MESH_VERTEX 233	20.1641	6.21137	-1.68319
			*MESH_VERTEX 234	-26.5811	8.23317	111.547
			*MESH_VERTEX 235	-19.1159	5.36851	-1.66766
			*MESH_VERTEX 236	6.61076	-6.0937	164.21
			*MESH_VERTEX 237	7.00041	-7.3515	155.877
			*MESH_VERTEX 238	-21.0296	-0.288552	49.4021
			*MESH_VERTEX 239	4.35756	-0.0277545	80.926
			*MESH_VERTEX 240	22.9481	-5.72274	105.994
			*MESH_VERTEX 241	36.4098	-7.68795	152.52
			*MESH_VERTEX 242	35.6481	-17.4757	141.133
			*MESH_VERTEX 243	16.5702	-20.8816	64.3102
			*MESH_VERTEX 244	-20.6775	-6.43489	104.674
			*MESH_VERTEX 245	-19.5	4.76079	90.2026
			*MESH_VERTEX 246	-22.9503	-8.08666	91.2461
			*MESH_VERTEX 247	-25.6284	-8.40237	92.2186
			*MESH_VERTEX 248	-24.4309	-16.7515	147.97
			*MESH_VERTEX 249	25.1604	-16.3626	147.713
			*MESH_VERTEX 250	3.1709	11.0895	103.428
			*MESH_VERTEX 251	4.40591	-22.5594	105.935
			*MESH_VERTEX 252	14.9952	-18.6149	105.06
			*MESH_VERTEX 253	20.3232	-5.99692	104.981
			*MESH_VERTEX 254	19.0911	5.39203	91.3117
			*MESH_VERTEX 255	-3.38271	0.586353	48.8274
			*MESH_VERTEX 256	-26.6127	-14.4824	150.316
			*MESH_VERTEX 257	-30.8638	-8.57859	153.136
			*MESH_VERTEX 258	-23.5813	-3.69962	117.929
			*MESH_VERTEX 259	24.3119	-10.913	134.424
			*MESH_VERTEX 260	27.252	-14.0202	149.984
			*MESH_VERTEX 261	37.6857	3.44306	109.931
			*MESH_VERTEX 262	36.3752	-1.6798	120.109
			*MESH_VERTEX 263	33.3702	-8.14722	113.435
			*MESH_VERTEX 264	-39.8903	4.43305	131.497
			*MESH_VERTEX 265	31.2055	-7.98887	152.676
			*MESH_VERTEX 266	16.5	-23.1716	93.4585
			*MESH_VERTEX 267	25.8634	-7.24568	92.5959
			*MESH_VERTEX 268	23.4081	-7.08665	91.491
			*MESH_VERTEX 269	-32.1195	-5.03838	153.295
			*MESH_VERTEX 270	20.4049	5.85687	138.281
			*MESH_VERTEX 271	-14.8945	-18.8819	104.294
			*MESH_VERTEX 272	32.2597	-4.43501	152.815
			*MESH_VERTEX 273	3.5433	1.75603	48.5836
			*MESH_VERTEX 274	7.10486	-21.1395	63.8619
			*MESH_VERTEX 275	16.4155	-18.3552	64.4645
			*MESH_VERTEX 276	6.93882	-18.6618	64.2881
			*MESH_VERTEX 277	-5.82188	-22.7738	63.6613
			*MESH_VERTEX 278	-15.2939	-20.5673	64.1229
			*MESH_VERTEX 279	-5.81462	-20.2962	64.1192
			*MESH_VERTEX 280	32.5045	2.98209	152.587
			*MESH_VERTEX 281	-32.7852	2.45302	153.034
			*MESH_VERTEX 282	-34.9418	-11.0921	81.2591
			*MESH_VERTEX 283	31.7638	3.37056	145.489
			*MESH_VERTEX 284	-4.12709	9.00929	102.483
			*MESH_VERTEX 285	-6.5037	13.0602	88.7197
			*MESH_VERTEX 286	20.3872	-18.5008	84.3794
			*MESH_VERTEX 287	32.0915	-1.76979	94.1669
			*MESH_VERTEX 288	35.2746	-7.29221	125.392
			*MESH_VERTEX 289	-1.74146	-9.1259	57.905
			*MESH_VERTEX 290	2.31232	-7.84117	57.8595
			*MESH_VERTEX 291	-32.3415	5.43721	150.69
			*MESH_VERTEX 292	31.8477	5.90745	150.295
			*MESH_VERTEX 293	27.4455	-9.28528	125.574
			*MESH_VERTEX 294	-4.95715	-30.0441	79.7824
			*MESH_VERTEX 295	-16.3722	-16.5696	156.22
			*MESH_VERTEX 296	-14.8864	-7.49215	157.332
			*MESH_VERTEX 297	-35.5091	-0.869177	122.253
			*MESH_VERTEX 298	-35.164	-7.35643	125.506
			*MESH_VERTEX 299	-41.8048	-3.90793	122.268
			*MESH_VERTEX 300	16.2458	5.47332	104.36
			*MESH_VERTEX 301	-16.2511	7.92435	136.12
			*MESH_VERTEX 302	-17.1879	13.6832	139.57
			*MESH_VERTEX 303	23.6249	-15.4635	152.631
			*MESH_VERTEX 304	21.5556	13.4464	146.434
			*MESH_VERTEX 305	34.8881	-11.0199	81.6182
			*MESH_VERTEX 306	-21.6308	13.692	146.698
			*MESH_VERTEX 307	-41.1528	0.541816	142.291
			*MESH_VERTEX 308	-15.3304	-1.11149	61.6141
			*MESH_VERTEX 309	-7.48765	-0.883891	60.9063
			*MESH_VERTEX 310	6.02706	13.1798	88.9624
			*MESH_VERTEX 311	8.48392	-26.1927	73.81
			*MESH_VERTEX 312	-20.3578	-18.5427	84.4163
			*MESH_VERTEX 313	-29.0073	-13.4824	92.6852
			*MESH_VERTEX 314	-36.1021	-6.26951	117.341
			*MESH_VERTEX 315	-40.4614	-0.46998	123.014
			*MESH_VERTEX 316	20.683	1.61643	125.223
			*MESH_VERTEX 317	0.127329	4.13706	114.127
			*MESH_VERTEX 318	0.00882935	8.45612	124.194
			*MESH_VERTEX 319	-23.7738	-11.0147	134.446
			*MESH_VERTEX 320	-3.21856	-22.9599	105.846
			*MESH_VERTEX 321	15.3199	1.03926	61.6839
			*MESH_VERTEX 322	7.4932	0.7816	60.8225
			*MESH_VERTEX 323	-16.1511	2.95378	103.361
			*MESH_VERTEX 324	3.61941	9.14759	102.624
			*MESH_VERTEX 325	-18.5037	-2.0828	133.065
			*MESH_VERTEX 326	15.6295	3.19871	103.643
			*MESH_VERTEX 327	-29.4731	7.06565	130.905
			*MESH_VERTEX 328	-26.9001	6.48777	122.233
			*MESH_VERTEX 329	-38.1714	5.53341	113.261
			*MESH_VERTEX 330	-33.0356	-3.34082	93.7702
			*MESH_VERTEX 331	-36.3556	-1.708	120.149
			*MESH_VERTEX 332	-33.6628	-8.40166	113.881
			*MESH_VERTEX 333	-28.1401	-5.55561	119.111
			*MESH_VERTEX 334	2.23899e-005	1.91665	167.264
			*MESH_VERTEX 335	-27.5495	-8.88661	125.892
			*MESH_VERTEX 336	-35.0749	-18.4764	141.751
			*MESH_VERTEX 337	41.8888	-3.83128	122.05
			*MESH_VERTEX 338	40.5568	-0.381117	122.819
			*MESH_VERTEX 339	-15.491	-25.4645	5.45695
			*MESH_VERTEX 340	-10.6271	-14.2229	8.16567
			*MESH_VERTEX 341	-20.0313	-12.324	8.1141
			*MESH_VERTEX 342	16.3804	-24.5472	5.6767
			*MESH_VERTEX 343	11.4771	-13.2759	8.18378
			*MESH_VERTEX 344	20.8823	-11.3843	8.28785
			*MESH_VERTEX 345	11.1481	11.8697	153.194
			*MESH_VERTEX 346	27.5844	6.39662	119.954
			*MESH_VERTEX 347	-16.6178	-15.4857	56.9169
			*MESH_VERTEX 348	-21.0718	-13.7018	58.1716
			*MESH_VERTEX 349	17.5602	-13.3065	57.2607
			*MESH_VERTEX 350	21.8745	-11.2333	58.5562
			*MESH_VERTEX 351	14.5561	-19.3015	124.708
			*MESH_VERTEX 352	17.9516	-7.07782	117.187
			*MESH_VERTEX 353	-20.5837	1.56408	125.134
			*MESH_VERTEX 354	32.6529	-5.27458	89.6539
			*MESH_VERTEX 355	-11.1095	11.8876	153.168
			*MESH_VERTEX 356	-0.233276	-22.5388	113.94
			*MESH_VERTEX 357	-14.3473	-19.1772	124.726
			*MESH_VERTEX 358	-17.9193	-6.94135	118.273
			*MESH_VERTEX 359	14.3179	6.2077	171.255
			*MESH_VERTEX 360	18.3648	-0.796357	161.734
			*MESH_VERTEX 361	35.2101	3.11693	130.233
			*MESH_VERTEX 362	21.2589	-18.9835	76.0291
			*MESH_VERTEX 363	-21.2589	-18.9833	76.029
			*MESH_VERTEX 364	-4.66701	-25.901	93.1557
			*MESH_VERTEX 365	21.7621	-9.01033	61.218
			*MESH_VERTEX 366	-21.1408	-11.5243	60.8855
			*MESH_VERTEX 367	28.1444	-5.57829	119.047
			*MESH_VERTEX 368	-38.3979	-2.44086	112.078
			*MESH_VERTEX 369	-8.70949	-5.02596	11.0821
			*MESH_VERTEX 370	-5.29286	1.34165	7.70613
			*MESH_VERTEX 371	-4.91476	2.24093	17.2782
			*MESH_VERTEX 372	-4.81224	4.11882	14.0872
			*MESH_VERTEX 373	-5.91155	-1.82073	14.5212
			*MESH_VERTEX 374	-8.25856	-2.47738	13.6283
			*MESH_VERTEX 375	20.9128	1.09939	13.2346
			*MESH_VERTEX 376	20.5077	1.40405	16.3873
			*MESH_VERTEX 377	23.2566	1.66813	15.5748
			*MESH_VERTEX 378	20.6313	2.77001	14.6762
			*MESH_VERTEX 379	6.74339	8.40335	69.9543
			*MESH_VERTEX 380	-5.40295	-14.7709	55.455
			*MESH_VERTEX 381	-0.97291	-12.2591	55.1659
			*MESH_VERTEX 382	-23.045	-15.7935	152.699
			*MESH_VERTEX 383	22.2482	7.43007	135.336
			*MESH_VERTEX 384	22.7059	-5.15334	124.649
			*MESH_VERTEX 385	5.58795	3.16008	17.0782
			*MESH_VERTEX 386	6.72514	-0.905626	14.4087
			*MESH_VERTEX 387	9.15656	-1.74191	13.4145
			*MESH_VERTEX 388	6.35221	-13.3001	55.5913
			*MESH_VERTEX 389	1.78554	-11.0673	55.1738
			*MESH_VERTEX 390	35.9989	-6.45093	117.394
			*MESH_VERTEX 391	35.5932	-0.781169	122.134
			*MESH_VERTEX 392	43.7238	9.89579	117.786
			*MESH_VERTEX 393	45.2525	1.8418	112.6
			*MESH_VERTEX 394	39.7623	-2.50262	119.72
			*MESH_VERTEX 395	33.5643	-9.37233	94.0026
			*MESH_VERTEX 396	38.4703	-2.29915	112.077
			*MESH_VERTEX 397	-20.0875	-0.0170098	13.1401
			*MESH_VERTEX 398	-19.8685	0.513475	16.2756
			*MESH_VERTEX 399	-22.5583	0.785517	15.4128
			*MESH_VERTEX 400	-19.8542	1.89139	14.5805
			*MESH_VERTEX 401	30.3417	-13.0817	95.4436
			*MESH_VERTEX 402	9.94961	1.85826	114.019
			*MESH_VERTEX 403	28.5888	-4.06875	89.0545
			*MESH_VERTEX 404	27.6766	7.0815	111.209
			*MESH_VERTEX 405	15.8668	-19.818	136.858
			*MESH_VERTEX 406	-15.8216	-19.8816	136.872
			*MESH_VERTEX 407	6.96453	-2.61082	7.21382
			*MESH_VERTEX 408	32.8244	-10.9747	90.9961
			*MESH_VERTEX 409	-29.7211	-7.87193	119.557
			*MESH_VERTEX 410	23.3901	-17.6064	77.1275
			*MESH_VERTEX 411	24.2191	-18.4992	83.3837
			*MESH_VERTEX 412	24.8358	-18.9998	77.2195
			*MESH_VERTEX 413	-22.4128	-5.15608	124.669
			*MESH_VERTEX 414	-17.739	-15.8668	60.8548
			*MESH_VERTEX 415	-14.3457	13.2925	166.62
			*MESH_VERTEX 416	18.6312	-13.5528	61.1811
			*MESH_VERTEX 417	-32.4081	-5.73991	89.644
			*MESH_VERTEX 418	-28.5831	-5.11363	89.894
			*MESH_VERTEX 419	-19.3017	3.1499	89.4917
			*MESH_VERTEX 420	-33.1228	-9.17612	93.5319
			*MESH_VERTEX 421	-24.6043	-14.2419	95.7666
			*MESH_VERTEX 422	-29.9977	-12.7441	95.5937
			*MESH_VERTEX 423	-23.3902	-17.6062	77.1274
			*MESH_VERTEX 424	-24.221	-18.4849	83.4073
			*MESH_VERTEX 425	-24.8358	-18.9996	77.2194
			*MESH_VERTEX 426	-11.4059	-24.5525	-0.426302
			*MESH_VERTEX 427	12.4058	-23.6905	-0.289986
			*MESH_VERTEX 428	-9.70022	1.86699	114.186
			*MESH_VERTEX 429	-39.0361	-3.1702	124.66
			*MESH_VERTEX 430	29.3579	-8.50778	122.532
			*MESH_VERTEX 431	24.8398	-9.67998	-0.943407
			*MESH_VERTEX 432	-23.8158	-10.5252	-1.17164
			*MESH_VERTEX 433	14.3456	13.2926	166.62
			*MESH_VERTEX 434	-43.0782	9.81167	119.437
			*MESH_VERTEX 435	-44.8855	2.96171	112.181
			*MESH_VERTEX 436	-39.7062	-2.45861	120.107
			*MESH_VERTEX 437	-9.23636	10.0614	152.634
			*MESH_VERTEX 438	9.26814	10.0523	152.649
			*MESH_VERTEX 439	-19.0879	-10.8125	58.4744
			*MESH_VERTEX 440	19.7148	-8.46457	58.7702
			*MESH_VERTEX 441	29.3498	-5.84903	85.7841
			*MESH_VERTEX 442	27.75	-5.36707	80.8282
			*MESH_VERTEX 443	-0.0242552	-3.28126	160.54
			*MESH_VERTEX 444	19.0554	3.7964	90.3206
			*MESH_VERTEX 445	-23.9076	1.38989	118.288
			*MESH_VERTEX 446	39.1401	-3.08766	124.547
			*MESH_VERTEX 447	-38.2812	-5.06099	121.891
			*MESH_VERTEX 448	16.9057	-1.94442	132.512
			*MESH_VERTEX 449	33.4477	-6.26355	84.7838
			*MESH_VERTEX 450	-10.1939	-5.9044	18.8289
			*MESH_VERTEX 451	-14.4966	-6.69935	18.8142
			*MESH_VERTEX 452	10.1528	4.35538	-1.83869
			*MESH_VERTEX 453	-9.1048	3.50526	-1.65591
			*MESH_VERTEX 454	-16.3662	-9.39161	167.232
			*MESH_VERTEX 455	-15.0391	-16.001	156.434
			*MESH_VERTEX 456	-6.90287	-19.294	146.892
			*MESH_VERTEX 457	16.3662	-9.39152	167.232
			*MESH_VERTEX 458	15.0392	-16.0009	156.434
			*MESH_VERTEX 459	11.3101	-5.03887	18.8719
			*MESH_VERTEX 460	15.6521	-5.57337	18.9533
			*MESH_VERTEX 461	38.3563	-4.9805	121.756
			*MESH_VERTEX 462	25.0448	-12.0284	98.4403
			*MESH_VERTEX 463	38.7143	-4.93146	131.692
			*MESH_VERTEX 464	-25.1973	-12.2197	98.3264
			*MESH_VERTEX 465	20.2128	-6.80758	124.854
			*MESH_VERTEX 466	-18.5136	-13.9021	52.9824
			*MESH_VERTEX 467	-21.8522	-9.35298	56.8015
			*MESH_VERTEX 468	-21.7989	-8.07502	59.392
			*MESH_VERTEX 469	18.7845	-11.0993	129.292
			*MESH_VERTEX 470	24.2979	-12.8818	141.548
			*MESH_VERTEX 471	6.24653	-19.5563	146.851
			*MESH_VERTEX 472	0.0347255	-24.5614	137.103
			*MESH_VERTEX 473	12.4407	9.64783	12.8449
			*MESH_VERTEX 474	15.7084	8.39475	18.2521
			*MESH_VERTEX 475	18.9092	-0.256112	19.2082
			*MESH_VERTEX 476	19.4313	-11.6955	53.3478
			*MESH_VERTEX 477	22.4177	-6.87568	57.12
			*MESH_VERTEX 478	22.2383	-5.55227	59.6842
			*MESH_VERTEX 479	-33.4577	-6.24998	84.7698
			*MESH_VERTEX 480	-11.6608	8.65467	13.0343
			*MESH_VERTEX 481	-15.3815	7.25333	18.4352
			*MESH_VERTEX 482	-18.0721	-1.59407	19.1291
			*MESH_VERTEX 483	-9.7909	17.0545	157.6
			*MESH_VERTEX 484	32.2665	-15.2713	92.1519
			*MESH_VERTEX 485	-20.2094	-6.82081	124.877
			*MESH_VERTEX 486	9.7908	17.0545	157.6
			*MESH_VERTEX 487	-7.06036	-26.3311	73.4143
			*MESH_VERTEX 488	-15.8255	-2.56315	170.837
			*MESH_VERTEX 489	-15.2616	6.57147	171.045
			*MESH_VERTEX 490	-16.8917	-2.62695	170.535
			*MESH_VERTEX 491	-22.214	-16.4793	88.8031
			*MESH_VERTEX 492	-18.4239	-0.733235	161.671
			*MESH_VERTEX 493	0.00134731	-15.6655	152.696
