*3DSMAX_ASCIIEXPORT	110
*COMMENT "[ GothicSourcer v3.10 ] - August 2006"
*SCENE {
	*SCENE_FILENAME "ARMOR_VLK_L.MAX"
	*SCENE_FIRSTFRAME 0
	*SCENE_LASTFRAME 100
	*SCENE_FRAMESPEED 25
	*SCENE_TICKSPERFRAME 192
	*SCENE_BACKGROUND_STATIC 0	0	0
	*SCENE_AMBIENT_STATIC 0.2	0.2	0.2
}
*MATERIAL_LIST {
	*MATERIAL_COUNT 1
	*MATERIAL 0 {
		*MATERIAL_NAME "Compound Material #1"
		*MATERIAL_CLASS "Multi/Sub-Object"
		*NUMSUBMTLS 2
		*SUBMATERIAL 0 {
			*MATERIAL_NAME "MATERIAL #503"
			*MATERIAL_CLASS "Standard"
			*MATERIAL_AMBIENT 0.145098	0.0980392	0.0745098
			*MATERIAL_DIFFUSE 0.145098	0.0980392	0.0745098
			*MATERIAL_SPECULAR 0.9	0.9	0.9
			*MATERIAL_SHINE 0.1
			*MATERIAL_SHINESTRENGTH 0
			*MATERIAL_TRANSPARENCY 0
			*MATERIAL_WIRESIZE 1
			*MATERIAL_SHADING Blinn
			*MATERIAL_XP_FALLOFF 0
			*MATERIAL_SELFILLUM 0
			*MATERIAL_FALLOFF In
			*MATERIAL_XP_TYPE Filter
			*MAP_DIFFUSE {
				*MAP_NAME "Map #1-1"
				*MAP_CLASS "Bitmap"
				*MAP_SUBNO 1
				*MAP_AMOUNT 1
				*BITMAP "BUERGER2_1.TGA"
				*MAP_TYPE Screen
				*UVW_U_OFFSET 0
				*UVW_V_OFFSET 0
				*UVW_U_TILING 1
				*UVW_V_TILING 1
				*UVW_ANGLE 0
				*UVW_BLUR 1
				*UVW_BLUR_OFFSET 0
				*UVW_NOUSE_AMT 1
				*UVW_NOISE_SIZE 1
				*UVW_NOISE_LEVEL 1
				*UVW_NOISE_PHASE 0
				*BITMAP_FILTER Pyramidal
			}
		}
		*SUBMATERIAL 1 {
			*MATERIAL_NAME "MATERIAL #500"
			*MATERIAL_CLASS "Standard"
			*MATERIAL_AMBIENT 0.509804	0.407843	0.305882
			*MATERIAL_DIFFUSE 0.509804	0.407843	0.305882
			*MATERIAL_SPECULAR 0.9	0.9	0.9
			*MATERIAL_SHINE 0.1
			*MATERIAL_SHINESTRENGTH 0
			*MATERIAL_TRANSPARENCY 0
			*MATERIAL_WIRESIZE 1
			*MATERIAL_SHADING Blinn
			*MATERIAL_XP_FALLOFF 0
			*MATERIAL_SELFILLUM 0
			*MATERIAL_FALLOFF In
			*MATERIAL_XP_TYPE Filter
			*MAP_DIFFUSE {
				*MAP_NAME "Map #1-2"
				*MAP_CLASS "Bitmap"
				*MAP_SUBNO 1
				*MAP_AMOUNT 1
				*BITMAP "HUM_BODY_NAKED_V0_C0.TGA"
				*MAP_TYPE Screen
				*UVW_U_OFFSET 0
				*UVW_V_OFFSET 0
				*UVW_U_TILING 1
				*UVW_V_TILING 1
				*UVW_ANGLE 0
				*UVW_BLUR 1
				*UVW_BLUR_OFFSET 0
				*UVW_NOUSE_AMT 1
				*UVW_NOISE_SIZE 1
				*UVW_NOISE_LEVEL 1
				*UVW_NOISE_PHASE 0
				*BITMAP_FILTER Pyramidal
			}
		}
	}
}
*HELPEROBJECT {
	*NODE_NAME "Bip01"
	*NODE_TM {
		*NODE_NAME "Bip01"
		*TM_ROW0 6.27438e-006	-1	0
		*TM_ROW1 1	6.27438e-006	0
		*TM_ROW2 -0	-0	1
		*TM_ROW3 0	-7.37745	99.9496
		*TM_POS 0	-7.37745	99.9496
		*TM_ROTAXIS 0	0	1
		*TM_ROTANGLE 1.57079
		*TM_SCALE 1	1	1
		*TM_SCALEAXIS 0	0	0
		*TM_SCALEAXISANG 0	0	0
	}
}
*HELPEROBJECT {
	*NODE_NAME "Bip01 Pelvis"
	*NODE_PARENT "Bip01"
	*NODE_TM {
		*NODE_NAME "Bip01 Pelvis"
		*TM_ROW0 -5.96014e-008	1.79264e-006	1
		*TM_ROW1 -1.79264e-006	-1	1.79264e-006
		*TM_ROW2 1	-1.79264e-006	-5.96014e-008
		*TM_ROW3 1e-005	-8.0113	99.9496
		*TM_POS 1e-005	-8.0113	99.9496
		*TM_ROTAXIS 0.707107	0	0.707107
		*TM_ROTANGLE 3.1416
		*TM_SCALE 1	1	1
		*TM_SCALEAXIS 0	0	0
		*TM_SCALEAXISANG 0	0	0
	}
}
*HELPEROBJECT {
	*NODE_NAME "Bip01 Spine"
	*NODE_PARENT "Bip01 Pelvis"
	*NODE_TM {
		*NODE_NAME "Bip01 Spine"
		*TM_ROW0 6.6944e-008	-0.0205947	0.999788
		*TM_ROW1 5.48642e-006	-0.999788	-0.0205947
		*TM_ROW2 1	5.48642e-006	6.6944e-008
		*TM_ROW3 1e-005	-7.92216	102.35
		*TM_POS 1e-005	-7.92216	102.35
		*TM_ROTAXIS 0.707088	-0.00727998	0.707088
		*TM_ROTANGLE 3.12703
		*TM_SCALE 1	1	1
		*TM_SCALEAXIS 0	0	0
		*TM_SCALEAXISANG 0	0	0
	}
}
*HELPEROBJECT {
	*NODE_NAME "Bip01 Spine1"
	*NODE_PARENT "Bip01 Spine"
	*NODE_TM {
		*NODE_NAME "Bip01 Spine1"
		*TM_ROW0 6.76996e-008	-0.00276992	0.999996
		*TM_ROW1 -1.92621e-006	-0.999996	-0.00276991
		*TM_ROW2 1	-1.92621e-006	6.76996e-008
		*TM_ROW3 1e-005	-8.11442	112.175
		*TM_POS 1e-005	-8.11442	112.175
		*TM_ROTAXIS -0.707107	0.000979995	-0.707106
		*TM_ROTANGLE 3.14355
		*TM_SCALE 1	1	1
		*TM_SCALEAXIS 0	0	0
		*TM_SCALEAXISANG 0	0	0
	}
}
*HELPEROBJECT {
	*NODE_NAME "Bip01 Spine2"
	*NODE_PARENT "Bip01 Spine1"
	*NODE_TM {
		*NODE_NAME "Bip01 Spine2"
		*TM_ROW0 3.48622e-008	0.180243	0.983622
		*TM_ROW1 1.67638e-006	-0.983622	0.180243
		*TM_ROW2 1	1.67638e-006	3.48621e-008
		*TM_ROW3 1e-005	-8.1264	124.961
		*TM_POS 1e-005	-8.1264	124.961
		*TM_ROTAXIS 0.705652	0.0641202	0.705652
		*TM_ROTANGLE 3.26966
		*TM_SCALE 1	1	1
		*TM_SCALEAXIS 0	0	0
		*TM_SCALEAXISANG 0	0	0
	}
}
*HELPEROBJECT {
	*NODE_NAME "Bip01 Neck"
	*NODE_PARENT "Bip01 Spine2"
	*NODE_TM {
		*NODE_NAME "Bip01 Neck"
		*TM_ROW0 6.08698e-007	-0.167043	0.98595
		*TM_ROW1 4.70132e-006	-0.98595	-0.167043
		*TM_ROW2 1	4.70132e-006	6.08698e-007
		*TM_ROW3 -2.11471e-012	-2.71656	154.454
		*TM_POS -2.11471e-012	-2.71656	154.454
		*TM_ROTAXIS -0.70586	0.05937	-0.705859
		*TM_ROTANGLE 3.2602
		*TM_SCALE 1	1	1
		*TM_SCALEAXIS 0	0	0
		*TM_SCALEAXISANG 0	0	0
	}
}
*HELPEROBJECT {
	*NODE_NAME "Bip01 Head"
	*NODE_PARENT "Bip01 Neck"
	*NODE_TM {
		*NODE_NAME "Bip01 Head"
		*TM_ROW0 -5.96015e-008	1.76921e-006	1
		*TM_ROW1 -1.79264e-006	-1	1.77916e-006
		*TM_ROW2 1	-1.79264e-006	-5.96014e-008
		*TM_ROW3 1.63729e-011	-3.85901	161.198
		*TM_POS 1.63729e-011	-3.85901	161.198
		*TM_ROTAXIS -0.707107	4.76653e-009	-0.707107
		*TM_ROTANGLE 3.14159
		*TM_SCALE 1	1	1
		*TM_SCALEAXIS 0	0	0
		*TM_SCALEAXISANG 0	0	0
	}
}
*HELPEROBJECT {
	*NODE_NAME "ZS_HELMET"
	*NODE_PARENT "Bip01 Head"
	*NODE_TM {
		*NODE_NAME "ZS_HELMET"
		*TM_ROW0 1	5.73874e-013	4.35659e-014
		*TM_ROW1 -4.07319e-013	0.996917	-0.0784593
		*TM_ROW2 -4.76109e-014	0.0784593	0.996918
		*TM_ROW3 1e-005	-7.06248	173.704
		*TM_POS 1e-005	-7.06248	173.704
		*TM_ROTAXIS 1	5.81045e-013	-6.25288e-012
		*TM_ROTANGLE 0.078541
		*TM_SCALE 1	1	1
		*TM_SCALEAXIS 0	0	0
		*TM_SCALEAXISANG 0	0	0
	}
}
*HELPEROBJECT {
	*NODE_NAME "Bip01 L Clavicle"
	*NODE_PARENT "Bip01 Neck"
	*NODE_TM {
		*NODE_NAME "Bip01 L Clavicle"
		*TM_ROW0 0.935229	-0.203893	-0.289439
		*TM_ROW1 0.156435	0.971369	-0.178803
		*TM_ROW2 0.317608	0.121943	0.940348
		*TM_ROW3 7.96399	-1.25804	148.729
		*TM_POS 7.96399	-1.25804	148.729
		*TM_ROTAXIS 0.391939	-0.791119	0.469589
		*TM_ROTANGLE 0.39376
		*TM_SCALE 1	1	1
		*TM_SCALEAXIS 0	0	0
		*TM_SCALEAXISANG 0	0	0
	}
}
*HELPEROBJECT {
	*NODE_NAME "Bip01 L UpperArm"
	*NODE_PARENT "Bip01 L Clavicle"
	*NODE_TM {
		*NODE_NAME "Bip01 L UpperArm"
		*TM_ROW0 0.246229	0.0989026	-0.964152
		*TM_ROW1 0.412789	0.889345	0.196649
		*TM_ROW2 0.876913	-0.446412	0.178157
		*TM_ROW3 20.4269	-3.97508	144.872
		*TM_POS 20.4269	-3.97508	144.872
		*TM_ROTAXIS -0.325561	-0.932072	0.15891
		*TM_ROTANGLE 1.41328
		*TM_SCALE 1	1	1
		*TM_SCALEAXIS 0	0	0
		*TM_SCALEAXISANG 0	0	0
	}
}
*HELPEROBJECT {
	*NODE_NAME "Bip01 L Forearm"
	*NODE_PARENT "Bip01 L UpperArm"
	*NODE_TM {
		*NODE_NAME "Bip01 L Forearm"
		*TM_ROW0 0.0455122	-0.291882	-0.955371
		*TM_ROW1 0.478489	0.845886	-0.235638
		*TM_ROW2 0.876913	-0.44641	0.17816
		*TM_ROW3 27.2982	-1.21526	117.966
		*TM_POS 27.2982	-1.21526	117.966
		*TM_ROTAXIS -0.10545	-0.916697	0.385419
		*TM_ROTANGLE 1.53601
		*TM_SCALE 1	1	1
		*TM_SCALEAXIS 0	0	0
		*TM_SCALEAXISANG 0	0	0
	}
}
*HELPEROBJECT {
	*NODE_NAME "Bip01 L Hand"
	*NODE_PARENT "Bip01 L Forearm"
	*NODE_TM {
		*NODE_NAME "Bip01 L Hand"
		*TM_ROW0 0.0455132	-0.291886	-0.95537
		*TM_ROW1 -0.876533	0.44708	-0.17835
		*TM_ROW2 0.479185	0.845531	-0.2355
		*TM_ROW3 28.5642	-9.33439	91.391
		*TM_POS 28.5642	-9.33439	91.391
		*TM_ROTAXIS 0.551391	-0.772552	-0.314851
		*TM_ROTANGLE 1.95137
		*TM_SCALE 1	1	1
		*TM_SCALEAXIS 0	0	0
		*TM_SCALEAXISANG 0	0	0
	}
}
*HELPEROBJECT {
	*NODE_NAME "Bip01 L Finger0"
	*NODE_PARENT "Bip01 L Hand"
	*NODE_TM {
		*NODE_NAME "Bip01 L Finger0"
		*TM_ROW0 0.0455152	-0.291888	-0.955369
		*TM_ROW1 -0.876915	0.446405	-0.178165
		*TM_ROW2 0.478485	0.845886	-0.235643
		*TM_ROW3 29.15	-13.0909	79.0956
		*TM_POS 29.15	-13.0909	79.0956
		*TM_ROTAXIS 0.551581	-0.772311	-0.31511
		*TM_ROTANGLE 1.95181
		*TM_SCALE 1	1	1
		*TM_SCALEAXIS 0	0	0
		*TM_SCALEAXISANG 0	0	0
	}
}
*HELPEROBJECT {
	*NODE_NAME "ZS_LEFTHAND"
	*NODE_PARENT "Bip01 L Hand"
	*NODE_TM {
		*NODE_NAME "ZS_LEFTHAND"
		*TM_ROW0 0.435606	0.890062	-0.134303
		*TM_ROW1 0.180312	-0.232461	-0.955745
		*TM_ROW2 -0.881893	0.392112	-0.261751
		*TM_ROW3 26.7605	-11.5468	82.7857
		*TM_POS 26.7605	-11.5468	82.7857
		*TM_ROTAXIS 0.794322	0.440571	-0.418271
		*TM_ROTANGLE 2.12858
		*TM_SCALE 1	1	1
		*TM_SCALEAXIS 0	0	0
		*TM_SCALEAXISANG 0	0	0
	}
}
*HELPEROBJECT {
	*NODE_NAME "ZS_LEFTARM"
	*NODE_PARENT "Bip01 L Forearm"
	*NODE_TM {
		*NODE_NAME "ZS_LEFTARM"
		*TM_ROW0 0.0759923	-0.150176	-0.985735
		*TM_ROW1 0.524499	0.846792	-0.0885736
		*TM_ROW2 0.848013	-0.510285	0.143117
		*TM_ROW3 26.9101	-7.67833	110.055
		*TM_POS 26.9101	-7.67833	110.055
		*TM_ROTAXIS -0.21097	-0.917372	0.337521
		*TM_ROTANGLE 1.53784
		*TM_SCALE 1	1	1
		*TM_SCALEAXIS 0	0	0
		*TM_SCALEAXISANG 0	0	0
	}
}
*HELPEROBJECT {
	*NODE_NAME "Bip01 R Clavicle"
	*NODE_PARENT "Bip01 Neck"
	*NODE_TM {
		*NODE_NAME "Bip01 R Clavicle"
		*TM_ROW0 -0.935227	-0.203899	-0.28944
		*TM_ROW1 -0.156442	0.971369	-0.178799
		*TM_ROW2 0.317609	-0.121937	-0.940349
		*TM_ROW3 -7.96398	-1.25806	148.729
		*TM_POS -7.96398	-1.25806	148.729
		*TM_ROTAXIS -0.0929799	0.992639	-0.0775999
		*TM_ROTANGLE 3.45235
		*TM_SCALE 1	1	1
		*TM_SCALEAXIS 0	0	0
		*TM_SCALEAXISANG 0	0	0
	}
}
*HELPEROBJECT {
	*NODE_NAME "Bip01 R UpperArm"
	*NODE_PARENT "Bip01 R Clavicle"
	*NODE_TM {
		*NODE_NAME "Bip01 R UpperArm"
		*TM_ROW0 -0.246232	0.0988932	-0.964153
		*TM_ROW1 -0.412793	0.889345	0.196642
		*TM_ROW2 0.876911	0.446415	-0.178163
		*TM_ROW3 -20.4269	-3.97513	144.872
		*TM_POS -20.4269	-3.97513	144.872
		*TM_ROTAXIS 0.12961	-0.955353	-0.265521
		*TM_ROTANGLE 1.84162
		*TM_SCALE 1	1	1
		*TM_SCALEAXIS 0	0	0
		*TM_SCALEAXISANG 0	0	0
	}
}
*HELPEROBJECT {
	*NODE_NAME "Bip01 R Forearm"
	*NODE_PARENT "Bip01 R UpperArm"
	*NODE_TM {
		*NODE_NAME "Bip01 R Forearm"
		*TM_ROW0 -0.0455087	-0.291889	-0.955369
		*TM_ROW1 -0.478487	0.845885	-0.235646
		*TM_ROW2 0.876915	0.446408	-0.17816
		*TM_ROW3 -27.2982	-1.21534	117.966
		*TM_POS -27.2982	-1.21534	117.966
		*TM_ROTAXIS 0.347279	-0.932937	-0.0950097
		*TM_ROTANGLE 1.76083
		*TM_SCALE 1	1	1
		*TM_SCALEAXIS 0	0	0
		*TM_SCALEAXISANG 0	0	0
	}
}
*HELPEROBJECT {
	*NODE_NAME "Bip01 R Hand"
	*NODE_PARENT "Bip01 R Forearm"
	*NODE_TM {
		*NODE_NAME "Bip01 R Hand"
		*TM_ROW0 -0.0455115	-0.291885	-0.95537
		*TM_ROW1 0.87653	0.447088	-0.17835
		*TM_ROW2 0.479192	-0.845527	0.235499
		*TM_ROW3 -28.5642	-9.33445	91.3911
		*TM_POS -28.5642	-9.33445	91.3911
		*TM_ROTAXIS -0.33922	-0.72939	0.59407
		*TM_ROTANGLE 1.75327
		*TM_SCALE 1	1	1
		*TM_SCALEAXIS 0	0	0
		*TM_SCALEAXISANG 0	0	0
	}
}
*HELPEROBJECT {
	*NODE_NAME "Bip01 R Finger0"
	*NODE_PARENT "Bip01 R Hand"
	*NODE_TM {
		*NODE_NAME "Bip01 R Finger0"
		*TM_ROW0 -0.0455056	-0.291877	-0.955373
		*TM_ROW1 0.876914	0.446413	-0.178152
		*TM_ROW2 0.478489	-0.845886	0.235636
		*TM_ROW3 -29.1499	-13.0909	79.0956
		*TM_POS -29.1499	-13.0909	79.0956
		*TM_ROTAXIS -0.33952	-0.729071	0.594291
		*TM_ROTANGLE 1.75354
		*TM_SCALE 1	1	1
		*TM_SCALEAXIS 0	0	0
		*TM_SCALEAXISANG 0	0	0
	}
}
*HELPEROBJECT {
	*NODE_NAME "ZS_RIGHTHAND"
	*NODE_PARENT "Bip01 R Hand"
	*NODE_TM {
		*NODE_NAME "ZS_RIGHTHAND"
		*TM_ROW0 -0.464344	0.856417	-0.225687
		*TM_ROW1 0.177861	0.339806	0.923525
		*TM_ROW2 0.867612	0.388692	-0.31011
		*TM_ROW3 -20.9389	-19.9852	85.8932
		*TM_POS -20.9389	-19.9852	85.8932
		*TM_ROTAXIS 0.383811	0.784581	0.486951
		*TM_ROTANGLE 3.91244
		*TM_SCALE 1	1	1
		*TM_SCALEAXIS 0	0	0
		*TM_SCALEAXISANG 0	0	0
	}
}
*HELPEROBJECT {
	*NODE_NAME "ZS_CROSSBOW"
	*NODE_PARENT "Bip01 Spine2"
	*NODE_TM {
		*NODE_NAME "ZS_CROSSBOW"
		*TM_ROW0 -0.382687	-0.111464	0.91713
		*TM_ROW1 -0.923878	0.0461715	-0.379891
		*TM_ROW2 -1.2517e-006	-0.992695	-0.120648
		*TM_ROW3 -14.434	10.5915	165.98
		*TM_POS -14.434	10.5915	165.98
		*TM_ROTAXIS -0.447329	0.669479	-0.593039
		*TM_ROTANGLE 2.38705
		*TM_SCALE 1	1	1
		*TM_SCALEAXIS 0	0	0
		*TM_SCALEAXISANG 0	0	0
	}
}
*HELPEROBJECT {
	*NODE_NAME "ZS_LONGSWORD"
	*NODE_PARENT "Bip01 Spine2"
	*NODE_TM {
		*NODE_NAME "ZS_LONGSWORD"
		*TM_ROW0 -0.499829	-0.0915011	0.861277
		*TM_ROW1 -0.865729	0.0828188	-0.493614
		*TM_ROW2 -0.0261636	-0.992355	-0.12061
		*TM_ROW3 -18.1593	6.92629	157.64
		*TM_POS -18.1593	6.92629	157.64
		*TM_ROTAXIS -0.38996	0.69388	-0.60536
		*TM_ROTANGLE 2.44778
		*TM_SCALE 1	1	1
		*TM_SCALEAXIS 0	0	0
		*TM_SCALEAXISANG 0	0	0
	}
}
*HELPEROBJECT {
	*NODE_NAME "ZS_SHIELD"
	*NODE_PARENT "Bip01 Spine2"
	*NODE_TM {
		*NODE_NAME "ZS_SHIELD"
		*TM_ROW0 -0.0138681	0.114196	-0.993362
		*TM_ROW1 -0.908393	0.413755	0.0602465
		*TM_ROW2 0.417888	0.903198	0.0979964
		*TM_ROW3 8.76511	9.5282	131.875
		*TM_POS 8.76511	9.5282	131.875
		*TM_ROTAXIS 0.435421	-0.728972	-0.528212
		*TM_ROTANGLE 1.82457
		*TM_SCALE 1	1	1
		*TM_SCALEAXIS 0	0	0
		*TM_SCALEAXISANG 0	0	0
	}
}
*HELPEROBJECT {
	*NODE_NAME "ZS_BOW"
	*NODE_PARENT "Bip01 Spine2"
	*NODE_TM {
		*NODE_NAME "ZS_BOW"
		*TM_ROW0 -0.341816	-0.0868229	0.935748
		*TM_ROW1 0.0119438	0.995242	0.0967059
		*TM_ROW2 -0.939691	0.044232	-0.339153
		*TM_ROW3 0.5012	12.4143	124.55
		*TM_POS 0.5012	12.4143	124.55
		*TM_ROTAXIS -0.0279299	0.998227	0.0525698
		*TM_ROTANGLE 1.92076
		*TM_SCALE 1	1	1
		*TM_SCALEAXIS 0	0	0
		*TM_SCALEAXISANG 0	0	0
	}
}
*HELPEROBJECT {
	*NODE_NAME "ZS_SWORD"
	*NODE_PARENT "Bip01 Spine"
	*NODE_TM {
		*NODE_NAME "ZS_SWORD"
		*TM_ROW0 5.79068e-007	-0.347172	0.937802
		*TM_ROW1 1.04308e-007	0.937802	0.347172
		*TM_ROW2 -1	-1.04308e-007	5.79068e-007
		*TM_ROW3 17.5015	-4.36211	106.367
		*TM_POS 17.5015	-4.36211	106.367
		*TM_ROTAXIS -0.17367	0.96937	0.17367
		*TM_ROTANGLE 1.6019
		*TM_SCALE 1	1	1
		*TM_SCALEAXIS 0	0	0
		*TM_SCALEAXISANG 0	0	0
	}
}
*HELPEROBJECT {
	*NODE_NAME "Bip01 L Thigh"
	*NODE_PARENT "Bip01 Pelvis"
	*NODE_TM {
		*NODE_NAME "Bip01 L Thigh"
		*TM_ROW0 0.0534879	-0.0367886	-0.997891
		*TM_ROW1 -0.00216181	-0.999323	0.0367256
		*TM_ROW2 -0.998566	0.000192882	-0.0535313
		*TM_ROW3 9.01023	-8.01129	99.9496
		*TM_POS 9.01023	-8.01129	99.9496
		*TM_ROTAXIS 0.72572	-0.01342	-0.68786
		*TM_ROTANGLE 3.16677
		*TM_SCALE 1	1	1
		*TM_SCALEAXIS 0	0	0
		*TM_SCALEAXISANG 0	0	0
	}
}
*HELPEROBJECT {
	*NODE_NAME "Bip01 L Calf"
	*NODE_PARENT "Bip01 L Thigh"
	*NODE_TM {
		*NODE_NAME "Bip01 L Calf"
		*TM_ROW0 0.0525131	0.197552	-0.978885
		*TM_ROW1 0.0103904	-0.980292	-0.197278
		*TM_ROW2 -0.998566	0.000188708	-0.0535307
		*TM_ROW3 11.1149	-9.45845	60.6877
		*TM_POS 11.1149	-9.45845	60.6877
		*TM_ROTAXIS 0.723901	0.0721501	-0.686121
		*TM_ROTANGLE 3.00478
		*TM_SCALE 1	1	1
		*TM_SCALEAXIS 0	0	0
		*TM_SCALEAXISANG 0	0	0
	}
}
*HELPEROBJECT {
	*NODE_NAME "Bip01 L Foot"
	*NODE_PARENT "Bip01 L Calf"
	*NODE_TM {
		*NODE_NAME "Bip01 L Foot"
		*TM_ROW0 -6.00563e-007	7.23674e-006	-1
		*TM_ROW1 0.173652	-0.984807	-7.2672e-006
		*TM_ROW2 -0.984807	-0.173652	-5.93313e-007
		*TM_ROW3 13.6935	0.240668	12.6267
		*TM_POS 13.6935	0.240668	12.6267
		*TM_ROTAXIS 0.705757	0.0617498	-0.705757
		*TM_ROTANGLE 3.26493
		*TM_SCALE 1	1	1
		*TM_SCALEAXIS 0	0	0
		*TM_SCALEAXISANG 0	0	0
	}
}
*HELPEROBJECT {
	*NODE_NAME "Bip01 L Toe0"
	*NODE_PARENT "Bip01 L Foot"
	*NODE_TM {
		*NODE_NAME "Bip01 L Toe0"
		*TM_ROW0 0.173646	-0.984808	5.05606e-006
		*TM_ROW1 5.06961e-006	5.93591e-006	1
		*TM_ROW2 -0.984808	-0.173646	5.91983e-006
		*TM_ROW3 17.6256	-22.0591	-2.43328e-006
		*TM_POS 17.6256	-22.0591	-2.43328e-006
		*TM_ROTAXIS -0.644398	0.540718	0.540718
		*TM_ROTANGLE 1.99673
		*TM_SCALE 1	1	1
		*TM_SCALEAXIS 0	0	0
		*TM_SCALEAXISANG 0	0	0
	}
}
*HELPEROBJECT {
	*NODE_NAME "Bip01 R Thigh"
	*NODE_PARENT "Bip01 Pelvis"
	*NODE_TM {
		*NODE_NAME "Bip01 R Thigh"
		*TM_ROW0 -0.0535034	-0.0367749	-0.99789
		*TM_ROW1 0.00205776	-0.999324	0.0367174
		*TM_ROW2 -0.998566	-8.89041e-005	0.0535432
		*TM_ROW3 -9.01021	-8.01132	99.9496
		*TM_POS -9.01021	-8.01132	99.9496
		*TM_ROTAXIS 0.687862	-0.01262	-0.725732
		*TM_ROTANGLE 3.16835
		*TM_SCALE 1	1	1
		*TM_SCALEAXIS 0	0	0
		*TM_SCALEAXISANG 0	0	0
	}
}
*HELPEROBJECT {
	*NODE_NAME "Bip01 R Calf"
	*NODE_PARENT "Bip01 R Thigh"
	*NODE_TM {
		*NODE_NAME "Bip01 R Calf"
		*TM_ROW0 -0.0525024	0.197539	-0.978888
		*TM_ROW1 -0.0104967	-0.980295	-0.19726
		*TM_ROW2 -0.998566	-8.16062e-005	0.0535415
		*TM_ROW3 -11.1154	-9.45856	60.6878
		*TM_POS -11.1154	-9.45856	60.6878
		*TM_ROTAXIS 0.686298	0.0684898	-0.724088
		*TM_ROTANGLE 2.99744
		*TM_SCALE 1	1	1
		*TM_SCALEAXIS 0	0	0
		*TM_SCALEAXISANG 0	0	0
	}
}
*HELPEROBJECT {
	*NODE_NAME "Bip01 R Foot"
	*NODE_PARENT "Bip01 R Calf"
	*NODE_TM {
		*NODE_NAME "Bip01 R Foot"
		*TM_ROW0 -5.86066e-007	-7.25461e-006	-1
		*TM_ROW1 -0.173652	-0.984807	7.24331e-006
		*TM_ROW2 -0.984807	0.173652	-5.91966e-007
		*TM_ROW3 -13.6935	0.24065	12.6267
		*TM_POS -13.6935	0.24065	12.6267
		*TM_ROTAXIS 0.705757	-0.0617498	-0.705757
		*TM_ROTANGLE 3.01826
		*TM_SCALE 1	1	1
		*TM_SCALEAXIS 0	0	0
		*TM_SCALEAXISANG 0	0	0
	}
}
*HELPEROBJECT {
	*NODE_NAME "Bip01 R Toe0"
	*NODE_PARENT "Bip01 R Foot"
	*NODE_TM {
		*NODE_NAME "Bip01 R Toe0"
		*TM_ROW0 -0.173651	-0.984807	3.50312e-006
		*TM_ROW1 3.50539e-006	3.00781e-006	1
		*TM_ROW2 -0.984808	0.173651	3.01546e-006
		*TM_ROW3 -17.6255	-22.0592	3.52698e-005
		*TM_POS -17.6255	-22.0592	3.52698e-005
		*TM_ROTAXIS 0.510271	-0.608121	-0.608121
		*TM_ROTANGLE 4.08526
		*TM_SCALE 1	1	1
		*TM_SCALEAXIS 0	0	0
		*TM_SCALEAXISANG 0	0	0
	}
}
*HELPEROBJECT {
	*NODE_NAME "Dummy"
	*NODE_PARENT "Bip01 L Finger0"
	*NODE_TM {
		*NODE_NAME "Dummy"
		*TM_ROW0 -1	-0	0
		*TM_ROW1 -0	-1	0
		*TM_ROW2 -0	-0	1
		*TM_ROW3 29.4428	-14.9691	72.9478
		*TM_POS 29.4428	-14.9691	72.9478
		*TM_ROTAXIS 0	0	-1
		*TM_ROTANGLE 3.14159
		*TM_SCALE 1	1	1
		*TM_SCALEAXIS 0	0	0
		*TM_SCALEAXISANG 0	0	0
	}
}
*HELPEROBJECT {
	*NODE_NAME "Dummy1"
	*NODE_PARENT "Bip01 R Finger0"
	*NODE_TM {
		*NODE_NAME "Dummy1"
		*TM_ROW0 -1	-0	0
		*TM_ROW1 -0	-1	0
		*TM_ROW2 -0	-0	1
		*TM_ROW3 -29.4428	-14.9692	72.9479
		*TM_POS -29.4428	-14.9692	72.9479
		*TM_ROTAXIS 0	0	-1
		*TM_ROTANGLE 3.14159
		*TM_SCALE 1	1	1
		*TM_SCALEAXIS 0	0	0
		*TM_SCALEAXISANG 0	0	0
	}
}
*HELPEROBJECT {
	*NODE_NAME "Dummy2"
	*NODE_PARENT "Bip01 L Toe0"
	*NODE_TM {
		*NODE_NAME "Dummy2"
		*TM_ROW0 -1	-0	0
		*TM_ROW1 -0	-1	0
		*TM_ROW2 -0	-0	1
		*TM_ROW3 19.5916	-33.209	-6.31336
		*TM_POS 19.5916	-33.209	-6.31336
		*TM_ROTAXIS 0	0	-1
		*TM_ROTANGLE 3.14159
		*TM_SCALE 1	1	1
		*TM_SCALEAXIS 0	0	0
		*TM_SCALEAXISANG 0	0	0
	}
}
*HELPEROBJECT {
	*NODE_NAME "Dummy3"
	*NODE_PARENT "Bip01 R Toe0"
	*NODE_TM {
		*NODE_NAME "Dummy3"
		*TM_ROW0 -1	-0	0
		*TM_ROW1 -0	-1	0
		*TM_ROW2 -0	-0	1
		*TM_ROW3 -19.5915	-33.2091	-6.31332
		*TM_POS -19.5915	-33.2091	-6.31332
		*TM_ROTAXIS 0	0	-1
		*TM_ROTANGLE 3.14159
		*TM_SCALE 1	1	1
		*TM_SCALEAXIS 0	0	0
		*TM_SCALEAXISANG 0	0	0
	}
}
*GEOMOBJECT {
	*NODE_NAME "zm_Skin"
	*NODE_PARENT "Bip01"
	*NODE_TM {
		*NODE_NAME "zm_Skin"
		*TM_ROW0 -1	-0	0
		*TM_ROW1 -0	-1	0
		*TM_ROW2 -0	-0	1
		*TM_ROW3 -0	-0	0
		*TM_POS -0	-0	0
		*TM_ROTAXIS 0	0	-1
		*TM_ROTANGLE 3.14159
		*TM_SCALE 1	1	1
		*TM_SCALEAXIS 0	0	0
		*TM_SCALEAXISANG 0	0	0
	}
	*MATERIAL_REF 0
	*MESH_SOFTSKIN {
		*TIMEVALUE 0
		*MESH_NUMVERTEX 419
		*MESH_NUMFACES 808
		*MESH_VERTEX_LIST {
			*MESH_VERTEX 0	-18.3431	8.07316	129.197
			*MESH_VERTEX 1	-16.818	10.4365	11.6107
			*MESH_VERTEX 2	3.80244	8.21765	94.252
			*MESH_VERTEX 3	16.831	11.6374	11.4152
			*MESH_VERTEX 4	-2.1993	-25.9504	97.555
			*MESH_VERTEX 5	-30.1362	-3.49614	88.9568
			*MESH_VERTEX 6	-12.8566	-17.5226	143.368
			*MESH_VERTEX 7	-20.4008	-6.11014	104.477
			*MESH_VERTEX 8	20.0029	-5.90783	105.386
			*MESH_VERTEX 9	18.6667	-25.7067	0.971432
			*MESH_VERTEX 10	9.16932	6.4496	1.20103
			*MESH_VERTEX 11	13.0998	-8.34681	18.3962
			*MESH_VERTEX 12	-17.8478	-26.6391	0.65884
			*MESH_VERTEX 13	-9.23638	5.71071	1.38337
			*MESH_VERTEX 14	-12.6164	-9.36872	18.157
			*MESH_VERTEX 15	18.0029	-25.2489	85.1435
			*MESH_VERTEX 16	18.0029	-25.2489	85.1435
			*MESH_VERTEX 17	-19.4309	4.8236	78.6954
			*MESH_VERTEX 18	-19.4309	4.8236	78.6954
			*MESH_VERTEX 19	-5.72633	3.14212	165.868
			*MESH_VERTEX 20	-11.9562	-18.9703	109.21
			*MESH_VERTEX 21	12.3601	-18.3975	109.532
			*MESH_VERTEX 22	-17.2186	-22.7787	95.9521
			*MESH_VERTEX 23	-2.84588	8.23199	94.6786
			*MESH_VERTEX 24	-17.0601	4.31986	95.2293
			*MESH_VERTEX 25	0.130061	6.08922	105.939
			*MESH_VERTEX 26	-11.1631	0.697501	109.468
			*MESH_VERTEX 27	10.6808	1.06627	109.818
			*MESH_VERTEX 28	-3.06923	1.47518	42.5614
			*MESH_VERTEX 29	-9.47445	4.5375	33.586
			*MESH_VERTEX 30	14.3358	-14.4797	138.684
			*MESH_VERTEX 31	30.1407	-3.44595	89.0904
			*MESH_VERTEX 32	21.5836	-7.02085	130.203
			*MESH_VERTEX 33	0.151301	-6.64445	81.8579
			*MESH_VERTEX 34	18.3666	1.09517	19.5785
			*MESH_VERTEX 35	-18.4624	-0.291729	19.4654
			*MESH_VERTEX 36	-23.3866	-5.70091	109.711
			*MESH_VERTEX 37	-26.2354	-15.7875	85.1535
			*MESH_VERTEX 38	-32.6993	-0.258668	108.562
			*MESH_VERTEX 39	29.04	-6.54319	78.2448
			*MESH_VERTEX 40	23.6184	-5.85993	108.906
			*MESH_VERTEX 41	32.8943	-0.413906	107.559
			*MESH_VERTEX 42	19.2086	-13.3709	12.9025
			*MESH_VERTEX 43	23.6194	-13.999	78.1544
			*MESH_VERTEX 44	-21.5762	-2.23696	11.0136
			*MESH_VERTEX 45	-28.5444	-6.48067	100.599
			*MESH_VERTEX 46	-34.0469	-11.1238	91.9931
			*MESH_VERTEX 47	25.9826	-16.507	146.889
			*MESH_VERTEX 48	28.5732	-6.42492	100.606
			*MESH_VERTEX 49	34.0445	-11.1189	92.0095
			*MESH_VERTEX 50	-19.7634	7.73274	146.549
			*MESH_VERTEX 51	-20.9241	3.22906	136.233
			*MESH_VERTEX 52	-8.66228	-14.7739	12.901
			*MESH_VERTEX 53	22.6304	7.35916	139.484
			*MESH_VERTEX 54	2.13069	-25.9173	96.481
			*MESH_VERTEX 55	0.351998	-24.7737	105.273
			*MESH_VERTEX 56	-18.1357	-24.7969	83.7486
			*MESH_VERTEX 57	-18.1357	-24.7969	83.7486
			*MESH_VERTEX 58	-16.4326	-9.02079	109.337
			*MESH_VERTEX 59	-22.6312	-11.447	87.9365
			*MESH_VERTEX 60	19.7114	4.44104	81.2869
			*MESH_VERTEX 61	19.7114	4.44104	81.2869
			*MESH_VERTEX 62	32.2396	0.335414	148.731
			*MESH_VERTEX 63	0.00283723	-23.2201	109.093
			*MESH_VERTEX 64	16.2901	-7.84124	109.795
			*MESH_VERTEX 65	-9.30042	-13.4396	158.51
			*MESH_VERTEX 66	11.2332	2.46325	126.695
			*MESH_VERTEX 67	-24.9158	-16.9859	146.897
			*MESH_VERTEX 68	-32.4225	-0.651242	149.249
			*MESH_VERTEX 69	9.30046	-13.4396	158.51
			*MESH_VERTEX 70	6.94237	1.23405	156.323
			*MESH_VERTEX 71	-6.72932	0.984465	156.246
			*MESH_VERTEX 72	3.56762	0.203839	166.995
			*MESH_VERTEX 73	-0.0465772	-10.6789	162.571
			*MESH_VERTEX 74	-6.17312	-5.43829	164.812
			*MESH_VERTEX 75	0.00102237	-24.9098	126.749
			*MESH_VERTEX 76	0.0072137	3.29008	109.926
			*MESH_VERTEX 77	5.7263	3.14215	165.868
			*MESH_VERTEX 78	32.5373	-3.50061	121.464
			*MESH_VERTEX 79	2.67674	8.7138	10.9026
			*MESH_VERTEX 80	8.54672	-21.9926	60.7621
			*MESH_VERTEX 81	8.62194	-14.1989	13.1738
			*MESH_VERTEX 82	-6.88371	-24.7294	61.6406
			*MESH_VERTEX 83	2.13469	-20.6003	92.4017
			*MESH_VERTEX 84	-11.1028	2.35578	126.558
			*MESH_VERTEX 85	-23.6852	-13.9902	79.009
			*MESH_VERTEX 86	-22.2837	-7.35297	128.151
			*MESH_VERTEX 87	24.6315	-14.2516	91.8389
			*MESH_VERTEX 88	29.0466	6.81907	108.16
			*MESH_VERTEX 89	-7.71478	10.9038	11.8864
			*MESH_VERTEX 90	-25.5267	1.2814	107.781
			*MESH_VERTEX 91	25.7304	1.15898	106.991
			*MESH_VERTEX 92	2.49699	-10.8783	40.5773
			*MESH_VERTEX 93	-23.9185	-21.8475	-0.492336
			*MESH_VERTEX 94	26.1806	-8.05105	120.943
			*MESH_VERTEX 95	17.6854	3.89051	-0.778079
			*MESH_VERTEX 96	22.6041	-7.6987	89.4617
			*MESH_VERTEX 97	-30.8681	-6.36968	110.209
			*MESH_VERTEX 98	-24.6203	-14.2311	91.9758
			*MESH_VERTEX 99	-22.5884	-7.71856	89.4861
			*MESH_VERTEX 100	-19.4688	-11.0928	135.551
			*MESH_VERTEX 101	-12.0046	-5.28356	125.404
			*MESH_VERTEX 102	-17.6618	-10.3703	125.653
			*MESH_VERTEX 103	-29.094	-6.52724	79.1069
			*MESH_VERTEX 104	30.9964	-6.5248	109.304
			*MESH_VERTEX 105	-12.6741	6.65798	20.1354
			*MESH_VERTEX 106	-7.43629	0.727597	19.6378
			*MESH_VERTEX 107	-2.14382	-2.52687	11.2108
			*MESH_VERTEX 108	28.5309	-17.4065	80.0391
			*MESH_VERTEX 109	34.4042	-9.43226	80.9967
			*MESH_VERTEX 110	-21.9187	-10.381	40.2762
			*MESH_VERTEX 111	-16.9842	-14.382	12.6183
			*MESH_VERTEX 112	12.1618	7.69775	19.9657
			*MESH_VERTEX 113	7.29795	1.45356	19.5254
			*MESH_VERTEX 114	-28.5636	-17.3701	81.0225
			*MESH_VERTEX 115	-34.4158	-9.38778	81.9714
			*MESH_VERTEX 116	22.7041	-11.5552	87.0918
			*MESH_VERTEX 117	26.4211	-13.0743	91.9976
			*MESH_VERTEX 118	23.8834	-16.0452	83.5949
			*MESH_VERTEX 119	26.1968	-14.8649	79.1448
			*MESH_VERTEX 120	26.2497	-15.8528	84.2291
			*MESH_VERTEX 121	-3.34	0.433448	166.986
			*MESH_VERTEX 122	4.85237	1.78618	85.3759
			*MESH_VERTEX 123	17.7348	-10.2846	125.531
			*MESH_VERTEX 124	19.57	-11.2126	135.594
			*MESH_VERTEX 125	23.9846	-0.682347	10.9975
			*MESH_VERTEX 126	-4.74213	1.87394	85.2839
			*MESH_VERTEX 127	11.3249	-2.93174	160.501
			*MESH_VERTEX 128	-0.000172682	9.09308	152.538
			*MESH_VERTEX 129	-11.3249	-2.9318	160.501
			*MESH_VERTEX 130	-17.4556	3.10135	-0.768924
			*MESH_VERTEX 131	12.9152	-17.5898	143.791
			*MESH_VERTEX 132	24.0727	-21.0442	-0.154994
			*MESH_VERTEX 133	6.0552	-4.77105	164.841
			*MESH_VERTEX 134	-28.6955	-8.54967	144.745
			*MESH_VERTEX 135	21.5669	-11.0274	41.2256
			*MESH_VERTEX 136	2.01741	-2.311	11.0906
			*MESH_VERTEX 137	-26.203	-7.78767	121.499
			*MESH_VERTEX 138	19.5668	-4.74394	32.9067
			*MESH_VERTEX 139	16.4153	-12.6839	31.9476
			*MESH_VERTEX 140	6.77225	-8.1757	154.591
			*MESH_VERTEX 141	-24.135	-8.38872	79.8214
			*MESH_VERTEX 142	-24.135	-8.38872	79.8214
			*MESH_VERTEX 143	18.717	-22.7749	8.59861
			*MESH_VERTEX 144	13.0088	-7.53826	14.3905
			*MESH_VERTEX 145	-23.7054	7.26067	139.747
			*MESH_VERTEX 146	-28.9723	6.68449	108.174
			*MESH_VERTEX 147	-5.60257	-0.0557541	-0.47783
			*MESH_VERTEX 148	-19.6086	-5.063	32.7484
			*MESH_VERTEX 149	-15.2885	-13.8635	31.1324
			*MESH_VERTEX 150	-13.1855	-26.0347	61.6414
			*MESH_VERTEX 151	-17.1675	1.57953	108.88
			*MESH_VERTEX 152	5.77083	0.742312	-0.681378
			*MESH_VERTEX 153	17.7517	-3.09593	119.309
			*MESH_VERTEX 154	18.516	8.09701	129.436
			*MESH_VERTEX 155	20.7371	3.15414	136.192
			*MESH_VERTEX 156	19.7175	7.67138	146.246
			*MESH_VERTEX 157	-6.36631	-7.7725	154.497
			*MESH_VERTEX 158	13.2445	3.22963	117.389
			*MESH_VERTEX 159	-31.1051	5.00735	131.408
			*MESH_VERTEX 160	31.3122	-9.0263	149.214
			*MESH_VERTEX 161	27.0042	0.790699	144.352
			*MESH_VERTEX 162	31.2632	4.91123	131.561
			*MESH_VERTEX 163	23.5066	-7.55514	82.4836
			*MESH_VERTEX 164	23.5066	-7.55514	82.4836
			*MESH_VERTEX 165	17.6724	2.8882	118.952
			*MESH_VERTEX 166	15.1088	-18.887	53.5882
			*MESH_VERTEX 167	18.6386	2.31566	12.3352
			*MESH_VERTEX 168	17.2453	1.71858	108.874
			*MESH_VERTEX 169	5.04526	-4.11863	32.7748
			*MESH_VERTEX 170	12.0961	-5.16707	125.391
			*MESH_VERTEX 171	-19.2063	-23.569	8.30451
			*MESH_VERTEX 172	-18.5988	1.54849	12.243
			*MESH_VERTEX 173	-10.605	-13.7133	10.9762
			*MESH_VERTEX 174	-6.05821	-0.0543661	11.612
			*MESH_VERTEX 175	-13.6467	-8.36777	14.9531
			*MESH_VERTEX 176	-1.67389	-20.6381	92.2381
			*MESH_VERTEX 177	9.21864	-12.4035	31.9423
			*MESH_VERTEX 178	-26.2449	-14.847	80.0396
			*MESH_VERTEX 179	-23.8552	-15.9703	84.483
			*MESH_VERTEX 180	-26.3659	-12.9811	92.8691
			*MESH_VERTEX 181	-25.8725	-8.03462	91.8298
			*MESH_VERTEX 182	25.8946	-8.12618	90.901
			*MESH_VERTEX 183	27.7347	-4.69624	83.7059
			*MESH_VERTEX 184	29.051	-5.94951	86.6966
			*MESH_VERTEX 185	-7.22036	-12.7686	31.6378
			*MESH_VERTEX 186	-4.32049	-4.72872	33.2097
			*MESH_VERTEX 187	23.2373	-14.2748	77.7365
			*MESH_VERTEX 188	-23.3099	-14.2692	78.5871
			*MESH_VERTEX 189	15.7357	8.19496	136.176
			*MESH_VERTEX 190	-2.08233e-005	5.74326	165.903
			*MESH_VERTEX 191	-13.0287	1.87801	100.555
			*MESH_VERTEX 192	-27.7149	-4.62096	84.5594
			*MESH_VERTEX 193	-28.9928	-5.85295	87.6009
			*MESH_VERTEX 194	13.9223	-21.8943	118.311
			*MESH_VERTEX 195	30.0329	-14.8015	92.6458
			*MESH_VERTEX 196	-30.0296	-14.7818	92.7419
			*MESH_VERTEX 197	13.7385	-24.0219	0.13032
			*MESH_VERTEX 198	-17.7739	3.11538	119.001
			*MESH_VERTEX 199	-17.7834	-2.82693	119.813
			*MESH_VERTEX 200	-27.3849	0.276817	144.677
			*MESH_VERTEX 201	-0.499845	-10.7749	41.3127
			*MESH_VERTEX 202	-13.232	3.24766	117.386
			*MESH_VERTEX 203	0.00889916	6.8295	117.476
			*MESH_VERTEX 204	0.0493489	-12.5106	148.772
			*MESH_VERTEX 205	-32.81	-5.3631	129.789
			*MESH_VERTEX 206	5.97841	0.739714	11.4598
			*MESH_VERTEX 207	10.5599	-12.7988	10.9925
			*MESH_VERTEX 208	-0.360306	-8.91483	58.9837
			*MESH_VERTEX 209	-13.5934	-24.8362	-0.0500057
			*MESH_VERTEX 210	-13.959	-21.8658	118.309
			*MESH_VERTEX 211	15.4545	5.70583	33.188
			*MESH_VERTEX 212	16.6089	0.742865	56.6765
			*MESH_VERTEX 213	20.4694	-10.9214	10.7591
			*MESH_VERTEX 214	-20.5102	-11.8245	10.5777
			*MESH_VERTEX 215	-12.2382	-12.5269	153.023
			*MESH_VERTEX 216	18.3864	3.93019	95.4692
			*MESH_VERTEX 217	18.3864	3.93019	95.4692
			*MESH_VERTEX 218	-20.7749	-8.69337	117.193
			*MESH_VERTEX 219	-17.4651	-7.74027	114.968
			*MESH_VERTEX 220	33.6927	-5.93987	90.308
			*MESH_VERTEX 221	-33.6938	-5.9745	90.1978
			*MESH_VERTEX 222	-13.7355	-13.9253	138.279
			*MESH_VERTEX 223	-15.9569	-16.7691	149.638
			*MESH_VERTEX 224	-20.3111	-14.8975	143.002
			*MESH_VERTEX 225	12.2394	-12.5253	153.021
			*MESH_VERTEX 226	-24.5655	-12.9249	79.0973
			*MESH_VERTEX 227	24.5018	-12.9299	78.2554
			*MESH_VERTEX 228	-13.6807	7.43564	135.636
			*MESH_VERTEX 229	24.9324	-16.2098	78.6259
			*MESH_VERTEX 230	-24.9915	-16.1966	79.5171
			*MESH_VERTEX 231	-6.50723	-19.8633	146.563
			*MESH_VERTEX 232	-30.7434	-9.953	149.546
			*MESH_VERTEX 233	-20.5895	2.88949	151.723
			*MESH_VERTEX 234	6.5275	-19.8545	146.56
			*MESH_VERTEX 235	16.1063	-16.6517	150.067
			*MESH_VERTEX 236	20.9966	-15.1388	143.12
			*MESH_VERTEX 237	34.2555	2.92427	109.374
			*MESH_VERTEX 238	19.5607	-9.89693	57.079
			*MESH_VERTEX 239	21.9335	-3.53109	40.4865
			*MESH_VERTEX 240	14.707	-1.94794	89.0918
			*MESH_VERTEX 241	6.59642	1.18788	56.7982
			*MESH_VERTEX 242	8.72052	4.85376	33.2285
			*MESH_VERTEX 243	-4.25536	-22.4552	87.0698
			*MESH_VERTEX 244	3.25207	-9.2446	77.1707
			*MESH_VERTEX 245	22.8945	6.37032	107.993
			*MESH_VERTEX 246	7.81188	7.228	13.3377
			*MESH_VERTEX 247	-17.043	3.47122	33.1274
			*MESH_VERTEX 248	-9.16283	-4.01564	164.498
			*MESH_VERTEX 249	9.16284	-4.0156	164.498
			*MESH_VERTEX 250	5.78982	-22.393	86.9274
			*MESH_VERTEX 251	-22.8182	6.23445	108.004
			*MESH_VERTEX 252	20.5797	3.00802	151.519
			*MESH_VERTEX 253	-8.11	-0.42342	56.9355
			*MESH_VERTEX 254	-17.3766	-2.03868	56.545
			*MESH_VERTEX 255	-21.1751	-3.75906	41.0518
			*MESH_VERTEX 256	-13.3919	4.56279	41.7348
			*MESH_VERTEX 257	22.5398	-6.7656	95.4274
			*MESH_VERTEX 258	-27.207	-7.40983	110.326
			*MESH_VERTEX 259	14.7418	-22.3084	60.9355
			*MESH_VERTEX 260	0.0444297	3.04127	156.166
			*MESH_VERTEX 261	-0.0229215	-25.2679	118.479
			*MESH_VERTEX 262	12.7752	-19.2447	115.432
			*MESH_VERTEX 263	27.3329	-7.5344	109.45
			*MESH_VERTEX 264	0.00637311	3.56693	115.295
			*MESH_VERTEX 265	-8.38622	6.49762	13.5734
			*MESH_VERTEX 266	-12.7685	-19.2089	115.184
			*MESH_VERTEX 267	8.31077	-18.6043	53.2771
			*MESH_VERTEX 268	1.82383	-8.92362	58.8489
			*MESH_VERTEX 269	4.26053	0.905209	41.4079
			*MESH_VERTEX 270	29.0045	-7.86732	144.485
			*MESH_VERTEX 271	-19.3115	-12.4893	56.6374
			*MESH_VERTEX 272	-14.9189	-2.39133	82.1871
			*MESH_VERTEX 273	-15.2159	-3.03914	87.8156
			*MESH_VERTEX 274	-17.3304	-4.88446	110.567
			*MESH_VERTEX 275	-2.55335	-7.78127	76.9616
			*MESH_VERTEX 276	-6.7656	-21.3781	53.7095
			*MESH_VERTEX 277	-32.1489	-6.54988	87.1358
			*MESH_VERTEX 278	-32.1692	-9.97404	92.8147
			*MESH_VERTEX 279	0.0513667	1.54244	167.437
			*MESH_VERTEX 280	-25.0299	-12.3336	126.839
			*MESH_VERTEX 281	32.2029	-6.63648	86.2013
			*MESH_VERTEX 282	32.1919	-10.0375	91.9036
			*MESH_VERTEX 283	25.098	-12.2978	126.658
			*MESH_VERTEX 284	-26.4551	-3.98056	88.6805
			*MESH_VERTEX 285	14.3315	-22.4634	127.515
			*MESH_VERTEX 286	26.4653	-3.93531	88.769
			*MESH_VERTEX 287	-20.9403	-6.24908	120.648
			*MESH_VERTEX 288	-23.2886	-14.3229	96.8827
			*MESH_VERTEX 289	8.669	2.78253	95.4871
			*MESH_VERTEX 290	-23.5168	-1.42734	108.474
			*MESH_VERTEX 291	20.9308	-6.52622	120.005
			*MESH_VERTEX 292	14.2057	-21.3569	104.974
			*MESH_VERTEX 293	14.2057	-21.3569	104.974
			*MESH_VERTEX 294	23.7538	-1.54032	107.698
			*MESH_VERTEX 295	-26.9743	7.2827	122.018
			*MESH_VERTEX 296	-24.9783	9.25963	130.882
			*MESH_VERTEX 297	7.30168	3.29928	158.549
			*MESH_VERTEX 298	-7.30171	3.29924	158.549
			*MESH_VERTEX 299	20.2938	-7.57121	118.704
			*MESH_VERTEX 300	11.6532	1.40745	115.118
			*MESH_VERTEX 301	-21.9208	-13.8234	82.9145
			*MESH_VERTEX 302	21.9255	-13.8834	82.0756
			*MESH_VERTEX 303	-8.54865	3.50352	95.0841
			*MESH_VERTEX 304	0.0195994	9.04298	126.299
			*MESH_VERTEX 305	13.8072	5.8786	41.164
			*MESH_VERTEX 306	23.2848	-14.3019	96.9492
			*MESH_VERTEX 307	-23.1624	-12.0129	-1.21091
			*MESH_VERTEX 308	-21.8699	6.62827	120.92
			*MESH_VERTEX 309	23.3386	-11.2193	-0.978251
			*MESH_VERTEX 310	17.4071	-4.74035	110.57
			*MESH_VERTEX 311	17.3309	-7.44635	115.313
			*MESH_VERTEX 312	-34.1833	2.78957	109.39
			*MESH_VERTEX 313	8.84307	-14.8378	-0.379849
			*MESH_VERTEX 314	-13.2928	-19.3382	98.3054
			*MESH_VERTEX 315	-12.3693	-23.4504	88.182
			*MESH_VERTEX 316	-8.68216	-15.6497	-0.380267
			*MESH_VERTEX 317	13.7544	-22.1251	87.2609
			*MESH_VERTEX 318	24.7927	9.40506	131.104
			*MESH_VERTEX 319	24.6106	-14.5849	88.5846
			*MESH_VERTEX 320	-11.9098	1.31369	114.89
			*MESH_VERTEX 321	-32.4666	-3.5837	121.523
			*MESH_VERTEX 322	32.908	-5.42376	129.722
			*MESH_VERTEX 323	-24.5133	-14.4734	89.4629
			*MESH_VERTEX 324	-0.293256	4.50229	96.5241
			*MESH_VERTEX 325	12.1605	1.10174	100.847
			*MESH_VERTEX 326	18.8503	-12.8022	84.624
			*MESH_VERTEX 327	30.0637	-12.8718	92.5879
			*MESH_VERTEX 328	29.425	-17.7521	81.6603
			*MESH_VERTEX 329	-30.0352	-12.8123	93.4625
			*MESH_VERTEX 330	-29.4252	-17.697	82.6527
			*MESH_VERTEX 331	21.9432	6.71896	120.97
			*MESH_VERTEX 332	4.52595	-7.87593	163.297
			*MESH_VERTEX 333	-14.334	-21.5983	127.528
			*MESH_VERTEX 334	-15.1625	-21.4989	103.907
			*MESH_VERTEX 335	-15.1625	-21.4989	103.907
			*MESH_VERTEX 336	34.9662	-5.52383	111.558
			*MESH_VERTEX 337	-32.5379	-3.556	109.423
			*MESH_VERTEX 338	30.1472	1.04589	107.026
			*MESH_VERTEX 339	32.6819	-3.73866	108.471
			*MESH_VERTEX 340	16.4296	-16.4035	39.8164
			*MESH_VERTEX 341	-27.3316	-10.715	112.516
			*MESH_VERTEX 342	-29.426	-14.8995	97.33
			*MESH_VERTEX 343	-34.8955	-5.66376	111.566
			*MESH_VERTEX 344	-29.9585	1.16591	108.002
			*MESH_VERTEX 345	14.328	2.18938	105.047
			*MESH_VERTEX 346	22.5398	-6.7656	95.4274
			*MESH_VERTEX 347	-15.4933	-18.7453	39.0772
			*MESH_VERTEX 348	31.2466	-6.02826	90.5243
			*MESH_VERTEX 349	33.5603	-8.85867	79.722
			*MESH_VERTEX 350	-33.5908	-8.82594	80.6806
			*MESH_VERTEX 351	-31.4995	3.99825	122.408
			*MESH_VERTEX 352	27.4036	-10.5676	112.526
			*MESH_VERTEX 353	29.4206	-14.8854	97.3806
			*MESH_VERTEX 354	-13.6736	-22.7266	53.4609
			*MESH_VERTEX 355	15.3387	0.0691766	82.2679
			*MESH_VERTEX 356	4.92527	0.560779	80.2664
			*MESH_VERTEX 357	-31.2085	-5.93492	91.4626
			*MESH_VERTEX 358	-0.00174346	-23.6446	115.123
			*MESH_VERTEX 359	12.8874	6.08637	127.09
			*MESH_VERTEX 360	14.3521	1.45859	104.262
			*MESH_VERTEX 361	-14.6552	2.2281	104.502
			*MESH_VERTEX 362	27.0599	7.37048	122.014
			*MESH_VERTEX 363	21.1732	-8.66309	111.754
			*MESH_VERTEX 364	-22.5324	-7.5918	94.5394
			*MESH_VERTEX 365	-15.14	1.6918	102.906
			*MESH_VERTEX 366	-0.00897963	2.9929	102.635
			*MESH_VERTEX 367	-21.0986	-8.81029	111.744
			*MESH_VERTEX 368	-17.7584	-13.895	84.3214
			*MESH_VERTEX 369	-4.66408	-7.77146	163.071
			*MESH_VERTEX 370	-30.4869	-0.465955	93.0564
			*MESH_VERTEX 371	30.4911	-0.489629	93.0025
			*MESH_VERTEX 372	-23.0787	-10.9713	90.6473
			*MESH_VERTEX 373	23.0931	-10.9715	90.5617
			*MESH_VERTEX 374	31.5877	4.08389	122.346
			*MESH_VERTEX 375	-22.5324	-7.5918	94.5394
			*MESH_VERTEX 376	17.3109	-11.1797	97.9069
			*MESH_VERTEX 377	28.4133	-5.22557	90.2765
			*MESH_VERTEX 378	-6.29998	-15.7946	39.1341
			*MESH_VERTEX 379	-34.2837	-3.35197	94.1156
			*MESH_VERTEX 380	8.18083	-15.02	39.0012
			*MESH_VERTEX 381	34.2853	-3.37368	94.0684
			*MESH_VERTEX 382	-28.3997	-5.13667	91.2279
			*MESH_VERTEX 383	13.5261	-19.6517	99.0584
			*MESH_VERTEX 384	-4.82037	-0.27497	80.0855
			*MESH_VERTEX 385	21.1957	-10.1395	95.5276
			*MESH_VERTEX 386	-0.285574	2.3437	86.1886
			*MESH_VERTEX 387	16.9576	-22.6841	96.9859
			*MESH_VERTEX 388	16.9576	-22.6841	96.9859
			*MESH_VERTEX 389	34.6367	-10.1442	96.1762
			*MESH_VERTEX 390	-34.6399	-10.1398	96.1749
			*MESH_VERTEX 391	32.8054	-3.31597	119.856
			*MESH_VERTEX 392	-21.2931	-4.85161	93.8614
			*MESH_VERTEX 393	-21.1964	-10.1535	95.4802
			*MESH_VERTEX 394	5.93207	-10.0527	149.989
			*MESH_VERTEX 395	-16.7223	-10.7073	97.5871
			*MESH_VERTEX 396	-12.8522	6.11443	127.111
			*MESH_VERTEX 397	-0.109828	10.3695	138.397
			*MESH_VERTEX 398	21.1355	-5.09383	93.9492
			*MESH_VERTEX 399	-25.7058	-1.01974	92.9778
			*MESH_VERTEX 400	25.7105	-1.0345	92.9473
			*MESH_VERTEX 401	-32.8478	-3.26021	119.8
			*MESH_VERTEX 402	27.7659	7.67262	118.467
			*MESH_VERTEX 403	-20.9509	-6.73175	154.373
			*MESH_VERTEX 404	32.1702	4.3134	119.36
			*MESH_VERTEX 405	22.6058	7.05941	117.654
			*MESH_VERTEX 406	21.072	-6.42658	154.438
			*MESH_VERTEX 407	-5.75076	-10.5413	150.06
			*MESH_VERTEX 408	8.87029	-27.4036	84.9222
			*MESH_VERTEX 409	8.87029	-27.4036	84.9222
			*MESH_VERTEX 410	-32.3002	4.32186	118.745
			*MESH_VERTEX 411	-12.5521	-25.9069	84.6649
			*MESH_VERTEX 412	-12.5521	-25.9069	84.6649
			*MESH_VERTEX 413	-27.91	7.67895	117.766
			*MESH_VERTEX 414	-22.7119	7.09319	117.2
			*MESH_VERTEX 415	-6.73285	8.43325	78.78
			*MESH_VERTEX 416	-6.73285	8.43325	78.78
			*MESH_VERTEX 417	9.15009	7.47531	79.3682
			*MESH_VERTEX 418	9.15009	7.47531	79.3682
		}
		*MESH_FACE_LIST {
			*MESH_FACE    0:    A:    384 B:    253 C:    272 AB:    1 BC:    1 CA:    1	 *MESH_SMOOTHING 1 	*MESH_MTLID 0
			*MESH_FACE    1:    A:    82 B:    243 C:    315 AB:    1 BC:    1 CA:    1	 *MESH_SMOOTHING 1 	*MESH_MTLID 0
			*MESH_FACE    2:    A:    75 B:    234 C:    394 AB:    1 BC:    1 CA:    1	 *MESH_SMOOTHING 1 	*MESH_MTLID 0
			*MESH_FACE    3:    A:    250 B:    80 C:    317 AB:    1 BC:    1 CA:    1	 *MESH_SMOOTHING 1 	*MESH_MTLID 0
			*MESH_FACE    4:    A:    366 B:    325 C:    289 AB:    1 BC:    1 CA:    1	 *MESH_SMOOTHING 1 	*MESH_MTLID 0
			*MESH_FACE    5:    A:    355 B:    212 C:    241 AB:    1 BC:    1 CA:    1	 *MESH_SMOOTHING 1 	*MESH_MTLID 0
			*MESH_FACE    6:    A:    141 B:    364 C:    22 AB:    1 BC:    1 CA:    1	 *MESH_SMOOTHING 1 	*MESH_MTLID 0
			*MESH_FACE    7:    A:    375 B:    142 C:    22 AB:    1 BC:    1 CA:    1	 *MESH_SMOOTHING 1 	*MESH_MTLID 0
			*MESH_FACE    8:    A:    274 B:    367 C:    288 AB:    1 BC:    1 CA:    1	 *MESH_SMOOTHING 1 	*MESH_MTLID 0
			*MESH_FACE    9:    A:    231 B:    333 C:    75 AB:    1 BC:    1 CA:    1	 *MESH_SMOOTHING 1 	*MESH_MTLID 0
			*MESH_FACE    10:    A:    410 B:    413 C:    146 AB:    1 BC:    1 CA:    1	 *MESH_SMOOTHING 1 	*MESH_MTLID 0
			*MESH_FACE    11:    A:    128 B:    397 C:    50 AB:    1 BC:    1 CA:    1	 *MESH_SMOOTHING 1 	*MESH_MTLID 0
			*MESH_FACE    12:    A:    396 B:    304 C:    202 AB:    1 BC:    1 CA:    1	 *MESH_SMOOTHING 1 	*MESH_MTLID 0
			*MESH_FACE    13:    A:    6 B:    100 C:    333 AB:    1 BC:    1 CA:    1	 *MESH_SMOOTHING 1 	*MESH_MTLID 0
			*MESH_FACE    14:    A:    15 B:    164 C:    346 AB:    1 BC:    1 CA:    1	 *MESH_SMOOTHING 1 	*MESH_MTLID 0
			*MESH_FACE    15:    A:    163 B:    16 C:    257 AB:    1 BC:    1 CA:    1	 *MESH_SMOOTHING 1 	*MESH_MTLID 0
			*MESH_FACE    16:    A:    264 B:    76 C:    26 AB:    1 BC:    1 CA:    1	 *MESH_SMOOTHING 1 	*MESH_MTLID 0
			*MESH_FACE    17:    A:    27 B:    366 C:    76 AB:    1 BC:    1 CA:    1	 *MESH_SMOOTHING 1 	*MESH_MTLID 0
			*MESH_FACE    18:    A:    152 B:    313 C:    206 AB:    1 BC:    1 CA:    1	 *MESH_SMOOTHING 1 	*MESH_MTLID 0
			*MESH_FACE    19:    A:    167 B:    309 C:    95 AB:    1 BC:    1 CA:    1	 *MESH_SMOOTHING 1 	*MESH_MTLID 0
