*3DSMAX_ASCIIEXPORT	110
*COMMENT "[ GothicSourcer v3.10 ] - August 2006"
*SCENE {
	*SCENE_FILENAME "ARMOR_SLD_H.MAX"
	*SCENE_FIRSTFRAME 0
	*SCENE_LASTFRAME 100
	*SCENE_FRAMESPEED 25
	*SCENE_TICKSPERFRAME 192
	*SCENE_BACKGROUND_STATIC 0	0	0
	*SCENE_AMBIENT_STATIC 0.2	0.2	0.2
}
*MATERIAL_LIST {
	*MATERIAL_COUNT 1
	*MATERIAL 0 {
		*MATERIAL_NAME "Compound Material #1"
		*MATERIAL_CLASS "Multi/Sub-Object"
		*NUMSUBMTLS 2
		*SUBMATERIAL 0 {
			*MATERIAL_NAME "NACKED_MUSCEL0"
			*MATERIAL_CLASS "Standard"
			*MATERIAL_AMBIENT 0.509804	0.407843	0.305882
			*MATERIAL_DIFFUSE 0.509804	0.407843	0.305882
			*MATERIAL_SPECULAR 0.9	0.9	0.9
			*MATERIAL_SHINE 0.1
			*MATERIAL_SHINESTRENGTH 0
			*MATERIAL_TRANSPARENCY 0
			*MATERIAL_WIRESIZE 1
			*MATERIAL_SHADING Blinn
			*MATERIAL_XP_FALLOFF 0
			*MATERIAL_SELFILLUM 0
			*MATERIAL_FALLOFF In
			*MATERIAL_XP_TYPE Filter
			*MAP_DIFFUSE {
				*MAP_NAME "Map #1-1"
				*MAP_CLASS "Bitmap"
				*MAP_SUBNO 1
				*MAP_AMOUNT 1
				*BITMAP "HUM_BODY_NAKED_V0_C0.TGA"
				*MAP_TYPE Screen
				*UVW_U_OFFSET 0
				*UVW_V_OFFSET 0
				*UVW_U_TILING 1
				*UVW_V_TILING 1
				*UVW_ANGLE 0
				*UVW_BLUR 1
				*UVW_BLUR_OFFSET 0
				*UVW_NOUSE_AMT 1
				*UVW_NOISE_SIZE 1
				*UVW_NOISE_LEVEL 1
				*UVW_NOISE_PHASE 0
				*BITMAP_FILTER Pyramidal
			}
		}
		*SUBMATERIAL 1 {
			*MATERIAL_NAME "GRD_TS"
			*MATERIAL_CLASS "Standard"
			*MATERIAL_AMBIENT 0.203922	0.192157	0.164706
			*MATERIAL_DIFFUSE 0.203922	0.192157	0.164706
			*MATERIAL_SPECULAR 0.9	0.9	0.9
			*MATERIAL_SHINE 0.1
			*MATERIAL_SHINESTRENGTH 0
			*MATERIAL_TRANSPARENCY 0
			*MATERIAL_WIRESIZE 1
			*MATERIAL_SHADING Blinn
			*MATERIAL_XP_FALLOFF 0
			*MATERIAL_SELFILLUM 0
			*MATERIAL_FALLOFF In
			*MATERIAL_XP_TYPE Filter
			*MAP_DIFFUSE {
				*MAP_NAME "Map #1-2"
				*MAP_CLASS "Bitmap"
				*MAP_SUBNO 1
				*MAP_AMOUNT 1
				*BITMAP "ARMOR_SLD_H.TGA"
				*MAP_TYPE Screen
				*UVW_U_OFFSET 0
				*UVW_V_OFFSET 0
				*UVW_U_TILING 1
				*UVW_V_TILING 1
				*UVW_ANGLE 0
				*UVW_BLUR 1
				*UVW_BLUR_OFFSET 0
				*UVW_NOUSE_AMT 1
				*UVW_NOISE_SIZE 1
				*UVW_NOISE_LEVEL 1
				*UVW_NOISE_PHASE 0
				*BITMAP_FILTER Pyramidal
			}
		}
	}
}
*HELPEROBJECT {
	*NODE_NAME "Bip01"
	*NODE_TM {
		*NODE_NAME "Bip01"
		*TM_ROW0 6.27438e-006	-1	0
		*TM_ROW1 1	6.27438e-006	0
		*TM_ROW2 -0	-0	1
		*TM_ROW3 0	-7.37745	99.9496
		*TM_POS 0	-7.37745	99.9496
		*TM_ROTAXIS 0	0	1
		*TM_ROTANGLE 1.57079
		*TM_SCALE 1	1	1
		*TM_SCALEAXIS 0	0	0
		*TM_SCALEAXISANG 0	0	0
	}
}
*HELPEROBJECT {
	*NODE_NAME "Bip01 Pelvis"
	*NODE_PARENT "Bip01"
	*NODE_TM {
		*NODE_NAME "Bip01 Pelvis"
		*TM_ROW0 -5.96014e-008	1.79264e-006	1
		*TM_ROW1 -1.79264e-006	-1	1.79264e-006
		*TM_ROW2 1	-1.79264e-006	-5.96014e-008
		*TM_ROW3 1e-005	-8.0113	99.9496
		*TM_POS 1e-005	-8.0113	99.9496
		*TM_ROTAXIS 0.707107	0	0.707107
		*TM_ROTANGLE 3.1416
		*TM_SCALE 1	1	1
		*TM_SCALEAXIS 0	0	0
		*TM_SCALEAXISANG 0	0	0
	}
}
*HELPEROBJECT {
	*NODE_NAME "Bip01 Spine"
	*NODE_PARENT "Bip01 Pelvis"
	*NODE_TM {
		*NODE_NAME "Bip01 Spine"
		*TM_ROW0 6.6944e-008	-0.0205947	0.999788
		*TM_ROW1 5.48642e-006	-0.999788	-0.0205947
		*TM_ROW2 1	5.48642e-006	6.6944e-008
		*TM_ROW3 1e-005	-7.92216	102.35
		*TM_POS 1e-005	-7.92216	102.35
		*TM_ROTAXIS 0.707088	-0.00727998	0.707088
		*TM_ROTANGLE 3.12703
		*TM_SCALE 1	1	1
		*TM_SCALEAXIS 0	0	0
		*TM_SCALEAXISANG 0	0	0
	}
}
*HELPEROBJECT {
	*NODE_NAME "Bip01 Spine1"
	*NODE_PARENT "Bip01 Spine"
	*NODE_TM {
		*NODE_NAME "Bip01 Spine1"
		*TM_ROW0 6.76996e-008	-0.00276992	0.999996
		*TM_ROW1 -1.92621e-006	-0.999996	-0.00276991
		*TM_ROW2 1	-1.92621e-006	6.76996e-008
		*TM_ROW3 1e-005	-8.11442	112.175
		*TM_POS 1e-005	-8.11442	112.175
		*TM_ROTAXIS -0.707107	0.000979995	-0.707106
		*TM_ROTANGLE 3.14355
		*TM_SCALE 1	1	1
		*TM_SCALEAXIS 0	0	0
		*TM_SCALEAXISANG 0	0	0
	}
}
*HELPEROBJECT {
	*NODE_NAME "Bip01 Spine2"
	*NODE_PARENT "Bip01 Spine1"
	*NODE_TM {
		*NODE_NAME "Bip01 Spine2"
		*TM_ROW0 3.48622e-008	0.180243	0.983622
		*TM_ROW1 1.67638e-006	-0.983622	0.180243
		*TM_ROW2 1	1.67638e-006	3.48621e-008
		*TM_ROW3 1e-005	-8.1264	124.961
		*TM_POS 1e-005	-8.1264	124.961
		*TM_ROTAXIS 0.705652	0.0641202	0.705652
		*TM_ROTANGLE 3.26966
		*TM_SCALE 1	1	1
		*TM_SCALEAXIS 0	0	0
		*TM_SCALEAXISANG 0	0	0
	}
}
*HELPEROBJECT {
	*NODE_NAME "Bip01 Neck"
	*NODE_PARENT "Bip01 Spine2"
	*NODE_TM {
		*NODE_NAME "Bip01 Neck"
		*TM_ROW0 6.08698e-007	-0.167043	0.98595
		*TM_ROW1 4.70132e-006	-0.98595	-0.167043
		*TM_ROW2 1	4.70132e-006	6.08698e-007
		*TM_ROW3 -2.11471e-012	-2.71656	154.454
		*TM_POS -2.11471e-012	-2.71656	154.454
		*TM_ROTAXIS -0.70586	0.05937	-0.705859
		*TM_ROTANGLE 3.2602
		*TM_SCALE 1	1	1
		*TM_SCALEAXIS 0	0	0
		*TM_SCALEAXISANG 0	0	0
	}
}
*HELPEROBJECT {
	*NODE_NAME "Bip01 Head"
	*NODE_PARENT "Bip01 Neck"
	*NODE_TM {
		*NODE_NAME "Bip01 Head"
		*TM_ROW0 -5.96015e-008	1.76921e-006	1
		*TM_ROW1 -1.79264e-006	-1	1.77916e-006
		*TM_ROW2 1	-1.79264e-006	-5.96014e-008
		*TM_ROW3 1.63729e-011	-3.85901	161.198
		*TM_POS 1.63729e-011	-3.85901	161.198
		*TM_ROTAXIS -0.707107	4.76653e-009	-0.707107
		*TM_ROTANGLE 3.14159
		*TM_SCALE 1	1	1
		*TM_SCALEAXIS 0	0	0
		*TM_SCALEAXISANG 0	0	0
	}
}
*HELPEROBJECT {
	*NODE_NAME "ZS_HELMET"
	*NODE_PARENT "Bip01 Head"
	*NODE_TM {
		*NODE_NAME "ZS_HELMET"
		*TM_ROW0 1	5.73874e-013	4.35659e-014
		*TM_ROW1 -4.07319e-013	0.996917	-0.0784593
		*TM_ROW2 -4.76109e-014	0.0784593	0.996918
		*TM_ROW3 1e-005	-7.06248	173.704
		*TM_POS 1e-005	-7.06248	173.704
		*TM_ROTAXIS 1	5.81045e-013	-6.25288e-012
		*TM_ROTANGLE 0.078541
		*TM_SCALE 1	1	1
		*TM_SCALEAXIS 0	0	0
		*TM_SCALEAXISANG 0	0	0
	}
}
*HELPEROBJECT {
	*NODE_NAME "Bip01 L Clavicle"
	*NODE_PARENT "Bip01 Neck"
	*NODE_TM {
		*NODE_NAME "Bip01 L Clavicle"
		*TM_ROW0 0.935229	-0.203893	-0.289439
		*TM_ROW1 0.156435	0.971369	-0.178803
		*TM_ROW2 0.317608	0.121943	0.940348
		*TM_ROW3 7.96399	-1.25804	148.729
		*TM_POS 7.96399	-1.25804	148.729
		*TM_ROTAXIS 0.391939	-0.791119	0.469589
		*TM_ROTANGLE 0.39376
		*TM_SCALE 1	1	1
		*TM_SCALEAXIS 0	0	0
		*TM_SCALEAXISANG 0	0	0
	}
}
*HELPEROBJECT {
	*NODE_NAME "Bip01 L UpperArm"
	*NODE_PARENT "Bip01 L Clavicle"
	*NODE_TM {
		*NODE_NAME "Bip01 L UpperArm"
		*TM_ROW0 0.246229	0.0989026	-0.964152
		*TM_ROW1 0.412789	0.889345	0.196649
		*TM_ROW2 0.876913	-0.446412	0.178157
		*TM_ROW3 20.4269	-3.97508	144.872
		*TM_POS 20.4269	-3.97508	144.872
		*TM_ROTAXIS -0.325561	-0.932072	0.15891
		*TM_ROTANGLE 1.41328
		*TM_SCALE 1	1	1
		*TM_SCALEAXIS 0	0	0
		*TM_SCALEAXISANG 0	0	0
	}
}
*HELPEROBJECT {
	*NODE_NAME "Bip01 L Forearm"
	*NODE_PARENT "Bip01 L UpperArm"
	*NODE_TM {
		*NODE_NAME "Bip01 L Forearm"
		*TM_ROW0 0.0455122	-0.291882	-0.955371
		*TM_ROW1 0.478489	0.845886	-0.235638
		*TM_ROW2 0.876913	-0.44641	0.17816
		*TM_ROW3 27.2982	-1.21526	117.966
		*TM_POS 27.2982	-1.21526	117.966
		*TM_ROTAXIS -0.10545	-0.916697	0.385419
		*TM_ROTANGLE 1.53601
		*TM_SCALE 1	1	1
		*TM_SCALEAXIS 0	0	0
		*TM_SCALEAXISANG 0	0	0
	}
}
*HELPEROBJECT {
	*NODE_NAME "Bip01 L Hand"
	*NODE_PARENT "Bip01 L Forearm"
	*NODE_TM {
		*NODE_NAME "Bip01 L Hand"
		*TM_ROW0 0.0455132	-0.291886	-0.95537
		*TM_ROW1 -0.876533	0.44708	-0.17835
		*TM_ROW2 0.479185	0.845531	-0.2355
		*TM_ROW3 28.5642	-9.33439	91.391
		*TM_POS 28.5642	-9.33439	91.391
		*TM_ROTAXIS 0.551391	-0.772552	-0.314851
		*TM_ROTANGLE 1.95137
		*TM_SCALE 1	1	1
		*TM_SCALEAXIS 0	0	0
		*TM_SCALEAXISANG 0	0	0
	}
}
*HELPEROBJECT {
	*NODE_NAME "Bip01 L Finger0"
	*NODE_PARENT "Bip01 L Hand"
	*NODE_TM {
		*NODE_NAME "Bip01 L Finger0"
		*TM_ROW0 0.0455152	-0.291888	-0.955369
		*TM_ROW1 -0.876915	0.446405	-0.178165
		*TM_ROW2 0.478485	0.845886	-0.235643
		*TM_ROW3 29.15	-13.0909	79.0956
		*TM_POS 29.15	-13.0909	79.0956
		*TM_ROTAXIS 0.551581	-0.772311	-0.31511
		*TM_ROTANGLE 1.95181
		*TM_SCALE 1	1	1
		*TM_SCALEAXIS 0	0	0
		*TM_SCALEAXISANG 0	0	0
	}
}
*HELPEROBJECT {
	*NODE_NAME "ZS_LEFTHAND"
	*NODE_PARENT "Bip01 L Hand"
	*NODE_TM {
		*NODE_NAME "ZS_LEFTHAND"
		*TM_ROW0 0.435606	0.890062	-0.134303
		*TM_ROW1 0.180312	-0.232461	-0.955745
		*TM_ROW2 -0.881893	0.392112	-0.261751
		*TM_ROW3 26.7605	-11.5468	82.7857
		*TM_POS 26.7605	-11.5468	82.7857
		*TM_ROTAXIS 0.794322	0.440571	-0.418271
		*TM_ROTANGLE 2.12858
		*TM_SCALE 1	1	1
		*TM_SCALEAXIS 0	0	0
		*TM_SCALEAXISANG 0	0	0
	}
}
*HELPEROBJECT {
	*NODE_NAME "ZS_LEFTARM"
	*NODE_PARENT "Bip01 L Forearm"
	*NODE_TM {
		*NODE_NAME "ZS_LEFTARM"
		*TM_ROW0 0.0759923	-0.150176	-0.985735
		*TM_ROW1 0.524499	0.846792	-0.0885736
		*TM_ROW2 0.848013	-0.510285	0.143117
		*TM_ROW3 26.9101	-7.67833	110.055
		*TM_POS 26.9101	-7.67833	110.055
		*TM_ROTAXIS -0.21097	-0.917372	0.337521
		*TM_ROTANGLE 1.53784
		*TM_SCALE 1	1	1
		*TM_SCALEAXIS 0	0	0
		*TM_SCALEAXISANG 0	0	0
	}
}
*HELPEROBJECT {
	*NODE_NAME "Bip01 R Clavicle"
	*NODE_PARENT "Bip01 Neck"
	*NODE_TM {
		*NODE_NAME "Bip01 R Clavicle"
		*TM_ROW0 -0.935227	-0.203899	-0.28944
		*TM_ROW1 -0.156442	0.971369	-0.178799
		*TM_ROW2 0.317609	-0.121937	-0.940349
		*TM_ROW3 -7.96398	-1.25806	148.729
		*TM_POS -7.96398	-1.25806	148.729
		*TM_ROTAXIS -0.0929799	0.992639	-0.0775999
		*TM_ROTANGLE 3.45235
		*TM_SCALE 1	1	1
		*TM_SCALEAXIS 0	0	0
		*TM_SCALEAXISANG 0	0	0
	}
}
*HELPEROBJECT {
	*NODE_NAME "Bip01 R UpperArm"
	*NODE_PARENT "Bip01 R Clavicle"
	*NODE_TM {
		*NODE_NAME "Bip01 R UpperArm"
		*TM_ROW0 -0.246232	0.0988932	-0.964153
		*TM_ROW1 -0.412793	0.889345	0.196642
		*TM_ROW2 0.876911	0.446415	-0.178163
		*TM_ROW3 -20.4269	-3.97513	144.872
		*TM_POS -20.4269	-3.97513	144.872
		*TM_ROTAXIS 0.12961	-0.955353	-0.265521
		*TM_ROTANGLE 1.84162
		*TM_SCALE 1	1	1
		*TM_SCALEAXIS 0	0	0
		*TM_SCALEAXISANG 0	0	0
	}
}
*HELPEROBJECT {
	*NODE_NAME "Bip01 R Forearm"
	*NODE_PARENT "Bip01 R UpperArm"
	*NODE_TM {
		*NODE_NAME "Bip01 R Forearm"
		*TM_ROW0 -0.0455087	-0.291889	-0.955369
		*TM_ROW1 -0.478487	0.845885	-0.235646
		*TM_ROW2 0.876915	0.446408	-0.17816
		*TM_ROW3 -27.2982	-1.21534	117.966
		*TM_POS -27.2982	-1.21534	117.966
		*TM_ROTAXIS 0.347279	-0.932937	-0.0950097
		*TM_ROTANGLE 1.76083
		*TM_SCALE 1	1	1
		*TM_SCALEAXIS 0	0	0
		*TM_SCALEAXISANG 0	0	0
	}
}
*HELPEROBJECT {
	*NODE_NAME "Bip01 R Hand"
	*NODE_PARENT "Bip01 R Forearm"
	*NODE_TM {
		*NODE_NAME "Bip01 R Hand"
		*TM_ROW0 -0.0455115	-0.291885	-0.95537
		*TM_ROW1 0.87653	0.447088	-0.17835
		*TM_ROW2 0.479192	-0.845527	0.235499
		*TM_ROW3 -28.5642	-9.33445	91.3911
		*TM_POS -28.5642	-9.33445	91.3911
		*TM_ROTAXIS -0.33922	-0.72939	0.59407
		*TM_ROTANGLE 1.75327
		*TM_SCALE 1	1	1
		*TM_SCALEAXIS 0	0	0
		*TM_SCALEAXISANG 0	0	0
	}
}
*HELPEROBJECT {
	*NODE_NAME "Bip01 R Finger0"
	*NODE_PARENT "Bip01 R Hand"
	*NODE_TM {
		*NODE_NAME "Bip01 R Finger0"
		*TM_ROW0 -0.0455056	-0.291877	-0.955373
		*TM_ROW1 0.876914	0.446413	-0.178152
		*TM_ROW2 0.478489	-0.845886	0.235636
		*TM_ROW3 -29.1499	-13.0909	79.0956
		*TM_POS -29.1499	-13.0909	79.0956
		*TM_ROTAXIS -0.33952	-0.729071	0.594291
		*TM_ROTANGLE 1.75354
		*TM_SCALE 1	1	1
		*TM_SCALEAXIS 0	0	0
		*TM_SCALEAXISANG 0	0	0
	}
}
*HELPEROBJECT {
	*NODE_NAME "ZS_RIGHTHAND"
	*NODE_PARENT "Bip01 R Hand"
	*NODE_TM {
		*NODE_NAME "ZS_RIGHTHAND"
		*TM_ROW0 -0.464344	0.856417	-0.225687
		*TM_ROW1 0.177861	0.339806	0.923525
		*TM_ROW2 0.867612	0.388692	-0.31011
		*TM_ROW3 -20.9389	-19.9852	85.8932
		*TM_POS -20.9389	-19.9852	85.8932
		*TM_ROTAXIS 0.383811	0.784581	0.486951
		*TM_ROTANGLE 3.91244
		*TM_SCALE 1	1	1
		*TM_SCALEAXIS 0	0	0
		*TM_SCALEAXISANG 0	0	0
	}
}
*HELPEROBJECT {
	*NODE_NAME "ZS_CROSSBOW"
	*NODE_PARENT "Bip01 Spine2"
	*NODE_TM {
		*NODE_NAME "ZS_CROSSBOW"
		*TM_ROW0 -0.382687	-0.111464	0.91713
		*TM_ROW1 -0.923878	0.0461715	-0.379891
		*TM_ROW2 -1.2517e-006	-0.992695	-0.120648
		*TM_ROW3 -14.434	10.5915	165.98
		*TM_POS -14.434	10.5915	165.98
		*TM_ROTAXIS -0.447329	0.669479	-0.593039
		*TM_ROTANGLE 2.38705
		*TM_SCALE 1	1	1
		*TM_SCALEAXIS 0	0	0
		*TM_SCALEAXISANG 0	0	0
	}
}
*HELPEROBJECT {
	*NODE_NAME "ZS_LONGSWORD"
	*NODE_PARENT "Bip01 Spine2"
	*NODE_TM {
		*NODE_NAME "ZS_LONGSWORD"
		*TM_ROW0 -0.499829	-0.0915011	0.861277
		*TM_ROW1 -0.865729	0.0828188	-0.493614
		*TM_ROW2 -0.0261636	-0.992355	-0.12061
		*TM_ROW3 -18.1593	6.92629	157.64
		*TM_POS -18.1593	6.92629	157.64
		*TM_ROTAXIS -0.38996	0.69388	-0.60536
		*TM_ROTANGLE 2.44778
		*TM_SCALE 1	1	1
		*TM_SCALEAXIS 0	0	0
		*TM_SCALEAXISANG 0	0	0
	}
}
*HELPEROBJECT {
	*NODE_NAME "ZS_SHIELD"
	*NODE_PARENT "Bip01 Spine2"
	*NODE_TM {
		*NODE_NAME "ZS_SHIELD"
		*TM_ROW0 -0.0138681	0.114196	-0.993362
		*TM_ROW1 -0.908393	0.413755	0.0602465
		*TM_ROW2 0.417888	0.903198	0.0979964
		*TM_ROW3 8.76511	9.5282	131.875
		*TM_POS 8.76511	9.5282	131.875
		*TM_ROTAXIS 0.435421	-0.728972	-0.528212
		*TM_ROTANGLE 1.82457
		*TM_SCALE 1	1	1
		*TM_SCALEAXIS 0	0	0
		*TM_SCALEAXISANG 0	0	0
	}
}
*HELPEROBJECT {
	*NODE_NAME "ZS_BOW"
	*NODE_PARENT "Bip01 Spine2"
	*NODE_TM {
		*NODE_NAME "ZS_BOW"
		*TM_ROW0 -0.341816	-0.0868229	0.935748
		*TM_ROW1 0.0119438	0.995242	0.0967059
		*TM_ROW2 -0.939691	0.044232	-0.339153
		*TM_ROW3 0.5012	12.4143	124.55
		*TM_POS 0.5012	12.4143	124.55
		*TM_ROTAXIS -0.0279299	0.998227	0.0525698
		*TM_ROTANGLE 1.92076
		*TM_SCALE 1	1	1
		*TM_SCALEAXIS 0	0	0
		*TM_SCALEAXISANG 0	0	0
	}
}
*HELPEROBJECT {
	*NODE_NAME "ZS_SWORD"
	*NODE_PARENT "Bip01 Spine"
	*NODE_TM {
		*NODE_NAME "ZS_SWORD"
		*TM_ROW0 5.79068e-007	-0.347172	0.937802
		*TM_ROW1 1.04308e-007	0.937802	0.347172
		*TM_ROW2 -1	-1.04308e-007	5.79068e-007
		*TM_ROW3 17.5015	-4.36211	106.367
		*TM_POS 17.5015	-4.36211	106.367
		*TM_ROTAXIS -0.17367	0.96937	0.17367
		*TM_ROTANGLE 1.6019
		*TM_SCALE 1	1	1
		*TM_SCALEAXIS 0	0	0
		*TM_SCALEAXISANG 0	0	0
	}
}
*HELPEROBJECT {
	*NODE_NAME "Bip01 L Thigh"
	*NODE_PARENT "Bip01 Pelvis"
	*NODE_TM {
		*NODE_NAME "Bip01 L Thigh"
		*TM_ROW0 0.0534879	-0.0367886	-0.997891
		*TM_ROW1 -0.00216181	-0.999323	0.0367256
		*TM_ROW2 -0.998566	0.000192882	-0.0535313
		*TM_ROW3 9.01023	-8.01129	99.9496
		*TM_POS 9.01023	-8.01129	99.9496
		*TM_ROTAXIS 0.72572	-0.01342	-0.68786
		*TM_ROTANGLE 3.16677
		*TM_SCALE 1	1	1
		*TM_SCALEAXIS 0	0	0
		*TM_SCALEAXISANG 0	0	0
	}
}
*HELPEROBJECT {
	*NODE_NAME "Bip01 L Calf"
	*NODE_PARENT "Bip01 L Thigh"
	*NODE_TM {
		*NODE_NAME "Bip01 L Calf"
		*TM_ROW0 0.0525131	0.197552	-0.978885
		*TM_ROW1 0.0103904	-0.980292	-0.197278
		*TM_ROW2 -0.998566	0.000188708	-0.0535307
		*TM_ROW3 11.1149	-9.45845	60.6877
		*TM_POS 11.1149	-9.45845	60.6877
		*TM_ROTAXIS 0.723901	0.0721501	-0.686121
		*TM_ROTANGLE 3.00478
		*TM_SCALE 1	1	1
		*TM_SCALEAXIS 0	0	0
		*TM_SCALEAXISANG 0	0	0
	}
}
*HELPEROBJECT {
	*NODE_NAME "Bip01 L Foot"
	*NODE_PARENT "Bip01 L Calf"
	*NODE_TM {
		*NODE_NAME "Bip01 L Foot"
		*TM_ROW0 -6.00563e-007	7.23674e-006	-1
		*TM_ROW1 0.173652	-0.984807	-7.2672e-006
		*TM_ROW2 -0.984807	-0.173652	-5.93313e-007
		*TM_ROW3 13.6935	0.240668	12.6267
		*TM_POS 13.6935	0.240668	12.6267
		*TM_ROTAXIS 0.705757	0.0617498	-0.705757
		*TM_ROTANGLE 3.26493
		*TM_SCALE 1	1	1
		*TM_SCALEAXIS 0	0	0
		*TM_SCALEAXISANG 0	0	0
	}
}
*HELPEROBJECT {
	*NODE_NAME "Bip01 L Toe0"
	*NODE_PARENT "Bip01 L Foot"
	*NODE_TM {
		*NODE_NAME "Bip01 L Toe0"
		*TM_ROW0 0.173646	-0.984808	5.05606e-006
		*TM_ROW1 5.06961e-006	5.93591e-006	1
		*TM_ROW2 -0.984808	-0.173646	5.91983e-006
		*TM_ROW3 17.6256	-22.0591	-2.43328e-006
		*TM_POS 17.6256	-22.0591	-2.43328e-006
		*TM_ROTAXIS -0.644398	0.540718	0.540718
		*TM_ROTANGLE 1.99673
		*TM_SCALE 1	1	1
		*TM_SCALEAXIS 0	0	0
		*TM_SCALEAXISANG 0	0	0
	}
}
*HELPEROBJECT {
	*NODE_NAME "Bip01 R Thigh"
	*NODE_PARENT "Bip01 Pelvis"
	*NODE_TM {
		*NODE_NAME "Bip01 R Thigh"
		*TM_ROW0 -0.0535034	-0.0367749	-0.99789
		*TM_ROW1 0.00205776	-0.999324	0.0367174
		*TM_ROW2 -0.998566	-8.89041e-005	0.0535432
		*TM_ROW3 -9.01021	-8.01132	99.9496
		*TM_POS -9.01021	-8.01132	99.9496
		*TM_ROTAXIS 0.687862	-0.01262	-0.725732
		*TM_ROTANGLE 3.16835
		*TM_SCALE 1	1	1
		*TM_SCALEAXIS 0	0	0
		*TM_SCALEAXISANG 0	0	0
	}
}
*HELPEROBJECT {
	*NODE_NAME "Bip01 R Calf"
	*NODE_PARENT "Bip01 R Thigh"
	*NODE_TM {
		*NODE_NAME "Bip01 R Calf"
		*TM_ROW0 -0.0525024	0.197539	-0.978888
		*TM_ROW1 -0.0104967	-0.980295	-0.19726
		*TM_ROW2 -0.998566	-8.16062e-005	0.0535415
		*TM_ROW3 -11.1154	-9.45856	60.6878
		*TM_POS -11.1154	-9.45856	60.6878
		*TM_ROTAXIS 0.686298	0.0684898	-0.724088
		*TM_ROTANGLE 2.99744
		*TM_SCALE 1	1	1
		*TM_SCALEAXIS 0	0	0
		*TM_SCALEAXISANG 0	0	0
	}
}
*HELPEROBJECT {
	*NODE_NAME "Bip01 R Foot"
	*NODE_PARENT "Bip01 R Calf"
	*NODE_TM {
		*NODE_NAME "Bip01 R Foot"
		*TM_ROW0 -5.86066e-007	-7.25461e-006	-1
		*TM_ROW1 -0.173652	-0.984807	7.24331e-006
		*TM_ROW2 -0.984807	0.173652	-5.91966e-007
		*TM_ROW3 -13.6935	0.24065	12.6267
		*TM_POS -13.6935	0.24065	12.6267
		*TM_ROTAXIS 0.705757	-0.0617498	-0.705757
		*TM_ROTANGLE 3.01826
		*TM_SCALE 1	1	1
		*TM_SCALEAXIS 0	0	0
		*TM_SCALEAXISANG 0	0	0
	}
}
*HELPEROBJECT {
	*NODE_NAME "Bip01 R Toe0"
	*NODE_PARENT "Bip01 R Foot"
	*NODE_TM {
		*NODE_NAME "Bip01 R Toe0"
		*TM_ROW0 -0.173651	-0.984807	3.50312e-006
		*TM_ROW1 3.50539e-006	3.00781e-006	1
		*TM_ROW2 -0.984808	0.173651	3.01546e-006
		*TM_ROW3 -17.6255	-22.0592	3.52698e-005
		*TM_POS -17.6255	-22.0592	3.52698e-005
		*TM_ROTAXIS 0.510271	-0.608121	-0.608121
		*TM_ROTANGLE 4.08526
		*TM_SCALE 1	1	1
		*TM_SCALEAXIS 0	0	0
		*TM_SCALEAXISANG 0	0	0
	}
}
*HELPEROBJECT {
	*NODE_NAME "Dummy"
	*NODE_PARENT "Bip01 L Finger0"
	*NODE_TM {
		*NODE_NAME "Dummy"
		*TM_ROW0 -1	-0	0
		*TM_ROW1 -0	-1	0
		*TM_ROW2 -0	-0	1
		*TM_ROW3 29.4428	-14.9691	72.9478
		*TM_POS 29.4428	-14.9691	72.9478
		*TM_ROTAXIS 0	0	-1
		*TM_ROTANGLE 3.14159
		*TM_SCALE 1	1	1
		*TM_SCALEAXIS 0	0	0
		*TM_SCALEAXISANG 0	0	0
	}
}
*HELPEROBJECT {
	*NODE_NAME "Dummy1"
	*NODE_PARENT "Bip01 R Finger0"
	*NODE_TM {
		*NODE_NAME "Dummy1"
		*TM_ROW0 -1	-0	0
		*TM_ROW1 -0	-1	0
		*TM_ROW2 -0	-0	1
		*TM_ROW3 -29.4428	-14.9692	72.9479
		*TM_POS -29.4428	-14.9692	72.9479
		*TM_ROTAXIS 0	0	-1
		*TM_ROTANGLE 3.14159
		*TM_SCALE 1	1	1
		*TM_SCALEAXIS 0	0	0
		*TM_SCALEAXISANG 0	0	0
	}
}
*HELPEROBJECT {
	*NODE_NAME "Dummy2"
	*NODE_PARENT "Bip01 L Toe0"
	*NODE_TM {
		*NODE_NAME "Dummy2"
		*TM_ROW0 -1	-0	0
		*TM_ROW1 -0	-1	0
		*TM_ROW2 -0	-0	1
		*TM_ROW3 19.5916	-33.209	-6.31336
		*TM_POS 19.5916	-33.209	-6.31336
		*TM_ROTAXIS 0	0	-1
		*TM_ROTANGLE 3.14159
		*TM_SCALE 1	1	1
		*TM_SCALEAXIS 0	0	0
		*TM_SCALEAXISANG 0	0	0
	}
}
*HELPEROBJECT {
	*NODE_NAME "Dummy3"
	*NODE_PARENT "Bip01 R Toe0"
	*NODE_TM {
		*NODE_NAME "Dummy3"
		*TM_ROW0 -1	-0	0
		*TM_ROW1 -0	-1	0
		*TM_ROW2 -0	-0	1
		*TM_ROW3 -19.5915	-33.2091	-6.31332
		*TM_POS -19.5915	-33.2091	-6.31332
		*TM_ROTAXIS 0	0	-1
		*TM_ROTANGLE 3.14159
		*TM_SCALE 1	1	1
		*TM_SCALEAXIS 0	0	0
		*TM_SCALEAXISANG 0	0	0
	}
}
*GEOMOBJECT {
	*NODE_NAME "zm_Skin"
	*NODE_PARENT "Bip01"
	*NODE_TM {
		*NODE_NAME "zm_Skin"
		*TM_ROW0 -1	-0	0
		*TM_ROW1 -0	-1	0
		*TM_ROW2 -0	-0	1
		*TM_ROW3 -0	-0	0
		*TM_POS -0	-0	0
		*TM_ROTAXIS 0	0	-1
		*TM_ROTANGLE 3.14159
		*TM_SCALE 1	1	1
		*TM_SCALEAXIS 0	0	0
		*TM_SCALEAXISANG 0	0	0
	}
	*MATERIAL_REF 0
	*MESH_SOFTSKIN {
		*TIMEVALUE 0
		*MESH_NUMVERTEX 400
		*MESH_NUMFACES 742
		*MESH_VERTEX_LIST {
			*MESH_VERTEX 0	23.851	-18.4588	1.36424
			*MESH_VERTEX 1	-23.8081	-18.1186	0.992896
			*MESH_VERTEX 2	-0.016959	-5.36092	91.9888
			*MESH_VERTEX 3	-0.13192	9.04076	165.261
			*MESH_VERTEX 4	-19.1926	13.0299	136.61
			*MESH_VERTEX 5	-15.6391	7.97314	-0.212719
			*MESH_VERTEX 6	-12.7201	-10.629	20.7288
			*MESH_VERTEX 7	15.7491	7.60545	-0.231133
			*MESH_VERTEX 8	12.721	-10.7684	20.6604
			*MESH_VERTEX 9	-23.7731	-10.2528	143.079
			*MESH_VERTEX 10	-34.2096	0.594604	108.346
			*MESH_VERTEX 11	-18.7864	4.1991	136.546
			*MESH_VERTEX 12	34.4512	0.436484	107.33
			*MESH_VERTEX 13	24.2713	-10.2243	143.31
			*MESH_VERTEX 14	19.1694	4.04199	136.397
			*MESH_VERTEX 15	22.5265	-15.2287	77.4563
			*MESH_VERTEX 16	21.6123	-7.82253	111.659
			*MESH_VERTEX 17	34.6558	1.98379	109.439
			*MESH_VERTEX 18	-22.604	-15.2255	78.3024
			*MESH_VERTEX 19	-21.3199	-7.76129	112.438
			*MESH_VERTEX 20	-34.3809	2.05707	110.381
			*MESH_VERTEX 21	7.92643	-14.216	12.4561
			*MESH_VERTEX 22	-7.43021	-13.5608	12.7869
			*MESH_VERTEX 23	29.0866	-6.13481	78.1644
			*MESH_VERTEX 24	-29.1421	-6.11943	79.0231
			*MESH_VERTEX 25	-17.5069	-2.8836	26.0338
			*MESH_VERTEX 26	15.8522	-5.3554	115.941
			*MESH_VERTEX 27	16.802	-2.62624	25.4323
			*MESH_VERTEX 28	-33.3402	-19.8194	136.491
			*MESH_VERTEX 29	-22.9322	-4.39936	136.445
			*MESH_VERTEX 30	-24.4695	-0.847111	16.7083
			*MESH_VERTEX 31	40.181	1.02659	139.712
			*MESH_VERTEX 32	19.2044	12.7543	136.374
			*MESH_VERTEX 33	34.5573	-20.4829	136.232
			*MESH_VERTEX 34	17.0759	-14.1865	12.7927
			*MESH_VERTEX 35	-39.0904	1.03094	140.02
			*MESH_VERTEX 36	10.2868	-15.6696	160.11
			*MESH_VERTEX 37	-39.343	-10.5978	152.008
			*MESH_VERTEX 38	7.35407	1.48925	156.347
			*MESH_VERTEX 39	0.0481393	-11.0876	148.741
			*MESH_VERTEX 40	-7.12908	1.22797	156.284
			*MESH_VERTEX 41	4.76077	-8.19835	163.261
			*MESH_VERTEX 42	16.2375	-11.5416	138.386
			*MESH_VERTEX 43	23.7841	4.28708	108.474
			*MESH_VERTEX 44	-23.5217	4.33318	109.221
			*MESH_VERTEX 45	-0.15333	5.84995	115.193
			*MESH_VERTEX 46	24.1931	-1.29108	14.3142
			*MESH_VERTEX 47	12.3491	4.55612	24.6892
			*MESH_VERTEX 48	8.90049	9.84151	17.2129
			*MESH_VERTEX 49	5.72531	5.17673	89.3707
			*MESH_VERTEX 50	-7.23935	9.63841	15.0786
			*MESH_VERTEX 51	40.1617	-10.4648	151.208
			*MESH_VERTEX 52	4.85597	-18.452	97.1055
			*MESH_VERTEX 53	16.0311	-21.6459	64.2561
			*MESH_VERTEX 54	-15.78	-9.89904	138.501
			*MESH_VERTEX 55	-31.7506	-9.11959	113.139
			*MESH_VERTEX 56	32.0496	-9.20205	112.185
			*MESH_VERTEX 57	22.003	-6.86253	109.175
			*MESH_VERTEX 58	24.8371	2.55431	106.594
			*MESH_VERTEX 59	-21.7261	-6.68138	109.958
			*MESH_VERTEX 60	-24.5941	2.68332	107.39
			*MESH_VERTEX 61	-8.08766	-0.157532	24.5021
			*MESH_VERTEX 62	-12.4429	-23.3513	0.262153
			*MESH_VERTEX 63	7.76229	-0.677685	24.2246
			*MESH_VERTEX 64	12.5014	-23.7132	0.51283
			*MESH_VERTEX 65	-17.0535	3.63151	134.514
			*MESH_VERTEX 66	-15.8437	-6.88602	133.935
			*MESH_VERTEX 67	-3.5561	0.560546	166.975
			*MESH_VERTEX 68	-4.62398	-8.09511	163.227
			*MESH_VERTEX 69	22.955	-4.48657	135.873
			*MESH_VERTEX 70	11.3511	-22.836	135.851
			*MESH_VERTEX 71	-11.3911	-22.8274	135.761
			*MESH_VERTEX 72	31.9048	-7.76738	109.662
			*MESH_VERTEX 73	-31.7555	-7.59673	110.554
			*MESH_VERTEX 74	3.76705	0.388583	166.981
			*MESH_VERTEX 75	38.1762	1.31867	149.42
			*MESH_VERTEX 76	2.61555	-3.7067	12.4573
			*MESH_VERTEX 77	24.4011	3.66203	142.533
			*MESH_VERTEX 78	-24.091	3.57319	142.602
			*MESH_VERTEX 79	-17.1749	-14.1894	13.2288
			*MESH_VERTEX 80	-20.8869	-0.826764	49.9403
			*MESH_VERTEX 81	-17.7229	10.183	15.7384
			*MESH_VERTEX 82	-12.8983	4.76127	25.0296
			*MESH_VERTEX 83	-5.0866	5.73953	89.39
			*MESH_VERTEX 84	-9.63284	-15.4384	159.841
			*MESH_VERTEX 85	30.2444	-18.0539	81.869
			*MESH_VERTEX 86	35.3861	-9.58807	81.3899
			*MESH_VERTEX 87	-30.241	-17.9965	82.8777
			*MESH_VERTEX 88	-35.3924	-9.54072	82.3799
			*MESH_VERTEX 89	-5.05494	-18.5285	96.6199
			*MESH_VERTEX 90	-25.6516	5.2512	158.379
			*MESH_VERTEX 91	27.4199	10.7982	140.835
			*MESH_VERTEX 92	-36.0363	-10.3233	148.434
			*MESH_VERTEX 93	0.00735928	-22.9436	149.07
			*MESH_VERTEX 94	-15.7293	-18.8705	56.1063
			*MESH_VERTEX 95	-5.99671	-22.2275	64.0703
			*MESH_VERTEX 96	-14.2642	-7.97717	14.9464
			*MESH_VERTEX 97	9.59745	-3.35247	165.794
			*MESH_VERTEX 98	14.2756	-8.1622	15.0043
			*MESH_VERTEX 99	25.5583	-13.8056	92.1513
			*MESH_VERTEX 100	-3.2013	-3.40579	12.3866
			*MESH_VERTEX 101	16.7935	10.0183	15.9144
			*MESH_VERTEX 102	16.1761	-6.8024	133.685
			*MESH_VERTEX 103	18.3364	3.65325	133.967
			*MESH_VERTEX 104	-27.2931	10.7555	142.358
			*MESH_VERTEX 105	-8.94363	-3.13918	165.526
			*MESH_VERTEX 106	-20.0269	-13.3179	86.7795
			*MESH_VERTEX 107	-25.4969	-13.6952	93.047
			*MESH_VERTEX 108	-24.9323	-7.69998	91.8743
			*MESH_VERTEX 109	-37.4375	1.13021	150.059
			*MESH_VERTEX 110	-14.601	7.06246	157.723
			*MESH_VERTEX 111	-13.1299	15.6507	150.712
			*MESH_VERTEX 112	-21.6136	-23.1529	140.128
			*MESH_VERTEX 113	-10.3976	2.18421	114.954
			*MESH_VERTEX 114	24.6724	5.54693	158.467
			*MESH_VERTEX 115	-15.7388	-23.0503	4.83762
			*MESH_VERTEX 116	7.64926	-17.8884	55.7907
			*MESH_VERTEX 117	15.6463	-23.3724	5.11695
			*MESH_VERTEX 118	10.1328	2.29849	-2.71019
			*MESH_VERTEX 119	-10.0365	2.69081	-2.67849
			*MESH_VERTEX 120	21.6793	-23.5388	138.938
			*MESH_VERTEX 121	33.5717	-20.9664	147.83
			*MESH_VERTEX 122	0.0589252	-26.632	131.462
			*MESH_VERTEX 123	20.0867	-13.4186	85.9691
			*MESH_VERTEX 124	-39.9686	-10.2943	139.286
			*MESH_VERTEX 125	13.9504	3.50039	92.2839
			*MESH_VERTEX 126	5.12353	0.747452	59.5587
			*MESH_VERTEX 127	-32.4376	-20.7719	148.223
			*MESH_VERTEX 128	18.9338	-12.0734	142.746
			*MESH_VERTEX 129	41.0534	-10.3996	138.273
			*MESH_VERTEX 130	11.2597	-15.1906	116.375
			*MESH_VERTEX 131	-16.1178	-5.5883	135.427
			*MESH_VERTEX 132	24.9233	-7.83712	90.9834
			*MESH_VERTEX 133	-19.7291	1.23508	14.705
			*MESH_VERTEX 134	19.5305	1.19827	14.8176
			*MESH_VERTEX 135	-29.8062	-3.22871	137.973
			*MESH_VERTEX 136	-16.2397	-6.70679	115.203
			*MESH_VERTEX 137	-34.9546	0.504469	148.47
			*MESH_VERTEX 138	35.8805	0.638937	148.532
			*MESH_VERTEX 139	32.0001	-18.9474	146.73
			*MESH_VERTEX 140	37.3868	-10.3256	147.452
			*MESH_VERTEX 141	-26.2433	-5.91516	161.126
			*MESH_VERTEX 142	-22.9941	-16.5511	157.889
			*MESH_VERTEX 143	13.7879	15.4936	150.753
			*MESH_VERTEX 144	13.5998	-21.6073	124.219
			*MESH_VERTEX 145	-18.5034	-12.0186	142.69
			*MESH_VERTEX 146	-23.4008	6.66497	138.039
			*MESH_VERTEX 147	-23.0892	-16.7159	89.4532
			*MESH_VERTEX 148	30.4577	-4.63387	119.148
			*MESH_VERTEX 149	22.5437	-4.04796	117.946
			*MESH_VERTEX 150	23.1903	-16.8294	88.5851
			*MESH_VERTEX 151	-16.7654	-7.40318	130.626
			*MESH_VERTEX 152	-17.5432	-10.256	134.511
			*MESH_VERTEX 153	15.2148	6.86477	157.803
			*MESH_VERTEX 154	9.30056	3.09823	115.365
			*MESH_VERTEX 155	-19.9655	-1.41066	110.422
			*MESH_VERTEX 156	20.2369	-1.4578	109.699
			*MESH_VERTEX 157	7.58126	0.164307	13.5622
			*MESH_VERTEX 158	9.88891	-13.2768	7.88674
			*MESH_VERTEX 159	20.8146	-11.0878	9.11808
			*MESH_VERTEX 160	-0.000250776	18.1997	151.964
			*MESH_VERTEX 161	-7.7467	0.571744	13.6543
			*MESH_VERTEX 162	-9.95483	-12.9819	7.76274
			*MESH_VERTEX 163	-20.8993	-10.819	8.85782
			*MESH_VERTEX 164	-15.8584	3.94302	92.8056
			*MESH_VERTEX 165	-7.83814	8.24067	98.6385
			*MESH_VERTEX 166	27.873	-1.43591	113.017
			*MESH_VERTEX 167	11.5041	5.21412	15.3066
			*MESH_VERTEX 168	-27.6584	-1.1341	113.877
			*MESH_VERTEX 169	-16.6193	-24.3009	0.815998
			*MESH_VERTEX 170	-28.2299	10.438	140.47
			*MESH_VERTEX 171	16.6405	-24.6553	1.13256
			*MESH_VERTEX 172	24.5123	-17.3674	77.6879
			*MESH_VERTEX 173	25.9032	-15.5802	78.1344
			*MESH_VERTEX 174	-24.587	-17.3613	78.581
			*MESH_VERTEX 175	-25.9697	-15.5701	79.0366
			*MESH_VERTEX 176	-11.2861	-16.5065	115.679
			*MESH_VERTEX 177	20.4418	-8.79281	61.2791
			*MESH_VERTEX 178	15.9387	-17.5702	55.9007
			*MESH_VERTEX 179	17.6616	-20.1366	48.1919
			*MESH_VERTEX 180	-6.47457	0.321961	58.8981
			*MESH_VERTEX 181	-15.6713	-0.0232322	59.5704
			*MESH_VERTEX 182	-20.4084	-9.77563	61.0447
			*MESH_VERTEX 183	-7.47157	-18.4994	56.2109
			*MESH_VERTEX 184	-17.0792	-20.8952	47.7199
			*MESH_VERTEX 185	-30.6169	-18.5797	147.313
			*MESH_VERTEX 186	-6.33169	-4.62046	164.889
			*MESH_VERTEX 187	-11.758	5.11239	50.0338
			*MESH_VERTEX 188	14.6259	0.941711	60.2567
			*MESH_VERTEX 189	20.1757	0.223673	49.8067
			*MESH_VERTEX 190	-20.1714	4.72433	-1.72784
			*MESH_VERTEX 191	6.20208	-21.8425	63.8166
			*MESH_VERTEX 192	-0.0794479	-21.4278	116.11
			*MESH_VERTEX 193	-26.9641	-10.3462	113.354
			*MESH_VERTEX 194	27.2645	-10.4208	112.473
			*MESH_VERTEX 195	-30.1828	-4.31872	119.831
			*MESH_VERTEX 196	25.3213	-5.61866	161.43
			*MESH_VERTEX 197	20.2147	4.349	-1.63612
			*MESH_VERTEX 198	-11.8809	5.49327	15.53
			*MESH_VERTEX 199	-28.7352	-5.61722	87.6619
			*MESH_VERTEX 200	6.38998	-4.89325	164.859
			*MESH_VERTEX 201	-10.8809	6.92534	162.31
			*MESH_VERTEX 202	-15.2562	12.8909	147.664
			*MESH_VERTEX 203	11.4595	6.74827	162.513
			*MESH_VERTEX 204	-13.6143	-21.5936	124.225
			*MESH_VERTEX 205	-26.8476	-8.98054	110.751
			*MESH_VERTEX 206	26.9879	-9.11261	109.894
			*MESH_VERTEX 207	28.8418	-5.66368	86.7961
			*MESH_VERTEX 208	28.0214	-5.03416	82.4422
			*MESH_VERTEX 209	-15.5558	-22.6145	64.3533
			*MESH_VERTEX 210	2.23921	-7.56625	60.7629
			*MESH_VERTEX 211	21.5525	5.41243	139.739
			*MESH_VERTEX 212	15.9305	12.7167	147.698
			*MESH_VERTEX 213	35.5709	-3.27889	110.884
			*MESH_VERTEX 214	-35.2812	-3.19517	111.87
			*MESH_VERTEX 215	20.0144	-17.8616	159.335
			*MESH_VERTEX 216	24.5349	4.70192	118.674
			*MESH_VERTEX 217	-28.0182	-4.97111	83.2938
			*MESH_VERTEX 218	1.5541	-19.0808	93.8224
			*MESH_VERTEX 219	-15.3911	-18.8422	88.7856
			*MESH_VERTEX 220	-11.6483	-16.6012	100.96
			*MESH_VERTEX 221	28.618	10.6306	138.495
			*MESH_VERTEX 222	15.5652	-18.2299	88.9696
			*MESH_VERTEX 223	11.1086	-17.2336	102.378
			*MESH_VERTEX 224	-20.4432	-6.77784	87.606
			*MESH_VERTEX 225	-11.5484	4.77158	85.6166
			*MESH_VERTEX 226	-2.25796	-7.61533	60.6191
			*MESH_VERTEX 227	33.1663	-8.29516	78.5101
			*MESH_VERTEX 228	-26.0688	-15.6315	85.0139
			*MESH_VERTEX 229	-31.8126	1.65075	117.879
			*MESH_VERTEX 230	-33.2159	-8.27397	79.46
			*MESH_VERTEX 231	26.1047	-15.7101	84.0984
			*MESH_VERTEX 232	-0.0145821	17.3574	139.002
			*MESH_VERTEX 233	-11.5109	6.77911	123.547
			*MESH_VERTEX 234	11.4428	6.83125	123.54
			*MESH_VERTEX 235	-0.064595	12.4151	123.012
			*MESH_VERTEX 236	-28.9858	4.98037	109.26
			*MESH_VERTEX 237	29.2496	4.92336	108.426
			*MESH_VERTEX 238	0.0463261	3.38852	156.199
			*MESH_VERTEX 239	-22.2527	-3.84596	118.702
			*MESH_VERTEX 240	-26.3968	-5.62992	119.279
			*MESH_VERTEX 241	17.6367	-7.399	130.054
			*MESH_VERTEX 242	26.6637	-5.91308	118.564
			*MESH_VERTEX 243	11.9086	5.56577	49.5842
			*MESH_VERTEX 244	-21.2359	5.42029	139.943
			*MESH_VERTEX 245	24.7523	-11.0248	138.691
			*MESH_VERTEX 246	24.8934	-11.3386	0.593421
			*MESH_VERTEX 247	-24.8493	-10.9912	0.273308
			*MESH_VERTEX 248	30.3363	-13.7465	92.2362
			*MESH_VERTEX 249	-10.5347	-23.0053	144.955
			*MESH_VERTEX 250	-12.2196	-20.6898	147.216
			*MESH_VERTEX 251	24.5389	5.8239	137.463
			*MESH_VERTEX 252	0.0991375	8.68422	94.6796
			*MESH_VERTEX 253	8.48604	7.23231	98.5471
			*MESH_VERTEX 254	11.0365	4.54455	116.65
			*MESH_VERTEX 255	-30.2831	-13.6893	93.0844
			*MESH_VERTEX 256	0.0290374	1.7687	167.418
			*MESH_VERTEX 257	22.3952	-18.0002	83.9382
			*MESH_VERTEX 258	12.6992	-20.8996	147.448
			*MESH_VERTEX 259	10.9428	-23.2137	145.049
			*MESH_VERTEX 260	-22.3608	-17.921	84.8239
			*MESH_VERTEX 261	14.4936	-4.17655	162.334
			*MESH_VERTEX 262	-11.4197	4.37063	116.526
			*MESH_VERTEX 263	-7.62035	-20.3795	47.2292
			*MESH_VERTEX 264	32.2046	1.26086	116.973
			*MESH_VERTEX 265	17.7804	-6.35883	117.56
			*MESH_VERTEX 266	17.8701	-5.96475	124.311
			*MESH_VERTEX 267	20.6979	-5.20454	129.513
			*MESH_VERTEX 268	13.8879	-22.6423	130.957
			*MESH_VERTEX 269	8.25968	-20.1537	47.6094
			*MESH_VERTEX 270	27.1442	-6.48737	157.833
			*MESH_VERTEX 271	-30.5355	2.51629	107.641
			*MESH_VERTEX 272	-24.8938	4.02965	116.852
			*MESH_VERTEX 273	-21.9002	-0.946185	108.324
			*MESH_VERTEX 274	31.5666	-5.01904	90.5383
			*MESH_VERTEX 275	32.5605	-5.56857	86.323
			*MESH_VERTEX 276	33.0257	-10.2085	91.4549
			*MESH_VERTEX 277	-0.0139485	-23.7223	117.794
			*MESH_VERTEX 278	22.1845	-1.06566	107.553
			*MESH_VERTEX 279	-13.3603	-3.9582	162.386
			*MESH_VERTEX 280	20.3573	-8.07654	49.0556
			*MESH_VERTEX 281	0.11541	-9.61641	84.5317
			*MESH_VERTEX 282	-5.47976	-21.3352	87.8348
			*MESH_VERTEX 283	30.7652	2.40441	106.648
			*MESH_VERTEX 284	25.3435	3.70923	115.843
			*MESH_VERTEX 285	-24.6908	-10.6961	138.855
			*MESH_VERTEX 286	-27.6792	-6.76594	158.192
			*MESH_VERTEX 287	18.9451	-6.4078	101.733
			*MESH_VERTEX 288	9.52633	3.08803	110.037
			*MESH_VERTEX 289	12.9444	3.31333	104.831
			*MESH_VERTEX 290	-31.5426	-4.93949	91.4566
			*MESH_VERTEX 291	-32.4629	-5.50052	87.2091
			*MESH_VERTEX 292	16.9861	-5.45153	134.855
			*MESH_VERTEX 293	13.1665	-15.2435	158.099
			*MESH_VERTEX 294	29.8918	-4.54882	136.114
			*MESH_VERTEX 295	31.8899	-2.43574	117.484
			*MESH_VERTEX 296	-0.0394464	7.54729	105.632
			*MESH_VERTEX 297	0.103237	-9.54141	162.351
			*MESH_VERTEX 298	-33.0074	-10.1122	92.3175
			*MESH_VERTEX 299	-11.7046	-15.0308	158.258
			*MESH_VERTEX 300	-16.3141	-6.64188	109.73
			*MESH_VERTEX 301	-10.4252	2.21917	109.74
			*MESH_VERTEX 302	-12.5328	4.38853	105
			*MESH_VERTEX 303	-20.5617	-15.4127	83.2193
			*MESH_VERTEX 304	20.5716	-15.4766	82.3845
			*MESH_VERTEX 305	-21.2722	12.1157	147.263
			*MESH_VERTEX 306	9.93152	-15.5409	-0.50634
			*MESH_VERTEX 307	-9.86608	-15.1641	-0.651438
			*MESH_VERTEX 308	-22.7153	-9.92413	131.958
			*MESH_VERTEX 309	16.701	-2.44493	131.342
			*MESH_VERTEX 310	16.9242	-0.587298	98.8293
			*MESH_VERTEX 311	-31.5709	-2.03687	120.133
			*MESH_VERTEX 312	-26.7318	3.16663	138.236
			*MESH_VERTEX 313	-15.656	-2.49562	131.925
			*MESH_VERTEX 314	-3.13379	4.116	85.2622
			*MESH_VERTEX 315	-28.0582	-8.38453	136.934
			*MESH_VERTEX 316	3.61853	4.33089	86.0028
			*MESH_VERTEX 317	23.4451	-17.0334	154.816
			*MESH_VERTEX 318	6.22535	-4.19215	156.086
			*MESH_VERTEX 319	-19.1465	-4.91744	100.655
			*MESH_VERTEX 320	-24.918	-4.9981	143.858
			*MESH_VERTEX 321	21.9825	11.8994	147.198
			*MESH_VERTEX 322	16.1202	-5.3645	110.405
			*MESH_VERTEX 323	0.779868	-9.91964	84.817
			*MESH_VERTEX 324	5.82701	-19.4259	87.571
			*MESH_VERTEX 325	-5.97056	-4.40833	156.034
			*MESH_VERTEX 326	-3.90145	0.00722148	49.0615
			*MESH_VERTEX 327	-33.9933	-3.82197	109.511
			*MESH_VERTEX 328	26.2198	4.90222	155.564
			*MESH_VERTEX 329	-22.8762	-0.1072	116.771
			*MESH_VERTEX 330	-27.3188	-16.6286	79.2078
			*MESH_VERTEX 331	34.1665	-4.0233	108.562
			*MESH_VERTEX 332	27.2542	-16.6406	78.2765
			*MESH_VERTEX 333	-20.5577	-9.09266	48.9213
			*MESH_VERTEX 334	-0.0707814	-21.4087	110.18
			*MESH_VERTEX 335	-2.2679	-19.0682	93.8583
			*MESH_VERTEX 336	23.2341	-0.399912	115.968
			*MESH_VERTEX 337	-20.7115	-5.30892	129.529
			*MESH_VERTEX 338	-13.7969	-22.7264	130.966
			*MESH_VERTEX 339	25.331	-4.90901	144.007
			*MESH_VERTEX 340	-24.0009	-17.1738	154.98
			*MESH_VERTEX 341	25.0769	-8.14343	122.343
			*MESH_VERTEX 342	17.5887	-21.9896	146.327
			*MESH_VERTEX 343	-12.176	10.8756	129.841
			*MESH_VERTEX 344	-17.9084	-6.44824	117.429
			*MESH_VERTEX 345	-18.2961	-6.13276	123.98
			*MESH_VERTEX 346	-25.2339	-8.25152	122.551
			*MESH_VERTEX 347	-22.1963	-12.6718	82.7127
			*MESH_VERTEX 348	12.1074	10.9191	129.832
			*MESH_VERTEX 349	-16.2514	1.50811	97.5646
			*MESH_VERTEX 350	20.6538	-8.17904	88.8629
			*MESH_VERTEX 351	18.2066	-10.2011	133.939
			*MESH_VERTEX 352	22.1977	-12.7306	81.8809
			*MESH_VERTEX 353	-26.8844	4.65826	156.139
			*MESH_VERTEX 354	-0.0369767	14.3505	130.118
			*MESH_VERTEX 355	-0.0229075	-13.4235	156.141
			*MESH_VERTEX 356	0.0110228	-4.02664	158.863
			*MESH_VERTEX 357	-0.00894368	8.4548	117.168
			*MESH_VERTEX 358	28.1926	-4.0643	90.2333
			*MESH_VERTEX 359	-28.1822	-3.98375	91.157
			*MESH_VERTEX 360	27.9559	2.76411	137.78
			*MESH_VERTEX 361	29.1452	4.71924	119.44
			*MESH_VERTEX 362	21.1314	-23.0347	134.712
			*MESH_VERTEX 363	-29.1233	4.15934	117.451
			*MESH_VERTEX 364	-24.0198	4.81108	119.736
			*MESH_VERTEX 365	-0.164072	5.90873	110.152
			*MESH_VERTEX 366	5.38302	-25.2683	136.342
			*MESH_VERTEX 367	12.5848	3.16006	86.5777
			*MESH_VERTEX 368	-2.82507	-5.93587	48.3011
			*MESH_VERTEX 369	11.5121	-15.3668	110.792
			*MESH_VERTEX 370	23.4864	-10.1292	131.422
			*MESH_VERTEX 371	26.9099	-9.48099	134.503
			*MESH_VERTEX 372	23.138	-4.23837	116.49
			*MESH_VERTEX 373	-11.9689	-17.116	117.552
			*MESH_VERTEX 374	-17.0709	-21.7209	146.179
			*MESH_VERTEX 375	3.47695	-0.00921017	48.7567
			*MESH_VERTEX 376	-22.8596	-3.95158	117.116
			*MESH_VERTEX 377	2.78458	-6.02635	48.1825
			*MESH_VERTEX 378	-31.5666	-2.05314	118.219
			*MESH_VERTEX 379	-30.1421	-4.35621	118.166
			*MESH_VERTEX 380	32.1029	1.9819	119.57
			*MESH_VERTEX 381	30.4178	-4.72182	117.531
			*MESH_VERTEX 382	-11.2794	-16.4567	110.222
			*MESH_VERTEX 383	11.6857	-16.8976	117.871
			*MESH_VERTEX 384	-5.31069	-25.2893	136.346
			*MESH_VERTEX 385	31.8778	-2.35395	119.439
			*MESH_VERTEX 386	-31.6904	2.2557	120.424
			*MESH_VERTEX 387	26.8514	-6.04427	117.235
			*MESH_VERTEX 388	17.9064	-2.24359	93.6266
			*MESH_VERTEX 389	-26.6115	-5.72486	117.805
			*MESH_VERTEX 390	-20.6983	-22.3911	135.223
			*MESH_VERTEX 391	29.56	3.80088	116.424
			*MESH_VERTEX 392	-23.5803	-13.6953	78.7333
			*MESH_VERTEX 393	-28.6673	4.89167	120.492
			*MESH_VERTEX 394	23.5104	-13.7022	77.8826
			*MESH_VERTEX 395	-18.2959	-1.96404	92.5463
			*MESH_VERTEX 396	0.0516559	8.25782	100.385
			*MESH_VERTEX 397	-22.0631	-0.0013334	118.851
			*MESH_VERTEX 398	22.4269	-0.196419	117.999
			*MESH_VERTEX 399	-0.00789913	-25.1982	124.065
		}
		*MESH_FACE_LIST {
			*MESH_FACE    0:    A:    135 B:    78 C:    312 AB:    1 BC:    1 CA:    1	 *MESH_SMOOTHING 1 	*MESH_MTLID 0
			*MESH_FACE    1:    A:    397 B:    65 C:    313 AB:    1 BC:    1 CA:    1	 *MESH_SMOOTHING 1 	*MESH_MTLID 0
			*MESH_FACE    2:    A:    103 B:    398 C:    309 AB:    1 BC:    1 CA:    1	 *MESH_SMOOTHING 1 	*MESH_MTLID 0
			*MESH_FACE    3:    A:    385 B:    360 C:    294 AB:    1 BC:    1 CA:    1	 *MESH_SMOOTHING 1 	*MESH_MTLID 0
			*MESH_FACE    4:    A:    68 B:    325 C:    39 AB:    1 BC:    1 CA:    1	 *MESH_SMOOTHING 1 	*MESH_MTLID 0
			*MESH_FACE    5:    A:    41 B:    39 C:    318 AB:    1 BC:    1 CA:    1	 *MESH_SMOOTHING 1 	*MESH_MTLID 0
			*MESH_FACE    6:    A:    74 B:    200 C:    38 AB:    1 BC:    1 CA:    1	 *MESH_SMOOTHING 1 	*MESH_MTLID 0
			*MESH_FACE    7:    A:    245 B:    241 C:    370 AB:    1 BC:    1 CA:    1	 *MESH_SMOOTHING 1 	*MESH_MTLID 0
			*MESH_FACE    8:    A:    308 B:    346 C:    151 AB:    1 BC:    1 CA:    1	 *MESH_SMOOTHING 1 	*MESH_MTLID 0
			*MESH_FACE    9:    A:    398 B:    103 C:    216 AB:    1 BC:    1 CA:    1	 *MESH_SMOOTHING 1 	*MESH_MTLID 0
			*MESH_FACE    10:    A:    149 B:    341 C:    241 AB:    1 BC:    1 CA:    1	 *MESH_SMOOTHING 1 	*MESH_MTLID 0
			*MESH_FACE    11:    A:    251 B:    361 C:    216 AB:    1 BC:    1 CA:    1	 *MESH_SMOOTHING 1 	*MESH_MTLID 0
			*MESH_FACE    12:    A:    65 B:    397 C:    364 AB:    1 BC:    1 CA:    1	 *MESH_SMOOTHING 1 	*MESH_MTLID 0
			*MESH_FACE    13:    A:    346 B:    239 C:    151 AB:    1 BC:    1 CA:    1	 *MESH_SMOOTHING 1 	*MESH_MTLID 0
			*MESH_FACE    14:    A:    364 B:    393 C:    146 AB:    1 BC:    1 CA:    1	 *MESH_SMOOTHING 1 	*MESH_MTLID 0
			*MESH_FACE    15:    A:    66 B:    65 C:    11 AB:    1 BC:    1 CA:    1	 *MESH_SMOOTHING 1 	*MESH_MTLID 0
			*MESH_FACE    16:    A:    146 B:    65 C:    364 AB:    1 BC:    1 CA:    1	 *MESH_SMOOTHING 1 	*MESH_MTLID 0
			*MESH_FACE    17:    A:    131 B:    65 C:    66 AB:    1 BC:    1 CA:    1	 *MESH_SMOOTHING 1 	*MESH_MTLID 0
			*MESH_FACE    18:    A:    40 B:    186 C:    67 AB:    1 BC:    1 CA:    1	 *MESH_SMOOTHING 1 	*MESH_MTLID 0
			*MESH_FACE    19:    A:    38 B:    238 C:    74 AB:    1 BC:    1 CA:    1	 *MESH_SMOOTHING 1 	*MESH_MTLID 0
			*MESH_FACE    20:    A:    297 B:    68 C:    39 AB:    1 BC:    1 CA:    1	 *MESH_SMOOTHING 1 	*MESH_MTLID 0
			*MESH_FACE    21:    A:    385 B:    371 C:    148 AB:    1 BC:    1 CA:    1	 *MESH_SMOOTHING 1 	*MESH_MTLID 0
			*MESH_FACE    22:    A:    312 B:    311 C:    135 AB:    1 BC:    1 CA:    1	 *MESH_SMOOTHING 1 	*MESH_MTLID 0
			*MESH_FACE    23:    A:    74 B:    238 C:    256 AB:    1 BC:    1 CA:    1	 *MESH_SMOOTHING 1 	*MESH_MTLID 0
			*MESH_FACE    24:    A:    216 B:    103 C:    251 AB:    1 BC:    1 CA:    1	 *MESH_SMOOTHING 1 	*MESH_MTLID 0
			*MESH_FACE    25:    A:    146 B:    11 C:    65 AB:    1 BC:    1 CA:    1	 *MESH_SMOOTHING 1 	*MESH_MTLID 0
			*MESH_FACE    26:    A:    103 B:    292 C:    102 AB:    1 BC:    1 CA:    1	 *MESH_SMOOTHING 1 	*MESH_MTLID 0
