*3DSMAX_ASCIIEXPORT	110
*COMMENT "[ GothicSourcer v3.10 ] - August 2006"
*SCENE {
	*SCENE_FILENAME "ARMOR_MIL_M.MAX"
	*SCENE_FIRSTFRAME 0
	*SCENE_LASTFRAME 100
	*SCENE_FRAMESPEED 25
	*SCENE_TICKSPERFRAME 192
	*SCENE_BACKGROUND_STATIC 0	0	0
	*SCENE_AMBIENT_STATIC 0.2	0.2	0.2
}
*MATERIAL_LIST {
	*MATERIAL_COUNT 1
	*MATERIAL 0 {
		*MATERIAL_NAME "Compound Material #1"
		*MATERIAL_CLASS "Multi/Sub-Object"
		*NUMSUBMTLS 2
		*SUBMATERIAL 0 {
			*MATERIAL_NAME "SOLDIER01"
			*MATERIAL_CLASS "Standard"
			*MATERIAL_AMBIENT 0.164706	0.117647	0.105882
			*MATERIAL_DIFFUSE 0.164706	0.117647	0.105882
			*MATERIAL_SPECULAR 0.9	0.9	0.9
			*MATERIAL_SHINE 0.1
			*MATERIAL_SHINESTRENGTH 0
			*MATERIAL_TRANSPARENCY 0
			*MATERIAL_WIRESIZE 1
			*MATERIAL_SHADING Blinn
			*MATERIAL_XP_FALLOFF 0
			*MATERIAL_SELFILLUM 0
			*MATERIAL_FALLOFF In
			*MATERIAL_XP_TYPE Filter
			*MAP_DIFFUSE {
				*MAP_NAME "Map #1-1"
				*MAP_CLASS "Bitmap"
				*MAP_SUBNO 1
				*MAP_AMOUNT 1
				*BITMAP "HUM_WACHE_V2.TGA"
				*MAP_TYPE Screen
				*UVW_U_OFFSET 0
				*UVW_V_OFFSET 0
				*UVW_U_TILING 1
				*UVW_V_TILING 1
				*UVW_ANGLE 0
				*UVW_BLUR 1
				*UVW_BLUR_OFFSET 0
				*UVW_NOUSE_AMT 1
				*UVW_NOISE_SIZE 1
				*UVW_NOISE_LEVEL 1
				*UVW_NOISE_PHASE 0
				*BITMAP_FILTER Pyramidal
			}
		}
		*SUBMATERIAL 1 {
			*MATERIAL_NAME "NACKED_MUSCEL0"
			*MATERIAL_CLASS "Standard"
			*MATERIAL_AMBIENT 0.509804	0.407843	0.305882
			*MATERIAL_DIFFUSE 0.509804	0.407843	0.305882
			*MATERIAL_SPECULAR 0.9	0.9	0.9
			*MATERIAL_SHINE 0.1
			*MATERIAL_SHINESTRENGTH 0
			*MATERIAL_TRANSPARENCY 0
			*MATERIAL_WIRESIZE 1
			*MATERIAL_SHADING Blinn
			*MATERIAL_XP_FALLOFF 0
			*MATERIAL_SELFILLUM 0
			*MATERIAL_FALLOFF In
			*MATERIAL_XP_TYPE Filter
			*MAP_DIFFUSE {
				*MAP_NAME "Map #1-2"
				*MAP_CLASS "Bitmap"
				*MAP_SUBNO 1
				*MAP_AMOUNT 1
				*BITMAP "HUM_BODY_NAKED_V0_C0.TGA"
				*MAP_TYPE Screen
				*UVW_U_OFFSET 0
				*UVW_V_OFFSET 0
				*UVW_U_TILING 1
				*UVW_V_TILING 1
				*UVW_ANGLE 0
				*UVW_BLUR 1
				*UVW_BLUR_OFFSET 0
				*UVW_NOUSE_AMT 1
				*UVW_NOISE_SIZE 1
				*UVW_NOISE_LEVEL 1
				*UVW_NOISE_PHASE 0
				*BITMAP_FILTER Pyramidal
			}
		}
	}
}
*HELPEROBJECT {
	*NODE_NAME "Bip01"
	*NODE_TM {
		*NODE_NAME "Bip01"
		*TM_ROW0 6.27438e-006	-1	0
		*TM_ROW1 1	6.27438e-006	0
		*TM_ROW2 -0	-0	1
		*TM_ROW3 0	-7.37745	99.9496
		*TM_POS 0	-7.37745	99.9496
		*TM_ROTAXIS 0	0	1
		*TM_ROTANGLE 1.57079
		*TM_SCALE 1	1	1
		*TM_SCALEAXIS 0	0	0
		*TM_SCALEAXISANG 0	0	0
	}
}
*HELPEROBJECT {
	*NODE_NAME "Bip01 Pelvis"
	*NODE_PARENT "Bip01"
	*NODE_TM {
		*NODE_NAME "Bip01 Pelvis"
		*TM_ROW0 -5.96014e-008	1.79264e-006	1
		*TM_ROW1 -1.79264e-006	-1	1.79264e-006
		*TM_ROW2 1	-1.79264e-006	-5.96014e-008
		*TM_ROW3 1e-005	-8.0113	99.9496
		*TM_POS 1e-005	-8.0113	99.9496
		*TM_ROTAXIS 0.707107	0	0.707107
		*TM_ROTANGLE 3.1416
		*TM_SCALE 1	1	1
		*TM_SCALEAXIS 0	0	0
		*TM_SCALEAXISANG 0	0	0
	}
}
*HELPEROBJECT {
	*NODE_NAME "Bip01 Spine"
	*NODE_PARENT "Bip01 Pelvis"
	*NODE_TM {
		*NODE_NAME "Bip01 Spine"
		*TM_ROW0 6.6944e-008	-0.0205947	0.999788
		*TM_ROW1 5.48642e-006	-0.999788	-0.0205947
		*TM_ROW2 1	5.48642e-006	6.6944e-008
		*TM_ROW3 1e-005	-7.92216	102.35
		*TM_POS 1e-005	-7.92216	102.35
		*TM_ROTAXIS 0.707088	-0.00727998	0.707088
		*TM_ROTANGLE 3.12703
		*TM_SCALE 1	1	1
		*TM_SCALEAXIS 0	0	0
		*TM_SCALEAXISANG 0	0	0
	}
}
*HELPEROBJECT {
	*NODE_NAME "Bip01 Spine1"
	*NODE_PARENT "Bip01 Spine"
	*NODE_TM {
		*NODE_NAME "Bip01 Spine1"
		*TM_ROW0 6.76996e-008	-0.00276992	0.999996
		*TM_ROW1 -1.92621e-006	-0.999996	-0.00276991
		*TM_ROW2 1	-1.92621e-006	6.76996e-008
		*TM_ROW3 1e-005	-8.11442	112.175
		*TM_POS 1e-005	-8.11442	112.175
		*TM_ROTAXIS -0.707107	0.000979995	-0.707106
		*TM_ROTANGLE 3.14355
		*TM_SCALE 1	1	1
		*TM_SCALEAXIS 0	0	0
		*TM_SCALEAXISANG 0	0	0
	}
}
*HELPEROBJECT {
	*NODE_NAME "Bip01 Spine2"
	*NODE_PARENT "Bip01 Spine1"
	*NODE_TM {
		*NODE_NAME "Bip01 Spine2"
		*TM_ROW0 3.48622e-008	0.180243	0.983622
		*TM_ROW1 1.67638e-006	-0.983622	0.180243
		*TM_ROW2 1	1.67638e-006	3.48621e-008
		*TM_ROW3 1e-005	-8.1264	124.961
		*TM_POS 1e-005	-8.1264	124.961
		*TM_ROTAXIS 0.705652	0.0641202	0.705652
		*TM_ROTANGLE 3.26966
		*TM_SCALE 1	1	1
		*TM_SCALEAXIS 0	0	0
		*TM_SCALEAXISANG 0	0	0
	}
}
*HELPEROBJECT {
	*NODE_NAME "Bip01 Neck"
	*NODE_PARENT "Bip01 Spine2"
	*NODE_TM {
		*NODE_NAME "Bip01 Neck"
		*TM_ROW0 6.08698e-007	-0.167043	0.98595
		*TM_ROW1 4.70132e-006	-0.98595	-0.167043
		*TM_ROW2 1	4.70132e-006	6.08698e-007
		*TM_ROW3 -2.11471e-012	-2.71656	154.454
		*TM_POS -2.11471e-012	-2.71656	154.454
		*TM_ROTAXIS -0.70586	0.05937	-0.705859
		*TM_ROTANGLE 3.2602
		*TM_SCALE 1	1	1
		*TM_SCALEAXIS 0	0	0
		*TM_SCALEAXISANG 0	0	0
	}
}
*HELPEROBJECT {
	*NODE_NAME "Bip01 Head"
	*NODE_PARENT "Bip01 Neck"
	*NODE_TM {
		*NODE_NAME "Bip01 Head"
		*TM_ROW0 -5.96015e-008	1.76921e-006	1
		*TM_ROW1 -1.79264e-006	-1	1.77916e-006
		*TM_ROW2 1	-1.79264e-006	-5.96014e-008
		*TM_ROW3 1.63729e-011	-3.85901	161.198
		*TM_POS 1.63729e-011	-3.85901	161.198
		*TM_ROTAXIS -0.707107	4.76653e-009	-0.707107
		*TM_ROTANGLE 3.14159
		*TM_SCALE 1	1	1
		*TM_SCALEAXIS 0	0	0
		*TM_SCALEAXISANG 0	0	0
	}
}
*HELPEROBJECT {
	*NODE_NAME "ZS_HELMET"
	*NODE_PARENT "Bip01 Head"
	*NODE_TM {
		*NODE_NAME "ZS_HELMET"
		*TM_ROW0 1	5.73874e-013	4.35659e-014
		*TM_ROW1 -4.07319e-013	0.996917	-0.0784593
		*TM_ROW2 -4.76109e-014	0.0784593	0.996918
		*TM_ROW3 1e-005	-7.06248	173.704
		*TM_POS 1e-005	-7.06248	173.704
		*TM_ROTAXIS 1	5.81045e-013	-6.25288e-012
		*TM_ROTANGLE 0.078541
		*TM_SCALE 1	1	1
		*TM_SCALEAXIS 0	0	0
		*TM_SCALEAXISANG 0	0	0
	}
}
*HELPEROBJECT {
	*NODE_NAME "Bip01 L Clavicle"
	*NODE_PARENT "Bip01 Neck"
	*NODE_TM {
		*NODE_NAME "Bip01 L Clavicle"
		*TM_ROW0 0.935229	-0.203893	-0.289439
		*TM_ROW1 0.156435	0.971369	-0.178803
		*TM_ROW2 0.317608	0.121943	0.940348
		*TM_ROW3 7.96399	-1.25804	148.729
		*TM_POS 7.96399	-1.25804	148.729
		*TM_ROTAXIS 0.391939	-0.791119	0.469589
		*TM_ROTANGLE 0.39376
		*TM_SCALE 1	1	1
		*TM_SCALEAXIS 0	0	0
		*TM_SCALEAXISANG 0	0	0
	}
}
*HELPEROBJECT {
	*NODE_NAME "Bip01 L UpperArm"
	*NODE_PARENT "Bip01 L Clavicle"
	*NODE_TM {
		*NODE_NAME "Bip01 L UpperArm"
		*TM_ROW0 0.246229	0.0989026	-0.964152
		*TM_ROW1 0.412789	0.889345	0.196649
		*TM_ROW2 0.876913	-0.446412	0.178157
		*TM_ROW3 20.4269	-3.97508	144.872
		*TM_POS 20.4269	-3.97508	144.872
		*TM_ROTAXIS -0.325561	-0.932072	0.15891
		*TM_ROTANGLE 1.41328
		*TM_SCALE 1	1	1
		*TM_SCALEAXIS 0	0	0
		*TM_SCALEAXISANG 0	0	0
	}
}
*HELPEROBJECT {
	*NODE_NAME "Bip01 L Forearm"
	*NODE_PARENT "Bip01 L UpperArm"
	*NODE_TM {
		*NODE_NAME "Bip01 L Forearm"
		*TM_ROW0 0.0455122	-0.291882	-0.955371
		*TM_ROW1 0.478489	0.845886	-0.235638
		*TM_ROW2 0.876913	-0.44641	0.17816
		*TM_ROW3 27.2982	-1.21526	117.966
		*TM_POS 27.2982	-1.21526	117.966
		*TM_ROTAXIS -0.10545	-0.916697	0.385419
		*TM_ROTANGLE 1.53601
		*TM_SCALE 1	1	1
		*TM_SCALEAXIS 0	0	0
		*TM_SCALEAXISANG 0	0	0
	}
}
*HELPEROBJECT {
	*NODE_NAME "Bip01 L Hand"
	*NODE_PARENT "Bip01 L Forearm"
	*NODE_TM {
		*NODE_NAME "Bip01 L Hand"
		*TM_ROW0 0.0455132	-0.291886	-0.95537
		*TM_ROW1 -0.876533	0.44708	-0.17835
		*TM_ROW2 0.479185	0.845531	-0.2355
		*TM_ROW3 28.5642	-9.33439	91.391
		*TM_POS 28.5642	-9.33439	91.391
		*TM_ROTAXIS 0.551391	-0.772552	-0.314851
		*TM_ROTANGLE 1.95137
		*TM_SCALE 1	1	1
		*TM_SCALEAXIS 0	0	0
		*TM_SCALEAXISANG 0	0	0
	}
}
*HELPEROBJECT {
	*NODE_NAME "Bip01 L Finger0"
	*NODE_PARENT "Bip01 L Hand"
	*NODE_TM {
		*NODE_NAME "Bip01 L Finger0"
		*TM_ROW0 0.0455152	-0.291888	-0.955369
		*TM_ROW1 -0.876915	0.446405	-0.178165
		*TM_ROW2 0.478485	0.845886	-0.235643
		*TM_ROW3 29.15	-13.0909	79.0956
		*TM_POS 29.15	-13.0909	79.0956
		*TM_ROTAXIS 0.551581	-0.772311	-0.31511
		*TM_ROTANGLE 1.95181
		*TM_SCALE 1	1	1
		*TM_SCALEAXIS 0	0	0
		*TM_SCALEAXISANG 0	0	0
	}
}
*HELPEROBJECT {
	*NODE_NAME "ZS_LEFTHAND"
	*NODE_PARENT "Bip01 L Hand"
	*NODE_TM {
		*NODE_NAME "ZS_LEFTHAND"
		*TM_ROW0 0.435606	0.890062	-0.134303
		*TM_ROW1 0.180312	-0.232461	-0.955745
		*TM_ROW2 -0.881893	0.392112	-0.261751
		*TM_ROW3 26.7605	-11.5468	82.7857
		*TM_POS 26.7605	-11.5468	82.7857
		*TM_ROTAXIS 0.794322	0.440571	-0.418271
		*TM_ROTANGLE 2.12858
		*TM_SCALE 1	1	1
		*TM_SCALEAXIS 0	0	0
		*TM_SCALEAXISANG 0	0	0
	}
}
*HELPEROBJECT {
	*NODE_NAME "ZS_LEFTARM"
	*NODE_PARENT "Bip01 L Forearm"
	*NODE_TM {
		*NODE_NAME "ZS_LEFTARM"
		*TM_ROW0 0.0759923	-0.150176	-0.985735
		*TM_ROW1 0.524499	0.846792	-0.0885736
		*TM_ROW2 0.848013	-0.510285	0.143117
		*TM_ROW3 26.9101	-7.67833	110.055
		*TM_POS 26.9101	-7.67833	110.055
		*TM_ROTAXIS -0.21097	-0.917372	0.337521
		*TM_ROTANGLE 1.53784
		*TM_SCALE 1	1	1
		*TM_SCALEAXIS 0	0	0
		*TM_SCALEAXISANG 0	0	0
	}
}
*HELPEROBJECT {
	*NODE_NAME "Bip01 R Clavicle"
	*NODE_PARENT "Bip01 Neck"
	*NODE_TM {
		*NODE_NAME "Bip01 R Clavicle"
		*TM_ROW0 -0.935227	-0.203899	-0.28944
		*TM_ROW1 -0.156442	0.971369	-0.178799
		*TM_ROW2 0.317609	-0.121937	-0.940349
		*TM_ROW3 -7.96398	-1.25806	148.729
		*TM_POS -7.96398	-1.25806	148.729
		*TM_ROTAXIS -0.0929799	0.992639	-0.0775999
		*TM_ROTANGLE 3.45235
		*TM_SCALE 1	1	1
		*TM_SCALEAXIS 0	0	0
		*TM_SCALEAXISANG 0	0	0
	}
}
*HELPEROBJECT {
	*NODE_NAME "Bip01 R UpperArm"
	*NODE_PARENT "Bip01 R Clavicle"
	*NODE_TM {
		*NODE_NAME "Bip01 R UpperArm"
		*TM_ROW0 -0.246232	0.0988932	-0.964153
		*TM_ROW1 -0.412793	0.889345	0.196642
		*TM_ROW2 0.876911	0.446415	-0.178163
		*TM_ROW3 -20.4269	-3.97513	144.872
		*TM_POS -20.4269	-3.97513	144.872
		*TM_ROTAXIS 0.12961	-0.955353	-0.265521
		*TM_ROTANGLE 1.84162
		*TM_SCALE 1	1	1
		*TM_SCALEAXIS 0	0	0
		*TM_SCALEAXISANG 0	0	0
	}
}
*HELPEROBJECT {
	*NODE_NAME "Bip01 R Forearm"
	*NODE_PARENT "Bip01 R UpperArm"
	*NODE_TM {
		*NODE_NAME "Bip01 R Forearm"
		*TM_ROW0 -0.0455087	-0.291889	-0.955369
		*TM_ROW1 -0.478487	0.845885	-0.235646
		*TM_ROW2 0.876915	0.446408	-0.17816
		*TM_ROW3 -27.2982	-1.21534	117.966
		*TM_POS -27.2982	-1.21534	117.966
		*TM_ROTAXIS 0.347279	-0.932937	-0.0950097
		*TM_ROTANGLE 1.76083
		*TM_SCALE 1	1	1
		*TM_SCALEAXIS 0	0	0
		*TM_SCALEAXISANG 0	0	0
	}
}
*HELPEROBJECT {
	*NODE_NAME "Bip01 R Hand"
	*NODE_PARENT "Bip01 R Forearm"
	*NODE_TM {
		*NODE_NAME "Bip01 R Hand"
		*TM_ROW0 -0.0455115	-0.291885	-0.95537
		*TM_ROW1 0.87653	0.447088	-0.17835
		*TM_ROW2 0.479192	-0.845527	0.235499
		*TM_ROW3 -28.5642	-9.33445	91.3911
		*TM_POS -28.5642	-9.33445	91.3911
		*TM_ROTAXIS -0.33922	-0.72939	0.59407
		*TM_ROTANGLE 1.75327
		*TM_SCALE 1	1	1
		*TM_SCALEAXIS 0	0	0
		*TM_SCALEAXISANG 0	0	0
	}
}
*HELPEROBJECT {
	*NODE_NAME "Bip01 R Finger0"
	*NODE_PARENT "Bip01 R Hand"
	*NODE_TM {
		*NODE_NAME "Bip01 R Finger0"
		*TM_ROW0 -0.0455056	-0.291877	-0.955373
		*TM_ROW1 0.876914	0.446413	-0.178152
		*TM_ROW2 0.478489	-0.845886	0.235636
		*TM_ROW3 -29.1499	-13.0909	79.0956
		*TM_POS -29.1499	-13.0909	79.0956
		*TM_ROTAXIS -0.33952	-0.729071	0.594291
		*TM_ROTANGLE 1.75354
		*TM_SCALE 1	1	1
		*TM_SCALEAXIS 0	0	0
		*TM_SCALEAXISANG 0	0	0
	}
}
*HELPEROBJECT {
	*NODE_NAME "ZS_RIGHTHAND"
	*NODE_PARENT "Bip01 R Hand"
	*NODE_TM {
		*NODE_NAME "ZS_RIGHTHAND"
		*TM_ROW0 -0.464344	0.856417	-0.225687
		*TM_ROW1 0.177861	0.339806	0.923525
		*TM_ROW2 0.867612	0.388692	-0.31011
		*TM_ROW3 -20.9389	-19.9852	85.8932
		*TM_POS -20.9389	-19.9852	85.8932
		*TM_ROTAXIS 0.383811	0.784581	0.486951
		*TM_ROTANGLE 3.91244
		*TM_SCALE 1	1	1
		*TM_SCALEAXIS 0	0	0
		*TM_SCALEAXISANG 0	0	0
	}
}
*HELPEROBJECT {
	*NODE_NAME "ZS_CROSSBOW"
	*NODE_PARENT "Bip01 Spine2"
	*NODE_TM {
		*NODE_NAME "ZS_CROSSBOW"
		*TM_ROW0 -0.382687	-0.111464	0.91713
		*TM_ROW1 -0.923878	0.0461715	-0.379891
		*TM_ROW2 -1.2517e-006	-0.992695	-0.120648
		*TM_ROW3 -14.434	10.5915	165.98
		*TM_POS -14.434	10.5915	165.98
		*TM_ROTAXIS -0.447329	0.669479	-0.593039
		*TM_ROTANGLE 2.38705
		*TM_SCALE 1	1	1
		*TM_SCALEAXIS 0	0	0
		*TM_SCALEAXISANG 0	0	0
	}
}
*HELPEROBJECT {
	*NODE_NAME "ZS_LONGSWORD"
	*NODE_PARENT "Bip01 Spine2"
	*NODE_TM {
		*NODE_NAME "ZS_LONGSWORD"
		*TM_ROW0 -0.499829	-0.0915011	0.861277
		*TM_ROW1 -0.865729	0.0828188	-0.493614
		*TM_ROW2 -0.0261636	-0.992355	-0.12061
		*TM_ROW3 -18.1593	6.92629	157.64
		*TM_POS -18.1593	6.92629	157.64
		*TM_ROTAXIS -0.38996	0.69388	-0.60536
		*TM_ROTANGLE 2.44778
		*TM_SCALE 1	1	1
		*TM_SCALEAXIS 0	0	0
		*TM_SCALEAXISANG 0	0	0
	}
}
*HELPEROBJECT {
	*NODE_NAME "ZS_SHIELD"
	*NODE_PARENT "Bip01 Spine2"
	*NODE_TM {
		*NODE_NAME "ZS_SHIELD"
		*TM_ROW0 -0.0138681	0.114196	-0.993362
		*TM_ROW1 -0.908393	0.413755	0.0602465
		*TM_ROW2 0.417888	0.903198	0.0979964
		*TM_ROW3 8.76511	9.5282	131.875
		*TM_POS 8.76511	9.5282	131.875
		*TM_ROTAXIS 0.435421	-0.728972	-0.528212
		*TM_ROTANGLE 1.82457
		*TM_SCALE 1	1	1
		*TM_SCALEAXIS 0	0	0
		*TM_SCALEAXISANG 0	0	0
	}
}
*HELPEROBJECT {
	*NODE_NAME "ZS_BOW"
	*NODE_PARENT "Bip01 Spine2"
	*NODE_TM {
		*NODE_NAME "ZS_BOW"
		*TM_ROW0 -0.341816	-0.0868229	0.935748
		*TM_ROW1 0.0119438	0.995242	0.0967059
		*TM_ROW2 -0.939691	0.044232	-0.339153
		*TM_ROW3 0.5012	12.4143	124.55
		*TM_POS 0.5012	12.4143	124.55
		*TM_ROTAXIS -0.0279299	0.998227	0.0525698
		*TM_ROTANGLE 1.92076
		*TM_SCALE 1	1	1
		*TM_SCALEAXIS 0	0	0
		*TM_SCALEAXISANG 0	0	0
	}
}
*HELPEROBJECT {
	*NODE_NAME "ZS_SWORD"
	*NODE_PARENT "Bip01 Spine"
	*NODE_TM {
		*NODE_NAME "ZS_SWORD"
		*TM_ROW0 5.79068e-007	-0.347172	0.937802
		*TM_ROW1 1.04308e-007	0.937802	0.347172
		*TM_ROW2 -1	-1.04308e-007	5.79068e-007
		*TM_ROW3 17.5015	-4.36211	106.367
		*TM_POS 17.5015	-4.36211	106.367
		*TM_ROTAXIS -0.17367	0.96937	0.17367
		*TM_ROTANGLE 1.6019
		*TM_SCALE 1	1	1
		*TM_SCALEAXIS 0	0	0
		*TM_SCALEAXISANG 0	0	0
	}
}
*HELPEROBJECT {
	*NODE_NAME "Bip01 L Thigh"
	*NODE_PARENT "Bip01 Pelvis"
	*NODE_TM {
		*NODE_NAME "Bip01 L Thigh"
		*TM_ROW0 0.0534879	-0.0367886	-0.997891
		*TM_ROW1 -0.00216181	-0.999323	0.0367256
		*TM_ROW2 -0.998566	0.000192882	-0.0535313
		*TM_ROW3 9.01023	-8.01129	99.9496
		*TM_POS 9.01023	-8.01129	99.9496
		*TM_ROTAXIS 0.72572	-0.01342	-0.68786
		*TM_ROTANGLE 3.16677
		*TM_SCALE 1	1	1
		*TM_SCALEAXIS 0	0	0
		*TM_SCALEAXISANG 0	0	0
	}
}
*HELPEROBJECT {
	*NODE_NAME "Bip01 L Calf"
	*NODE_PARENT "Bip01 L Thigh"
	*NODE_TM {
		*NODE_NAME "Bip01 L Calf"
		*TM_ROW0 0.0525131	0.197552	-0.978885
		*TM_ROW1 0.0103904	-0.980292	-0.197278
		*TM_ROW2 -0.998566	0.000188708	-0.0535307
		*TM_ROW3 11.1149	-9.45845	60.6877
		*TM_POS 11.1149	-9.45845	60.6877
		*TM_ROTAXIS 0.723901	0.0721501	-0.686121
		*TM_ROTANGLE 3.00478
		*TM_SCALE 1	1	1
		*TM_SCALEAXIS 0	0	0
		*TM_SCALEAXISANG 0	0	0
	}
}
*HELPEROBJECT {
	*NODE_NAME "Bip01 L Foot"
	*NODE_PARENT "Bip01 L Calf"
	*NODE_TM {
		*NODE_NAME "Bip01 L Foot"
		*TM_ROW0 -6.00563e-007	7.23674e-006	-1
		*TM_ROW1 0.173652	-0.984807	-7.2672e-006
		*TM_ROW2 -0.984807	-0.173652	-5.93313e-007
		*TM_ROW3 13.6935	0.240668	12.6267
		*TM_POS 13.6935	0.240668	12.6267
		*TM_ROTAXIS 0.705757	0.0617498	-0.705757
		*TM_ROTANGLE 3.26493
		*TM_SCALE 1	1	1
		*TM_SCALEAXIS 0	0	0
		*TM_SCALEAXISANG 0	0	0
	}
}
*HELPEROBJECT {
	*NODE_NAME "Bip01 L Toe0"
	*NODE_PARENT "Bip01 L Foot"
	*NODE_TM {
		*NODE_NAME "Bip01 L Toe0"
		*TM_ROW0 0.173646	-0.984808	5.05606e-006
		*TM_ROW1 5.06961e-006	5.93591e-006	1
		*TM_ROW2 -0.984808	-0.173646	5.91983e-006
		*TM_ROW3 17.6256	-22.0591	-2.43328e-006
		*TM_POS 17.6256	-22.0591	-2.43328e-006
		*TM_ROTAXIS -0.644398	0.540718	0.540718
		*TM_ROTANGLE 1.99673
		*TM_SCALE 1	1	1
		*TM_SCALEAXIS 0	0	0
		*TM_SCALEAXISANG 0	0	0
	}
}
*HELPEROBJECT {
	*NODE_NAME "Bip01 R Thigh"
	*NODE_PARENT "Bip01 Pelvis"
	*NODE_TM {
		*NODE_NAME "Bip01 R Thigh"
		*TM_ROW0 -0.0535034	-0.0367749	-0.99789
		*TM_ROW1 0.00205776	-0.999324	0.0367174
		*TM_ROW2 -0.998566	-8.89041e-005	0.0535432
		*TM_ROW3 -9.01021	-8.01132	99.9496
		*TM_POS -9.01021	-8.01132	99.9496
		*TM_ROTAXIS 0.687862	-0.01262	-0.725732
		*TM_ROTANGLE 3.16835
		*TM_SCALE 1	1	1
		*TM_SCALEAXIS 0	0	0
		*TM_SCALEAXISANG 0	0	0
	}
}
*HELPEROBJECT {
	*NODE_NAME "Bip01 R Calf"
	*NODE_PARENT "Bip01 R Thigh"
	*NODE_TM {
		*NODE_NAME "Bip01 R Calf"
		*TM_ROW0 -0.0525024	0.197539	-0.978888
		*TM_ROW1 -0.0104967	-0.980295	-0.19726
		*TM_ROW2 -0.998566	-8.16062e-005	0.0535415
		*TM_ROW3 -11.1154	-9.45856	60.6878
		*TM_POS -11.1154	-9.45856	60.6878
		*TM_ROTAXIS 0.686298	0.0684898	-0.724088
		*TM_ROTANGLE 2.99744
		*TM_SCALE 1	1	1
		*TM_SCALEAXIS 0	0	0
		*TM_SCALEAXISANG 0	0	0
	}
}
*HELPEROBJECT {
	*NODE_NAME "Bip01 R Foot"
	*NODE_PARENT "Bip01 R Calf"
	*NODE_TM {
		*NODE_NAME "Bip01 R Foot"
		*TM_ROW0 -5.86066e-007	-7.25461e-006	-1
		*TM_ROW1 -0.173652	-0.984807	7.24331e-006
		*TM_ROW2 -0.984807	0.173652	-5.91966e-007
		*TM_ROW3 -13.6935	0.24065	12.6267
		*TM_POS -13.6935	0.24065	12.6267
		*TM_ROTAXIS 0.705757	-0.0617498	-0.705757
		*TM_ROTANGLE 3.01826
		*TM_SCALE 1	1	1
		*TM_SCALEAXIS 0	0	0
		*TM_SCALEAXISANG 0	0	0
	}
}
*HELPEROBJECT {
	*NODE_NAME "Bip01 R Toe0"
	*NODE_PARENT "Bip01 R Foot"
	*NODE_TM {
		*NODE_NAME "Bip01 R Toe0"
		*TM_ROW0 -0.173651	-0.984807	3.50312e-006
		*TM_ROW1 3.50539e-006	3.00781e-006	1
		*TM_ROW2 -0.984808	0.173651	3.01546e-006
		*TM_ROW3 -17.6255	-22.0592	3.52698e-005
		*TM_POS -17.6255	-22.0592	3.52698e-005
		*TM_ROTAXIS 0.510271	-0.608121	-0.608121
		*TM_ROTANGLE 4.08526
		*TM_SCALE 1	1	1
		*TM_SCALEAXIS 0	0	0
		*TM_SCALEAXISANG 0	0	0
	}
}
*HELPEROBJECT {
	*NODE_NAME "Dummy"
	*NODE_PARENT "Bip01 L Finger0"
	*NODE_TM {
		*NODE_NAME "Dummy"
		*TM_ROW0 -1	-0	0
		*TM_ROW1 -0	-1	0
		*TM_ROW2 -0	-0	1
		*TM_ROW3 29.4428	-14.9691	72.9478
		*TM_POS 29.4428	-14.9691	72.9478
		*TM_ROTAXIS 0	0	-1
		*TM_ROTANGLE 3.14159
		*TM_SCALE 1	1	1
		*TM_SCALEAXIS 0	0	0
		*TM_SCALEAXISANG 0	0	0
	}
}
*HELPEROBJECT {
	*NODE_NAME "Dummy1"
	*NODE_PARENT "Bip01 R Finger0"
	*NODE_TM {
		*NODE_NAME "Dummy1"
		*TM_ROW0 -1	-0	0
		*TM_ROW1 -0	-1	0
		*TM_ROW2 -0	-0	1
		*TM_ROW3 -29.4428	-14.9692	72.9479
		*TM_POS -29.4428	-14.9692	72.9479
		*TM_ROTAXIS 0	0	-1
		*TM_ROTANGLE 3.14159
		*TM_SCALE 1	1	1
		*TM_SCALEAXIS 0	0	0
		*TM_SCALEAXISANG 0	0	0
	}
}
*HELPEROBJECT {
	*NODE_NAME "Dummy2"
	*NODE_PARENT "Bip01 L Toe0"
	*NODE_TM {
		*NODE_NAME "Dummy2"
		*TM_ROW0 -1	-0	0
		*TM_ROW1 -0	-1	0
		*TM_ROW2 -0	-0	1
		*TM_ROW3 19.5916	-33.209	-6.31336
		*TM_POS 19.5916	-33.209	-6.31336
		*TM_ROTAXIS 0	0	-1
		*TM_ROTANGLE 3.14159
		*TM_SCALE 1	1	1
		*TM_SCALEAXIS 0	0	0
		*TM_SCALEAXISANG 0	0	0
	}
}
*HELPEROBJECT {
	*NODE_NAME "Dummy3"
	*NODE_PARENT "Bip01 R Toe0"
	*NODE_TM {
		*NODE_NAME "Dummy3"
		*TM_ROW0 -1	-0	0
		*TM_ROW1 -0	-1	0
		*TM_ROW2 -0	-0	1
		*TM_ROW3 -19.5915	-33.2091	-6.31332
		*TM_POS -19.5915	-33.2091	-6.31332
		*TM_ROTAXIS 0	0	-1
		*TM_ROTANGLE 3.14159
		*TM_SCALE 1	1	1
		*TM_SCALEAXIS 0	0	0
		*TM_SCALEAXISANG 0	0	0
	}
}
*GEOMOBJECT {
	*NODE_NAME "zm_Skin"
	*NODE_PARENT "Bip01"
	*NODE_TM {
		*NODE_NAME "zm_Skin"
		*TM_ROW0 -1	-0	0
		*TM_ROW1 -0	-1	0
		*TM_ROW2 -0	-0	1
		*TM_ROW3 -0	-0	0
		*TM_POS -0	-0	0
		*TM_ROTAXIS 0	0	-1
		*TM_ROTANGLE 3.14159
		*TM_SCALE 1	1	1
		*TM_SCALEAXIS 0	0	0
		*TM_SCALEAXISANG 0	0	0
	}
	*MATERIAL_REF 0
	*MESH_SOFTSKIN {
		*TIMEVALUE 0
		*MESH_NUMVERTEX 452
		*MESH_NUMFACES 810
		*MESH_VERTEX_LIST {
			*MESH_VERTEX 0	7.43485	15.0018	126.22
			*MESH_VERTEX 1	21.1123	-23.9117	80.3078
			*MESH_VERTEX 2	-36.5126	-12.143	154.44
			*MESH_VERTEX 3	-26.7843	-11.5157	77.8243
			*MESH_VERTEX 4	18.0229	16.9438	17.45
			*MESH_VERTEX 5	16.7218	-18.8029	83.9529
			*MESH_VERTEX 6	21.8157	-20.1196	0.707511
			*MESH_VERTEX 7	-20.9067	15.1765	133.95
			*MESH_VERTEX 8	25.0042	11.3336	138.258
			*MESH_VERTEX 9	-9.10307	8.46384	0.9902
			*MESH_VERTEX 10	-11.1076	-23.6187	0.375645
			*MESH_VERTEX 11	-14.855	-7.44254	17.0365
			*MESH_VERTEX 12	14.2683	2.44254	79.6391
			*MESH_VERTEX 13	-15.0703	-19.8788	84.3372
			*MESH_VERTEX 14	-14.1592	1.22594	79.1094
			*MESH_VERTEX 15	8.44261	13.8203	71.4215
			*MESH_VERTEX 16	31.7377	-18.7862	150.669
			*MESH_VERTEX 17	-17.8929	-7.41445	128.767
			*MESH_VERTEX 18	-22.8938	-7.30905	108.932
			*MESH_VERTEX 19	-24.0738	6.26102	137.631
			*MESH_VERTEX 20	23.0147	-7.06812	109.305
			*MESH_VERTEX 21	18.2496	-7.50712	129.446
			*MESH_VERTEX 22	24.2758	5.58551	138.055
			*MESH_VERTEX 23	-21.899	-7.42554	110.402
			*MESH_VERTEX 24	-28.2778	-4.22373	88.4337
			*MESH_VERTEX 25	-35.5519	2.05745	110.271
			*MESH_VERTEX 26	8.4057	9.16075	0.898335
			*MESH_VERTEX 27	8.39048	-12.9778	6.97841
			*MESH_VERTEX 28	22.2066	-7.35857	111.206
			*MESH_VERTEX 29	28.0698	-3.65517	89.1938
			*MESH_VERTEX 30	35.2586	2.38602	110.513
			*MESH_VERTEX 31	34.7591	1.38074	107.782
			*MESH_VERTEX 32	-34.6683	1.10748	107.559
			*MESH_VERTEX 33	-12.7649	-23.0281	121.329
			*MESH_VERTEX 34	-1.83215	-7.61505	80.9083
			*MESH_VERTEX 35	2.45473	-8.54593	80.9673
			*MESH_VERTEX 36	-5.09822	-15.6552	13.0077
			*MESH_VERTEX 37	-24.8276	-1.05193	16.7827
			*MESH_VERTEX 38	20.5606	7.2407	125.645
			*MESH_VERTEX 39	25.3008	-2.73562	142.585
			*MESH_VERTEX 40	35.6641	5.34484	127.454
			*MESH_VERTEX 41	-31.5794	-4.27209	147.162
			*MESH_VERTEX 42	-25.2872	-14.5371	78.4455
			*MESH_VERTEX 43	-35.6046	-8.99734	81.3084
			*MESH_VERTEX 44	-29.0935	-5.04791	90.2255
			*MESH_VERTEX 45	-9.37624	-13.8021	6.93791
			*MESH_VERTEX 46	24.5085	-14.3897	78.2422
			*MESH_VERTEX 47	35.205	-8.55195	81.4486
			*MESH_VERTEX 48	28.8545	-4.66478	90.4871
			*MESH_VERTEX 49	-24.3614	9.59791	141.327
			*MESH_VERTEX 50	-21.3075	7.29269	124.923
			*MESH_VERTEX 51	-17.7357	-4.98918	128.441
			*MESH_VERTEX 52	-35.8448	-3.55207	125.726
			*MESH_VERTEX 53	-34.1668	5.73318	127.196
			*MESH_VERTEX 54	-25.1577	-2.64992	142.365
			*MESH_VERTEX 55	-30.1021	-10.7465	124.038
			*MESH_VERTEX 56	37.6953	6.81467	153.304
			*MESH_VERTEX 57	-6.64458	16.082	18.9162
			*MESH_VERTEX 58	0.26562	-1.31235	17.5073
			*MESH_VERTEX 59	-12.6104	-11.6495	26.4874
			*MESH_VERTEX 60	15.6979	-22.6409	4.82611
			*MESH_VERTEX 61	18.6786	-15.0741	13.4229
			*MESH_VERTEX 62	11.815	-10.4543	26.9577
			*MESH_VERTEX 63	8.2194	2.3476	151.722
			*MESH_VERTEX 64	-0.0101049	-11.1963	145.538
			*MESH_VERTEX 65	-7.89045	2.14156	151.811
			*MESH_VERTEX 66	4.45214	-6.23266	161.039
			*MESH_VERTEX 67	29.7092	-4.69562	136.797
			*MESH_VERTEX 68	-29.4119	-4.48092	135.975
			*MESH_VERTEX 69	-38.0799	7.03137	151.814
			*MESH_VERTEX 70	17.5557	5.95307	136.663
			*MESH_VERTEX 71	17.4401	-4.5438	128.788
			*MESH_VERTEX 72	23.8832	3.63491	108.519
			*MESH_VERTEX 73	-19.7338	-25.0514	79.7639
			*MESH_VERTEX 74	19.0404	-2.49566	30.5339
			*MESH_VERTEX 75	4.94476	-0.0113232	30.7296
			*MESH_VERTEX 76	-24.2538	3.25668	107.85
			*MESH_VERTEX 77	11.5031	3.66862	31.1052
			*MESH_VERTEX 78	6.70704	1.93371	14.3852
			*MESH_VERTEX 79	36.4109	-3.59227	125.728
			*MESH_VERTEX 80	12.0607	-17.7267	118.642
			*MESH_VERTEX 81	16.712	-10.6251	136.478
			*MESH_VERTEX 82	-24.9392	2.2233	106.2
			*MESH_VERTEX 83	25.0242	2.52394	106.599
			*MESH_VERTEX 84	-18.6799	4.49707	-1.13738
			*MESH_VERTEX 85	-18.9163	15.6266	17.6368
			*MESH_VERTEX 86	-20.3785	-4.24397	30.0999
			*MESH_VERTEX 87	-7.87132	11.0302	126.523
			*MESH_VERTEX 88	29.5588	6.68115	146.173
			*MESH_VERTEX 89	-26.3394	-14.2441	91.5125
			*MESH_VERTEX 90	-33.7562	-6.98851	112.397
			*MESH_VERTEX 91	-16.98	-10.5768	136.709
			*MESH_VERTEX 92	26.2707	-13.8025	91.9115
			*MESH_VERTEX 93	33.7261	-6.7305	112.708
			*MESH_VERTEX 94	-2.43974	-20.2609	83.4701
			*MESH_VERTEX 95	4.09625	-19.9162	82.9169
			*MESH_VERTEX 96	-3.24213	1.9903	164.429
			*MESH_VERTEX 97	-4.33958	-6.04557	161.031
			*MESH_VERTEX 98	-20.6688	-9.30777	123.571
			*MESH_VERTEX 99	27.1597	-9.79593	78.8659
			*MESH_VERTEX 100	32.9279	-6.98695	110.201
			*MESH_VERTEX 101	-32.9341	-7.22868	109.903
			*MESH_VERTEX 102	-6.4735	-0.921533	30.6985
			*MESH_VERTEX 103	-13.2503	2.34427	31.0157
			*MESH_VERTEX 104	0.899916	-1.51821	17.6923
			*MESH_VERTEX 105	-16.4897	-16.2383	13.079
			*MESH_VERTEX 106	25.8619	0.696326	17.0313
			*MESH_VERTEX 107	3.53396	1.86758	164.37
			*MESH_VERTEX 108	7.3556	-15.0694	13.253
			*MESH_VERTEX 109	20.9178	8.15728	129.601
			*MESH_VERTEX 110	-30.071	-6.65465	78.3774
			*MESH_VERTEX 111	29.6387	-6.18539	78.5981
			*MESH_VERTEX 112	13.5424	-6.56519	17.5095
			*MESH_VERTEX 113	-17.1025	5.91354	136.708
			*MESH_VERTEX 114	0.00869852	11.338	117.903
			*MESH_VERTEX 115	-18.6111	8.4876	130.138
			*MESH_VERTEX 116	-20.5199	3.20711	72.8161
			*MESH_VERTEX 117	30.0222	-17.0046	80.6756
			*MESH_VERTEX 118	27.4606	-12.5939	92.3618
			*MESH_VERTEX 119	-0.017878	-19.1928	152.227
			*MESH_VERTEX 120	15.3486	-1.34018	161.112
			*MESH_VERTEX 121	6.60437	16.7998	18.4675
			*MESH_VERTEX 122	20.5899	-9.31487	123.474
			*MESH_VERTEX 123	10.2672	-22.844	0.540957
			*MESH_VERTEX 124	11.0337	3.10256	115.981
			*MESH_VERTEX 125	-11.5207	2.97017	115.666
			*MESH_VERTEX 126	-7.61793	13.4018	91.3873
			*MESH_VERTEX 127	-10.9953	4.51035	159.7
			*MESH_VERTEX 128	-0.0530444	5.95825	154.644
			*MESH_VERTEX 129	-25.5908	-14.9993	141.231
			*MESH_VERTEX 130	-18.2569	-18.1363	137.27
			*MESH_VERTEX 131	-30.4225	-17.4602	80.5366
			*MESH_VERTEX 132	-27.6882	-12.9474	92.1676
			*MESH_VERTEX 133	17.9338	5.24638	-1.04521
			*MESH_VERTEX 134	-0.0450171	9.76075	157.135
			*MESH_VERTEX 135	12.3778	5.2261	159.511
			*MESH_VERTEX 136	18.3144	3.52379	133.878
			*MESH_VERTEX 137	31.5877	-13.9092	92.5348
			*MESH_VERTEX 138	-31.6361	-14.2936	92.4343
			*MESH_VERTEX 139	30.5	-10.6859	123.976
			*MESH_VERTEX 140	25.73	-14.8394	141.392
			*MESH_VERTEX 141	-17.8206	3.57148	133.38
			*MESH_VERTEX 142	31.1394	-12.0911	93.0106
			*MESH_VERTEX 143	-31.3524	-12.4469	92.8354
			*MESH_VERTEX 144	-16.633	-23.455	4.55149
			*MESH_VERTEX 145	-22.6876	-20.924	1.71437
			*MESH_VERTEX 146	-7.91165	-0.273189	15.4665
			*MESH_VERTEX 147	18.8392	1.38984	15.3398
			*MESH_VERTEX 148	-0.0190128	17.1503	134.885
			*MESH_VERTEX 149	-4.45309	0.937638	79.3744
			*MESH_VERTEX 150	-19.4412	-10.2478	82.1834
			*MESH_VERTEX 151	38.6764	-1.75973	155.997
			*MESH_VERTEX 152	9.98147	-13.7562	156.205
			*MESH_VERTEX 153	10.1768	-11.868	153.091
			*MESH_VERTEX 154	31.3274	-2.48197	151.193
			*MESH_VERTEX 155	32.3886	-4.28928	89.8162
			*MESH_VERTEX 156	-12.3733	7.35089	118.076
			*MESH_VERTEX 157	7.63976	11.1154	126.817
			*MESH_VERTEX 158	-19.9272	1.92178	13.6941
			*MESH_VERTEX 159	31.0051	-3.29605	119.644
			*MESH_VERTEX 160	23.9738	-10.1428	131.358
			*MESH_VERTEX 161	-23.6945	-9.96171	130.549
			*MESH_VERTEX 162	-32.5201	-4.74215	89.4248
			*MESH_VERTEX 163	-8.84982	-22.5483	144.844
			*MESH_VERTEX 164	4.83564	1.38604	79.5588
			*MESH_VERTEX 165	23.5619	9.47604	142.606
			*MESH_VERTEX 166	12.2928	-22.6788	121.843
			*MESH_VERTEX 167	19.2222	-8.27725	47.2638
			*MESH_VERTEX 168	19.8561	-8.50704	82.302
			*MESH_VERTEX 169	-7.80334	14.4367	125.847
			*MESH_VERTEX 170	-15.593	-1.52116	161.194
			*MESH_VERTEX 171	-9.90409	-13.7275	156.419
			*MESH_VERTEX 172	-10.2302	-12.2976	153.31
			*MESH_VERTEX 173	-15.5252	-0.852132	158.206
			*MESH_VERTEX 174	12.0745	4.47382	45.3838
			*MESH_VERTEX 175	15.7372	-0.326425	61.1708
			*MESH_VERTEX 176	18.3002	-18.4219	137.597
			*MESH_VERTEX 177	16.557	-6.78301	117.402
			*MESH_VERTEX 178	-27.3584	11.3633	151.373
			*MESH_VERTEX 179	19.3994	-10.8663	7.08326
			*MESH_VERTEX 180	-23.9585	-11.868	87.3726
			*MESH_VERTEX 181	23.6235	-11.4818	87.6287
			*MESH_VERTEX 182	-16.9051	-7.32814	116.936
			*MESH_VERTEX 183	-6.31754	-31.124	76.666
			*MESH_VERTEX 184	-20.3427	-10.8429	7.2066
			*MESH_VERTEX 185	-31.0099	-3.22455	119.164
			*MESH_VERTEX 186	7.99169	14.0742	91.9409
			*MESH_VERTEX 187	-31.9519	-5.57561	90.5616
			*MESH_VERTEX 188	15.3711	-0.858427	158.126
			*MESH_VERTEX 189	31.726	-5.205	90.7472
			*MESH_VERTEX 190	-27.9654	-15.9558	84.6642
			*MESH_VERTEX 191	-27.9059	-15.1529	79.5113
			*MESH_VERTEX 192	-0.00855402	-17.6393	150.033
			*MESH_VERTEX 193	-18.3662	4.74599	102.659
			*MESH_VERTEX 194	-23.1636	-3.4645	117.581
			*MESH_VERTEX 195	-37.2137	5.02185	149.613
			*MESH_VERTEX 196	-25.8613	11.1655	138.477
			*MESH_VERTEX 197	20.139	15.1207	133.619
			*MESH_VERTEX 198	35.5866	-9.59505	152.54
			*MESH_VERTEX 199	36.6778	4.61399	150.864
			*MESH_VERTEX 200	-12.2607	-17.7026	118.168
			*MESH_VERTEX 201	-0.212417	-21.7617	117.888
			*MESH_VERTEX 202	-24.4476	-10.0562	89.7441
			*MESH_VERTEX 203	24.2916	-9.50668	90.4189
			*MESH_VERTEX 204	-29.1029	-3.21008	158.663
			*MESH_VERTEX 205	-21.3185	-19.208	148.782
			*MESH_VERTEX 206	-26.0371	-3.15395	155.763
			*MESH_VERTEX 207	21.1517	4.24081	73.1611
			*MESH_VERTEX 208	-5.79845	-2.21626	60.3747
			*MESH_VERTEX 209	31.9384	3.43466	120.406
			*MESH_VERTEX 210	23.1676	-3.46477	117.99
			*MESH_VERTEX 211	-15.8389	-2.55018	60.8929
			*MESH_VERTEX 212	-8.46348	-16.2174	42.6917
			*MESH_VERTEX 213	-27.5352	5.77171	145.672
			*MESH_VERTEX 214	-19.5367	-10.4042	46.7931
			*MESH_VERTEX 215	12.4425	7.41491	118.146
			*MESH_VERTEX 216	-7.79467	13.3676	71.7212
			*MESH_VERTEX 217	34.371	-9.01444	91.3715
			*MESH_VERTEX 218	28.9136	-9.51934	112.686
			*MESH_VERTEX 219	-34.4496	-9.41709	91.2354
			*MESH_VERTEX 220	9.26769	-23.8436	135.174
			*MESH_VERTEX 221	8.37547	-22.8477	144.317
			*MESH_VERTEX 222	7.40895	-19.8412	144.742
			*MESH_VERTEX 223	8.42788	-21.5447	134.162
			*MESH_VERTEX 224	-9.56557	-24.0821	134.721
			*MESH_VERTEX 225	-31.7955	-19.5381	149.484
			*MESH_VERTEX 226	-9.26287	-21.692	133.757
			*MESH_VERTEX 227	18.2987	4.13214	103.502
			*MESH_VERTEX 228	-0.272109	5.92508	115.312
			*MESH_VERTEX 229	21.1148	-1.22539	109.552
			*MESH_VERTEX 230	26.9368	11.915	151.845
			*MESH_VERTEX 231	-19.6233	-6.94435	119.114
			*MESH_VERTEX 232	27.4939	-14.6956	79.6834
			*MESH_VERTEX 233	24.8625	-14.0727	78.6554
			*MESH_VERTEX 234	27.6083	-15.5522	84.8127
			*MESH_VERTEX 235	15.7111	-6.67942	124.341
			*MESH_VERTEX 236	15.1817	-14.153	138.073
			*MESH_VERTEX 237	-24.0774	5.38063	118.77
			*MESH_VERTEX 238	12.8669	-21.131	110.713
			*MESH_VERTEX 239	-29.3898	-9.44919	112.214
			*MESH_VERTEX 240	12.426	5.05737	156.56
			*MESH_VERTEX 241	34.1107	12.8004	146.318
			*MESH_VERTEX 242	-13.8688	7.16562	19.3332
			*MESH_VERTEX 243	25.6518	-12.9315	78.7351
			*MESH_VERTEX 244	-24.9379	-14.8572	78.0305
			*MESH_VERTEX 245	-26.0759	-13.3956	78.5259
			*MESH_VERTEX 246	20.9902	-19.024	149.892
			*MESH_VERTEX 247	-26.7679	-16.6144	79.0158
			*MESH_VERTEX 248	5.14634	-1.00914	44.6393
			*MESH_VERTEX 249	26.3508	-16.1536	79.1921
			*MESH_VERTEX 250	-5.86205	-2.81196	162.509
			*MESH_VERTEX 251	29.0017	-2.62753	158.846
			*MESH_VERTEX 252	25.5786	-2.73807	156.323
			*MESH_VERTEX 253	-13.9734	-16.3979	42.9824
			*MESH_VERTEX 254	-13.7267	-21.6867	65.8208
			*MESH_VERTEX 255	12.2505	8.20783	19.3614
			*MESH_VERTEX 256	33.0291	-9.09491	92.2515
			*MESH_VERTEX 257	-7.59968	-19.8701	145.189
			*MESH_VERTEX 258	-33.2428	-9.455	92.0995
			*MESH_VERTEX 259	22.6733	-10.5094	-0.153732
			*MESH_VERTEX 260	26.5892	-7.76166	91.17
			*MESH_VERTEX 261	28.9279	9.56175	128.011
			*MESH_VERTEX 262	15.997	-23.7324	0.670738
			*MESH_VERTEX 263	-0.0301332	7.37782	158.292
			*MESH_VERTEX 264	-23.5022	-11.2808	-0.480395
			*MESH_VERTEX 265	-26.8278	-8.14813	90.8654
			*MESH_VERTEX 266	-28.1789	-9.07803	109.967
			*MESH_VERTEX 267	27.6376	2.50086	138.53
			*MESH_VERTEX 268	-16.2988	-6.02985	123.591
			*MESH_VERTEX 269	8.60456	-12.2125	158.145
			*MESH_VERTEX 270	28.1603	-8.80311	110.271
			*MESH_VERTEX 271	6.00009	-3.04809	162.396
			*MESH_VERTEX 272	-13.0207	5.3076	156.495
			*MESH_VERTEX 273	-12.4338	5.37382	159.505
			*MESH_VERTEX 274	-27.6241	9.99457	127.599
			*MESH_VERTEX 275	0.189387	-9.25152	80.8447
			*MESH_VERTEX 276	13.0849	-0.808525	161.508
			*MESH_VERTEX 277	-39.0503	-2.84495	155.185
			*MESH_VERTEX 278	-8.68977	-11.5398	158.356
			*MESH_VERTEX 279	-28.5251	-4.73424	83.7531
			*MESH_VERTEX 280	-29.7634	-5.82941	86.7621
			*MESH_VERTEX 281	7.14738	-30.472	76.2891
			*MESH_VERTEX 282	-21.3948	-1.46553	108.753
			*MESH_VERTEX 283	17.4598	-0.49062	45.8968
			*MESH_VERTEX 284	-0.0209355	-17.1361	153.858
			*MESH_VERTEX 285	-0.0188879	-14.1476	151.235
			*MESH_VERTEX 286	-13.3528	-0.943014	161.54
			*MESH_VERTEX 287	-9.97201	3.74332	156.846
			*MESH_VERTEX 288	-16.3647	16.4959	139.198
			*MESH_VERTEX 289	16.4084	16.3362	140.405
			*MESH_VERTEX 290	-0.0137888	14.3522	135.945
			*MESH_VERTEX 291	-32.0991	9.08437	144.752
			*MESH_VERTEX 292	-16.8377	-24.5084	0.376439
			*MESH_VERTEX 293	28.1518	-4.32046	84.012
			*MESH_VERTEX 294	29.4364	-5.42025	87.004
			*MESH_VERTEX 295	10.0953	3.66345	156.889
			*MESH_VERTEX 296	11.2332	4.45195	159.66
			*MESH_VERTEX 297	-27.3878	-4.8763	118.404
			*MESH_VERTEX 298	19.1411	-6.54995	119.683
			*MESH_VERTEX 299	-15.8104	-13.556	138.106
			*MESH_VERTEX 300	5.48553	-0.605567	60.4891
			*MESH_VERTEX 301	0.0245484	4.0378	151.282
			*MESH_VERTEX 302	27.3709	-4.91994	118.819
			*MESH_VERTEX 303	14.2175	-16.9824	58.1114
			*MESH_VERTEX 304	-1.5194	-8.85307	59.4159
			*MESH_VERTEX 305	-27.2439	2.65118	137.85
			*MESH_VERTEX 306	-12.7287	2.94206	45.5136
			*MESH_VERTEX 307	-18.1921	-2.48899	45.6651
			*MESH_VERTEX 308	-5.29865	-2.14234	44.7491
			*MESH_VERTEX 309	7.21596	-10.6769	155.272
			*MESH_VERTEX 310	-26.6968	-9.38082	133.892
			*MESH_VERTEX 311	-0.000379242	11.5504	126.111
			*MESH_VERTEX 312	-13.3444	-21.2609	110.301
			*MESH_VERTEX 313	-19.0099	-23.4551	96.2828
			*MESH_VERTEX 314	-17.9344	-5.79526	108.792
			*MESH_VERTEX 315	36.1928	-10.6803	155.291
			*MESH_VERTEX 316	20.7371	-16.8848	133.848
			*MESH_VERTEX 317	22.6987	-1.31797	107.544
			*MESH_VERTEX 318	7.6487	-14.6321	0.217177
			*MESH_VERTEX 319	26.9417	-9.57446	134.735
			*MESH_VERTEX 320	0.0598791	3.12192	164.836
			*MESH_VERTEX 321	-29.631	4.32373	108.561
			*MESH_VERTEX 322	-24.0584	8.75119	151.25
			*MESH_VERTEX 323	29.2831	4.67717	109.032
			*MESH_VERTEX 324	17.3585	-5.71704	109.27
			*MESH_VERTEX 325	-25.6129	-16.352	84.0007
			*MESH_VERTEX 326	25.2492	-15.9439	84.1699
			*MESH_VERTEX 327	-0.157517	-22.4157	144.57
			*MESH_VERTEX 328	-20.6549	-16.9445	133.767
			*MESH_VERTEX 329	-22.5748	-1.6272	107.142
			*MESH_VERTEX 330	-0.17231	-21.816	110.603
			*MESH_VERTEX 331	1.85356	-7.53463	59.413
			*MESH_VERTEX 332	-12.2137	-0.245839	158.621
			*MESH_VERTEX 333	-7.30752	-9.53638	155.629
			*MESH_VERTEX 334	-26.7825	-8.11913	121.401
			*MESH_VERTEX 335	-6.1053	-3.23987	152.273
			*MESH_VERTEX 336	-8.48757	-15.3995	0.180524
			*MESH_VERTEX 337	23.4747	9.05163	151.766
			*MESH_VERTEX 338	-5.6384	10.5629	102.941
			*MESH_VERTEX 339	-0.142736	6.97214	107.461
			*MESH_VERTEX 340	-3.7994	-24.568	104.535
			*MESH_VERTEX 341	6.49488	-3.0904	152.232
			*MESH_VERTEX 342	-20.3579	-17.0374	148.687
			*MESH_VERTEX 343	-23.5124	-14.4125	82.3771
			*MESH_VERTEX 344	23.1292	-13.9892	82.5889
			*MESH_VERTEX 345	8.60082	-14.8417	43.1035
			*MESH_VERTEX 346	-16.5888	-2.50522	130.249
			*MESH_VERTEX 347	-14.4983	2.95033	108.043
			*MESH_VERTEX 348	13.9312	3.01796	108.486
			*MESH_VERTEX 349	5.38139	10.4328	103.144
			*MESH_VERTEX 350	17.0283	-2.57127	130.819
			*MESH_VERTEX 351	-21.5679	-5.9438	104.097
			*MESH_VERTEX 352	35.9161	-1.63698	111.693
			*MESH_VERTEX 353	11.9978	-0.204704	158.634
			*MESH_VERTEX 354	0.0797372	-7.5322	160.178
			*MESH_VERTEX 355	-15.5874	13.9207	140.238
			*MESH_VERTEX 356	33.4404	10.0456	144.712
			*MESH_VERTEX 357	15.3687	13.7199	141.369
			*MESH_VERTEX 358	7.685	8.49664	155.185
			*MESH_VERTEX 359	26.0853	-8.09829	122.329
			*MESH_VERTEX 360	-7.50822	8.75712	155.092
			*MESH_VERTEX 361	-0.210683	-24.6002	120.701
			*MESH_VERTEX 362	25.0613	14.524	138.272
			*MESH_VERTEX 363	7.73665	3.25839	-1.09187
			*MESH_VERTEX 364	21.1002	-5.90028	104.322
			*MESH_VERTEX 365	-17.2618	-21.4835	137.285
			*MESH_VERTEX 366	-35.9766	-1.88387	111.445
			*MESH_VERTEX 367	15.6211	14.5057	130.435
			*MESH_VERTEX 368	-34.8353	-3.28018	108.836
			*MESH_VERTEX 369	-8.57907	2.52517	-0.974637
			*MESH_VERTEX 370	14.4304	-14.7001	43.4982
			*MESH_VERTEX 371	32.333	-0.932748	118.114
			*MESH_VERTEX 372	-0.0196932	-0.287468	152.621
			*MESH_VERTEX 373	-25.9316	14.0696	138.325
			*MESH_VERTEX 374	-26.0637	-14.6772	88.9976
			*MESH_VERTEX 375	25.7425	-14.3014	89.222
			*MESH_VERTEX 376	30.9242	-17.233	82.3057
			*MESH_VERTEX 377	-31.3069	-17.666	82.208
			*MESH_VERTEX 378	15.8168	11.0717	130.938
			*MESH_VERTEX 379	-31.8392	3.4855	119.955
			*MESH_VERTEX 380	-30.8555	2.6436	106.668
			*MESH_VERTEX 381	30.9309	2.96113	106.9
			*MESH_VERTEX 382	-32.2866	-0.844823	117.584
			*MESH_VERTEX 383	34.8584	-3.06071	109.106
			*MESH_VERTEX 384	-15.429	-22.0245	103.938
			*MESH_VERTEX 385	5.84717	-19.9486	65.4299
			*MESH_VERTEX 386	14.5515	-19.6345	65.8674
			*MESH_VERTEX 387	-25.1768	4.5815	115.756
			*MESH_VERTEX 388	23.6347	0.253854	115.999
			*MESH_VERTEX 389	-23.5479	0.265454	115.64
			*MESH_VERTEX 390	25.3442	4.56148	116.013
			*MESH_VERTEX 391	19.5469	-16.9372	149.696
			*MESH_VERTEX 392	15.1446	-21.9883	103.463
			*MESH_VERTEX 393	-4.79327	-21.4544	65.533
			*MESH_VERTEX 394	-17.9465	-10.7874	62.3791
			*MESH_VERTEX 395	-13.6019	-19.1034	57.9524
			*MESH_VERTEX 396	28.7792	5.83347	120.267
			*MESH_VERTEX 397	18.769	-23.1672	96.1558
			*MESH_VERTEX 398	-15.7747	10.8683	130.685
			*MESH_VERTEX 399	17.3182	-21.5388	137.955
			*MESH_VERTEX 400	19.9339	11.928	135.251
			*MESH_VERTEX 401	3.98086	-24.8061	103.996
			*MESH_VERTEX 402	-33.0808	-6.21896	86.3873
			*MESH_VERTEX 403	13.5513	-23.0066	143.001
			*MESH_VERTEX 404	32.737	-5.83195	86.5586
			*MESH_VERTEX 405	13.7891	-19.7276	144.149
			*MESH_VERTEX 406	0.00233474	-25.0901	133.295
			*MESH_VERTEX 407	31.6667	-16.6819	148.568
			*MESH_VERTEX 408	37.7285	-2.27924	153.117
			*MESH_VERTEX 409	-32.6394	11.4861	145.985
			*MESH_VERTEX 410	-31.8016	-17.0896	147.665
			*MESH_VERTEX 411	-5.96291	-27.1603	95.3929
			*MESH_VERTEX 412	-34.7385	-8.53907	80.0027
			*MESH_VERTEX 413	18.6963	-8.31871	62.4852
			*MESH_VERTEX 414	34.3246	-8.08078	80.1577
			*MESH_VERTEX 415	-38.2463	-2.97843	152.48
			*MESH_VERTEX 416	24.222	5.41833	119.127
			*MESH_VERTEX 417	23.8909	-3.58971	116.536
			*MESH_VERTEX 418	-6.96613	-18.9935	57.8974
			*MESH_VERTEX 419	-14.6354	-22.6284	143.656
			*MESH_VERTEX 420	-1.84192	-7.47757	46.2215
			*MESH_VERTEX 421	-23.8831	-3.57585	116.048
			*MESH_VERTEX 422	7.3052	-17.2421	57.9676
			*MESH_VERTEX 423	2.37298	-6.50902	46.1727
			*MESH_VERTEX 424	20.2082	4.92563	92.8074
			*MESH_VERTEX 425	-24.1294	-8.90254	94.113
			*MESH_VERTEX 426	7.83174	8.5507	158.131
			*MESH_VERTEX 427	-7.60159	8.83654	158.051
			*MESH_VERTEX 428	23.8748	-8.85555	94.5725
			*MESH_VERTEX 429	-31.0877	-3.27647	117.474
			*MESH_VERTEX 430	-28.6238	5.83909	119.907
			*MESH_VERTEX 431	27.6784	-5.01891	117.497
			*MESH_VERTEX 432	31.0919	-3.35983	118.032
			*MESH_VERTEX 433	-32.1914	2.88409	117.241
			*MESH_VERTEX 434	-21.1818	12.0836	135.191
			*MESH_VERTEX 435	5.77956	-26.7225	94.6241
			*MESH_VERTEX 436	-21.3658	-0.597695	129.538
			*MESH_VERTEX 437	-20.1253	4.79939	92.532
			*MESH_VERTEX 438	-27.7022	-4.96627	116.93
			*MESH_VERTEX 439	32.3097	2.79745	117.677
			*MESH_VERTEX 440	-15.6809	14.0931	130.049
			*MESH_VERTEX 441	-0.00475107	15.0975	125.394
			*MESH_VERTEX 442	-36.0358	-10.6178	151.89
			*MESH_VERTEX 443	-14.3563	-19.9507	144.698
			*MESH_VERTEX 444	32.1759	-0.894888	120.071
			*MESH_VERTEX 445	-32.1599	-0.82002	119.534
			*MESH_VERTEX 446	-0.0499151	10.0741	154.13
			*MESH_VERTEX 447	-29.3786	5.10696	116.661
			*MESH_VERTEX 448	21.3634	-1.40311	130.028
			*MESH_VERTEX 449	22.6682	0.369205	118.052
			*MESH_VERTEX 450	-22.6167	0.355306	117.646
			*MESH_VERTEX 451	29.5379	5.04953	116.965
		}
		*MESH_FACE_LIST {
			*MESH_FACE    0:    A:    365 B:    205 C:    225 AB:    1 BC:    1 CA:    1	 *MESH_SMOOTHING 1 	*MESH_MTLID 0
			*MESH_FACE    1:    A:    129 B:    98 C:    299 AB:    1 BC:    1 CA:    1	 *MESH_SMOOTHING 1 	*MESH_MTLID 0
			*MESH_FACE    2:    A:    126 B:    216 C:    437 AB:    1 BC:    1 CA:    1	 *MESH_SMOOTHING 1 	*MESH_MTLID 0
			*MESH_FACE    3:    A:    183 B:    281 C:    435 AB:    1 BC:    1 CA:    1	 *MESH_SMOOTHING 1 	*MESH_MTLID 0
			*MESH_FACE    4:    A:    106 B:    4 C:    283 AB:    1 BC:    1 CA:    1	 *MESH_SMOOTHING 1 	*MESH_MTLID 0
			*MESH_FACE    5:    A:    58 B:    423 C:    248 AB:    1 BC:    1 CA:    1	 *MESH_SMOOTHING 1 	*MESH_MTLID 0
			*MESH_FACE    6:    A:    355 B:    322 C:    272 AB:    1 BC:    1 CA:    1	 *MESH_SMOOTHING 1 	*MESH_MTLID 0
