*3DSMAX_ASCIIEXPORT	110
*COMMENT "[ GothicSourcer v3.10 ] - August 2006"
*SCENE {
	*SCENE_FILENAME "ARMOR_KDF_H.MAX"
	*SCENE_FIRSTFRAME 0
	*SCENE_LASTFRAME 100
	*SCENE_FRAMESPEED 25
	*SCENE_TICKSPERFRAME 192
	*SCENE_BACKGROUND_STATIC 0	0	0
	*SCENE_AMBIENT_STATIC 0.2	0.2	0.2
}
*MATERIAL_LIST {
	*MATERIAL_COUNT 1
	*MATERIAL 0 {
		*MATERIAL_NAME "Compound Material #1"
		*MATERIAL_CLASS "Multi/Sub-Object"
		*NUMSUBMTLS 2
		*SUBMATERIAL 0 {
			*MATERIAL_NAME "KDFL"
			*MATERIAL_CLASS "Standard"
			*MATERIAL_AMBIENT 0.152941	0.0862745	0.0745098
			*MATERIAL_DIFFUSE 0.152941	0.0862745	0.0745098
			*MATERIAL_SPECULAR 0.9	0.9	0.9
			*MATERIAL_SHINE 0.1
			*MATERIAL_SHINESTRENGTH 0
			*MATERIAL_TRANSPARENCY 0
			*MATERIAL_WIRESIZE 1
			*MATERIAL_SHADING Blinn
			*MATERIAL_XP_FALLOFF 0
			*MATERIAL_SELFILLUM 0
			*MATERIAL_FALLOFF In
			*MATERIAL_XP_TYPE Filter
			*MAP_DIFFUSE {
				*MAP_NAME "Map #1-1"
				*MAP_CLASS "Bitmap"
				*MAP_SUBNO 1
				*MAP_AMOUNT 1
				*BITMAP "HUM_KDFS.TGA"
				*MAP_TYPE Screen
				*UVW_U_OFFSET 0
				*UVW_V_OFFSET 0
				*UVW_U_TILING 1
				*UVW_V_TILING 1
				*UVW_ANGLE 0
				*UVW_BLUR 1
				*UVW_BLUR_OFFSET 0
				*UVW_NOUSE_AMT 1
				*UVW_NOISE_SIZE 1
				*UVW_NOISE_LEVEL 1
				*UVW_NOISE_PHASE 0
				*BITMAP_FILTER Pyramidal
			}
		}
		*SUBMATERIAL 1 {
			*MATERIAL_NAME "NAKED"
			*MATERIAL_CLASS "Standard"
			*MATERIAL_AMBIENT 0.509804	0.407843	0.305882
			*MATERIAL_DIFFUSE 0.509804	0.407843	0.305882
			*MATERIAL_SPECULAR 0.9	0.9	0.9
			*MATERIAL_SHINE 0.1
			*MATERIAL_SHINESTRENGTH 0
			*MATERIAL_TRANSPARENCY 0
			*MATERIAL_WIRESIZE 1
			*MATERIAL_SHADING Blinn
			*MATERIAL_XP_FALLOFF 0
			*MATERIAL_SELFILLUM 0
			*MATERIAL_FALLOFF In
			*MATERIAL_XP_TYPE Filter
			*MAP_DIFFUSE {
				*MAP_NAME "Map #1-2"
				*MAP_CLASS "Bitmap"
				*MAP_SUBNO 1
				*MAP_AMOUNT 1
				*BITMAP "HUM_BODY_NAKED_V0_C0.TGA"
				*MAP_TYPE Screen
				*UVW_U_OFFSET 0
				*UVW_V_OFFSET 0
				*UVW_U_TILING 1
				*UVW_V_TILING 1
				*UVW_ANGLE 0
				*UVW_BLUR 1
				*UVW_BLUR_OFFSET 0
				*UVW_NOUSE_AMT 1
				*UVW_NOISE_SIZE 1
				*UVW_NOISE_LEVEL 1
				*UVW_NOISE_PHASE 0
				*BITMAP_FILTER Pyramidal
			}
		}
	}
}
*HELPEROBJECT {
	*NODE_NAME "Bip01"
	*NODE_TM {
		*NODE_NAME "Bip01"
		*TM_ROW0 6.27438e-006	-1	0
		*TM_ROW1 1	6.27438e-006	0
		*TM_ROW2 -0	-0	1
		*TM_ROW3 0	-7.37745	99.9496
		*TM_POS 0	-7.37745	99.9496
		*TM_ROTAXIS 0	0	1
		*TM_ROTANGLE 1.57079
		*TM_SCALE 1	1	1
		*TM_SCALEAXIS 0	0	0
		*TM_SCALEAXISANG 0	0	0
	}
}
*HELPEROBJECT {
	*NODE_NAME "Bip01 Pelvis"
	*NODE_PARENT "Bip01"
	*NODE_TM {
		*NODE_NAME "Bip01 Pelvis"
		*TM_ROW0 -5.96014e-008	1.79264e-006	1
		*TM_ROW1 -1.79264e-006	-1	1.79264e-006
		*TM_ROW2 1	-1.79264e-006	-5.96014e-008
		*TM_ROW3 1e-005	-8.0113	99.9496
		*TM_POS 1e-005	-8.0113	99.9496
		*TM_ROTAXIS 0.707107	0	0.707107
		*TM_ROTANGLE 3.1416
		*TM_SCALE 1	1	1
		*TM_SCALEAXIS 0	0	0
		*TM_SCALEAXISANG 0	0	0
	}
}
*HELPEROBJECT {
	*NODE_NAME "Bip01 Spine"
	*NODE_PARENT "Bip01 Pelvis"
	*NODE_TM {
		*NODE_NAME "Bip01 Spine"
		*TM_ROW0 6.6944e-008	-0.0205947	0.999788
		*TM_ROW1 5.48642e-006	-0.999788	-0.0205947
		*TM_ROW2 1	5.48642e-006	6.6944e-008
		*TM_ROW3 1e-005	-7.92216	102.35
		*TM_POS 1e-005	-7.92216	102.35
		*TM_ROTAXIS 0.707088	-0.00727998	0.707088
		*TM_ROTANGLE 3.12703
		*TM_SCALE 1	1	1
		*TM_SCALEAXIS 0	0	0
		*TM_SCALEAXISANG 0	0	0
	}
}
*HELPEROBJECT {
	*NODE_NAME "Bip01 Spine1"
	*NODE_PARENT "Bip01 Spine"
	*NODE_TM {
		*NODE_NAME "Bip01 Spine1"
		*TM_ROW0 6.76996e-008	-0.00276992	0.999996
		*TM_ROW1 -1.92621e-006	-0.999996	-0.00276991
		*TM_ROW2 1	-1.92621e-006	6.76996e-008
		*TM_ROW3 1e-005	-8.11442	112.175
		*TM_POS 1e-005	-8.11442	112.175
		*TM_ROTAXIS -0.707107	0.000979995	-0.707106
		*TM_ROTANGLE 3.14355
		*TM_SCALE 1	1	1
		*TM_SCALEAXIS 0	0	0
		*TM_SCALEAXISANG 0	0	0
	}
}
*HELPEROBJECT {
	*NODE_NAME "Bip01 Spine2"
	*NODE_PARENT "Bip01 Spine1"
	*NODE_TM {
		*NODE_NAME "Bip01 Spine2"
		*TM_ROW0 3.48622e-008	0.180243	0.983622
		*TM_ROW1 1.67638e-006	-0.983622	0.180243
		*TM_ROW2 1	1.67638e-006	3.48621e-008
		*TM_ROW3 1e-005	-8.1264	124.961
		*TM_POS 1e-005	-8.1264	124.961
		*TM_ROTAXIS 0.705652	0.0641202	0.705652
		*TM_ROTANGLE 3.26966
		*TM_SCALE 1	1	1
		*TM_SCALEAXIS 0	0	0
		*TM_SCALEAXISANG 0	0	0
	}
}
*HELPEROBJECT {
	*NODE_NAME "Bip01 Neck"
	*NODE_PARENT "Bip01 Spine2"
	*NODE_TM {
		*NODE_NAME "Bip01 Neck"
		*TM_ROW0 6.08698e-007	-0.167043	0.98595
		*TM_ROW1 4.70132e-006	-0.98595	-0.167043
		*TM_ROW2 1	4.70132e-006	6.08698e-007
		*TM_ROW3 -2.11471e-012	-2.71656	154.454
		*TM_POS -2.11471e-012	-2.71656	154.454
		*TM_ROTAXIS -0.70586	0.05937	-0.705859
		*TM_ROTANGLE 3.2602
		*TM_SCALE 1	1	1
		*TM_SCALEAXIS 0	0	0
		*TM_SCALEAXISANG 0	0	0
	}
}
*HELPEROBJECT {
	*NODE_NAME "Bip01 Head"
	*NODE_PARENT "Bip01 Neck"
	*NODE_TM {
		*NODE_NAME "Bip01 Head"
		*TM_ROW0 -5.96015e-008	1.76921e-006	1
		*TM_ROW1 -1.79264e-006	-1	1.77916e-006
		*TM_ROW2 1	-1.79264e-006	-5.96014e-008
		*TM_ROW3 1.63729e-011	-3.85901	161.198
		*TM_POS 1.63729e-011	-3.85901	161.198
		*TM_ROTAXIS -0.707107	4.76653e-009	-0.707107
		*TM_ROTANGLE 3.14159
		*TM_SCALE 1	1	1
		*TM_SCALEAXIS 0	0	0
		*TM_SCALEAXISANG 0	0	0
	}
}
*HELPEROBJECT {
	*NODE_NAME "ZS_HELMET"
	*NODE_PARENT "Bip01 Head"
	*NODE_TM {
		*NODE_NAME "ZS_HELMET"
		*TM_ROW0 1	5.73874e-013	4.35659e-014
		*TM_ROW1 -4.07319e-013	0.996917	-0.0784593
		*TM_ROW2 -4.76109e-014	0.0784593	0.996918
		*TM_ROW3 1e-005	-7.06248	173.704
		*TM_POS 1e-005	-7.06248	173.704
		*TM_ROTAXIS 1	5.81045e-013	-6.25288e-012
		*TM_ROTANGLE 0.078541
		*TM_SCALE 1	1	1
		*TM_SCALEAXIS 0	0	0
		*TM_SCALEAXISANG 0	0	0
	}
}
*HELPEROBJECT {
	*NODE_NAME "Bip01 L Clavicle"
	*NODE_PARENT "Bip01 Neck"
	*NODE_TM {
		*NODE_NAME "Bip01 L Clavicle"
		*TM_ROW0 0.935229	-0.203893	-0.289439
		*TM_ROW1 0.156435	0.971369	-0.178803
		*TM_ROW2 0.317608	0.121943	0.940348
		*TM_ROW3 7.96399	-1.25804	148.729
		*TM_POS 7.96399	-1.25804	148.729
		*TM_ROTAXIS 0.391939	-0.791119	0.469589
		*TM_ROTANGLE 0.39376
		*TM_SCALE 1	1	1
		*TM_SCALEAXIS 0	0	0
		*TM_SCALEAXISANG 0	0	0
	}
}
*HELPEROBJECT {
	*NODE_NAME "Bip01 L UpperArm"
	*NODE_PARENT "Bip01 L Clavicle"
	*NODE_TM {
		*NODE_NAME "Bip01 L UpperArm"
		*TM_ROW0 0.246229	0.0989026	-0.964152
		*TM_ROW1 0.412789	0.889345	0.196649
		*TM_ROW2 0.876913	-0.446412	0.178157
		*TM_ROW3 20.4269	-3.97508	144.872
		*TM_POS 20.4269	-3.97508	144.872
		*TM_ROTAXIS -0.325561	-0.932072	0.15891
		*TM_ROTANGLE 1.41328
		*TM_SCALE 1	1	1
		*TM_SCALEAXIS 0	0	0
		*TM_SCALEAXISANG 0	0	0
	}
}
*HELPEROBJECT {
	*NODE_NAME "Bip01 L Forearm"
	*NODE_PARENT "Bip01 L UpperArm"
	*NODE_TM {
		*NODE_NAME "Bip01 L Forearm"
		*TM_ROW0 0.0455122	-0.291882	-0.955371
		*TM_ROW1 0.478489	0.845886	-0.235638
		*TM_ROW2 0.876913	-0.44641	0.17816
		*TM_ROW3 27.2982	-1.21526	117.966
		*TM_POS 27.2982	-1.21526	117.966
		*TM_ROTAXIS -0.10545	-0.916697	0.385419
		*TM_ROTANGLE 1.53601
		*TM_SCALE 1	1	1
		*TM_SCALEAXIS 0	0	0
		*TM_SCALEAXISANG 0	0	0
	}
}
*HELPEROBJECT {
	*NODE_NAME "Bip01 L Hand"
	*NODE_PARENT "Bip01 L Forearm"
	*NODE_TM {
		*NODE_NAME "Bip01 L Hand"
		*TM_ROW0 0.0455132	-0.291886	-0.95537
		*TM_ROW1 -0.876533	0.44708	-0.17835
		*TM_ROW2 0.479185	0.845531	-0.2355
		*TM_ROW3 28.5642	-9.33439	91.391
		*TM_POS 28.5642	-9.33439	91.391
		*TM_ROTAXIS 0.551391	-0.772552	-0.314851
		*TM_ROTANGLE 1.95137
		*TM_SCALE 1	1	1
		*TM_SCALEAXIS 0	0	0
		*TM_SCALEAXISANG 0	0	0
	}
}
*HELPEROBJECT {
	*NODE_NAME "Bip01 L Finger0"
	*NODE_PARENT "Bip01 L Hand"
	*NODE_TM {
		*NODE_NAME "Bip01 L Finger0"
		*TM_ROW0 0.0455152	-0.291888	-0.955369
		*TM_ROW1 -0.876915	0.446405	-0.178165
		*TM_ROW2 0.478485	0.845886	-0.235643
		*TM_ROW3 29.15	-13.0909	79.0956
		*TM_POS 29.15	-13.0909	79.0956
		*TM_ROTAXIS 0.551581	-0.772311	-0.31511
		*TM_ROTANGLE 1.95181
		*TM_SCALE 1	1	1
		*TM_SCALEAXIS 0	0	0
		*TM_SCALEAXISANG 0	0	0
	}
}
*HELPEROBJECT {
	*NODE_NAME "ZS_LEFTHAND"
	*NODE_PARENT "Bip01 L Hand"
	*NODE_TM {
		*NODE_NAME "ZS_LEFTHAND"
		*TM_ROW0 0.435606	0.890062	-0.134303
		*TM_ROW1 0.180312	-0.232461	-0.955745
		*TM_ROW2 -0.881893	0.392112	-0.261751
		*TM_ROW3 26.7605	-11.5468	82.7857
		*TM_POS 26.7605	-11.5468	82.7857
		*TM_ROTAXIS 0.794322	0.440571	-0.418271
		*TM_ROTANGLE 2.12858
		*TM_SCALE 1	1	1
		*TM_SCALEAXIS 0	0	0
		*TM_SCALEAXISANG 0	0	0
	}
}
*HELPEROBJECT {
	*NODE_NAME "ZS_LEFTARM"
	*NODE_PARENT "Bip01 L Forearm"
	*NODE_TM {
		*NODE_NAME "ZS_LEFTARM"
		*TM_ROW0 0.0759923	-0.150176	-0.985735
		*TM_ROW1 0.524499	0.846792	-0.0885736
		*TM_ROW2 0.848013	-0.510285	0.143117
		*TM_ROW3 26.9101	-7.67833	110.055
		*TM_POS 26.9101	-7.67833	110.055
		*TM_ROTAXIS -0.21097	-0.917372	0.337521
		*TM_ROTANGLE 1.53784
		*TM_SCALE 1	1	1
		*TM_SCALEAXIS 0	0	0
		*TM_SCALEAXISANG 0	0	0
	}
}
*HELPEROBJECT {
	*NODE_NAME "Bip01 R Clavicle"
	*NODE_PARENT "Bip01 Neck"
	*NODE_TM {
		*NODE_NAME "Bip01 R Clavicle"
		*TM_ROW0 -0.935227	-0.203899	-0.28944
		*TM_ROW1 -0.156442	0.971369	-0.178799
		*TM_ROW2 0.317609	-0.121937	-0.940349
		*TM_ROW3 -7.96398	-1.25806	148.729
		*TM_POS -7.96398	-1.25806	148.729
		*TM_ROTAXIS -0.0929799	0.992639	-0.0775999
		*TM_ROTANGLE 3.45235
		*TM_SCALE 1	1	1
		*TM_SCALEAXIS 0	0	0
		*TM_SCALEAXISANG 0	0	0
	}
}
*HELPEROBJECT {
	*NODE_NAME "Bip01 R UpperArm"
	*NODE_PARENT "Bip01 R Clavicle"
	*NODE_TM {
		*NODE_NAME "Bip01 R UpperArm"
		*TM_ROW0 -0.246232	0.0988932	-0.964153
		*TM_ROW1 -0.412793	0.889345	0.196642
		*TM_ROW2 0.876911	0.446415	-0.178163
		*TM_ROW3 -20.4269	-3.97513	144.872
		*TM_POS -20.4269	-3.97513	144.872
		*TM_ROTAXIS 0.12961	-0.955353	-0.265521
		*TM_ROTANGLE 1.84162
		*TM_SCALE 1	1	1
		*TM_SCALEAXIS 0	0	0
		*TM_SCALEAXISANG 0	0	0
	}
}
*HELPEROBJECT {
	*NODE_NAME "Bip01 R Forearm"
	*NODE_PARENT "Bip01 R UpperArm"
	*NODE_TM {
		*NODE_NAME "Bip01 R Forearm"
		*TM_ROW0 -0.0455087	-0.291889	-0.955369
		*TM_ROW1 -0.478487	0.845885	-0.235646
		*TM_ROW2 0.876915	0.446408	-0.17816
		*TM_ROW3 -27.2982	-1.21534	117.966
		*TM_POS -27.2982	-1.21534	117.966
		*TM_ROTAXIS 0.347279	-0.932937	-0.0950097
		*TM_ROTANGLE 1.76083
		*TM_SCALE 1	1	1
		*TM_SCALEAXIS 0	0	0
		*TM_SCALEAXISANG 0	0	0
	}
}
*HELPEROBJECT {
	*NODE_NAME "Bip01 R Hand"
	*NODE_PARENT "Bip01 R Forearm"
	*NODE_TM {
		*NODE_NAME "Bip01 R Hand"
		*TM_ROW0 -0.0455115	-0.291885	-0.95537
		*TM_ROW1 0.87653	0.447088	-0.17835
		*TM_ROW2 0.479192	-0.845527	0.235499
		*TM_ROW3 -28.5642	-9.33445	91.3911
		*TM_POS -28.5642	-9.33445	91.3911
		*TM_ROTAXIS -0.33922	-0.72939	0.59407
		*TM_ROTANGLE 1.75327
		*TM_SCALE 1	1	1
		*TM_SCALEAXIS 0	0	0
		*TM_SCALEAXISANG 0	0	0
	}
}
*HELPEROBJECT {
	*NODE_NAME "Bip01 R Finger0"
	*NODE_PARENT "Bip01 R Hand"
	*NODE_TM {
		*NODE_NAME "Bip01 R Finger0"
		*TM_ROW0 -0.0455056	-0.291877	-0.955373
		*TM_ROW1 0.876914	0.446413	-0.178152
		*TM_ROW2 0.478489	-0.845886	0.235636
		*TM_ROW3 -29.1499	-13.0909	79.0956
		*TM_POS -29.1499	-13.0909	79.0956
		*TM_ROTAXIS -0.33952	-0.729071	0.594291
		*TM_ROTANGLE 1.75354
		*TM_SCALE 1	1	1
		*TM_SCALEAXIS 0	0	0
		*TM_SCALEAXISANG 0	0	0
	}
}
*HELPEROBJECT {
	*NODE_NAME "ZS_RIGHTHAND"
	*NODE_PARENT "Bip01 R Hand"
	*NODE_TM {
		*NODE_NAME "ZS_RIGHTHAND"
		*TM_ROW0 -0.464344	0.856417	-0.225687
		*TM_ROW1 0.177861	0.339806	0.923525
		*TM_ROW2 0.867612	0.388692	-0.31011
		*TM_ROW3 -20.9389	-19.9852	85.8932
		*TM_POS -20.9389	-19.9852	85.8932
		*TM_ROTAXIS 0.383811	0.784581	0.486951
		*TM_ROTANGLE 3.91244
		*TM_SCALE 1	1	1
		*TM_SCALEAXIS 0	0	0
		*TM_SCALEAXISANG 0	0	0
	}
}
*HELPEROBJECT {
	*NODE_NAME "ZS_CROSSBOW"
	*NODE_PARENT "Bip01 Spine2"
	*NODE_TM {
		*NODE_NAME "ZS_CROSSBOW"
		*TM_ROW0 -0.382687	-0.111464	0.91713
		*TM_ROW1 -0.923878	0.0461715	-0.379891
		*TM_ROW2 -1.2517e-006	-0.992695	-0.120648
		*TM_ROW3 -14.434	10.5915	165.98
		*TM_POS -14.434	10.5915	165.98
		*TM_ROTAXIS -0.447329	0.669479	-0.593039
		*TM_ROTANGLE 2.38705
		*TM_SCALE 1	1	1
		*TM_SCALEAXIS 0	0	0
		*TM_SCALEAXISANG 0	0	0
	}
}
*HELPEROBJECT {
	*NODE_NAME "ZS_LONGSWORD"
	*NODE_PARENT "Bip01 Spine2"
	*NODE_TM {
		*NODE_NAME "ZS_LONGSWORD"
		*TM_ROW0 -0.499829	-0.0915011	0.861277
		*TM_ROW1 -0.865729	0.0828188	-0.493614
		*TM_ROW2 -0.0261636	-0.992355	-0.12061
		*TM_ROW3 -18.1593	6.92629	157.64
		*TM_POS -18.1593	6.92629	157.64
		*TM_ROTAXIS -0.38996	0.69388	-0.60536
		*TM_ROTANGLE 2.44778
		*TM_SCALE 1	1	1
		*TM_SCALEAXIS 0	0	0
		*TM_SCALEAXISANG 0	0	0
	}
}
*HELPEROBJECT {
	*NODE_NAME "ZS_SHIELD"
	*NODE_PARENT "Bip01 Spine2"
	*NODE_TM {
		*NODE_NAME "ZS_SHIELD"
		*TM_ROW0 -0.0138681	0.114196	-0.993362
		*TM_ROW1 -0.908393	0.413755	0.0602465
		*TM_ROW2 0.417888	0.903198	0.0979964
		*TM_ROW3 8.76511	9.5282	131.875
		*TM_POS 8.76511	9.5282	131.875
		*TM_ROTAXIS 0.435421	-0.728972	-0.528212
		*TM_ROTANGLE 1.82457
		*TM_SCALE 1	1	1
		*TM_SCALEAXIS 0	0	0
		*TM_SCALEAXISANG 0	0	0
	}
}
*HELPEROBJECT {
	*NODE_NAME "ZS_BOW"
	*NODE_PARENT "Bip01 Spine2"
	*NODE_TM {
		*NODE_NAME "ZS_BOW"
		*TM_ROW0 -0.341816	-0.0868229	0.935748
		*TM_ROW1 0.0119438	0.995242	0.0967059
		*TM_ROW2 -0.939691	0.044232	-0.339153
		*TM_ROW3 0.5012	12.4143	124.55
		*TM_POS 0.5012	12.4143	124.55
		*TM_ROTAXIS -0.0279299	0.998227	0.0525698
		*TM_ROTANGLE 1.92076
		*TM_SCALE 1	1	1
		*TM_SCALEAXIS 0	0	0
		*TM_SCALEAXISANG 0	0	0
	}
}
*HELPEROBJECT {
	*NODE_NAME "ZS_SWORD"
	*NODE_PARENT "Bip01 Spine"
	*NODE_TM {
		*NODE_NAME "ZS_SWORD"
		*TM_ROW0 5.79068e-007	-0.347172	0.937802
		*TM_ROW1 1.04308e-007	0.937802	0.347172
		*TM_ROW2 -1	-1.04308e-007	5.79068e-007
		*TM_ROW3 17.5015	-4.36211	106.367
		*TM_POS 17.5015	-4.36211	106.367
		*TM_ROTAXIS -0.17367	0.96937	0.17367
		*TM_ROTANGLE 1.6019
		*TM_SCALE 1	1	1
		*TM_SCALEAXIS 0	0	0
		*TM_SCALEAXISANG 0	0	0
	}
}
*HELPEROBJECT {
	*NODE_NAME "Bip01 L Thigh"
	*NODE_PARENT "Bip01 Pelvis"
	*NODE_TM {
		*NODE_NAME "Bip01 L Thigh"
		*TM_ROW0 0.0534879	-0.0367886	-0.997891
		*TM_ROW1 -0.00216181	-0.999323	0.0367256
		*TM_ROW2 -0.998566	0.000192882	-0.0535313
		*TM_ROW3 9.01023	-8.01129	99.9496
		*TM_POS 9.01023	-8.01129	99.9496
		*TM_ROTAXIS 0.72572	-0.01342	-0.68786
		*TM_ROTANGLE 3.16677
		*TM_SCALE 1	1	1
		*TM_SCALEAXIS 0	0	0
		*TM_SCALEAXISANG 0	0	0
	}
}
*HELPEROBJECT {
	*NODE_NAME "Bip01 L Calf"
	*NODE_PARENT "Bip01 L Thigh"
	*NODE_TM {
		*NODE_NAME "Bip01 L Calf"
		*TM_ROW0 0.0525131	0.197552	-0.978885
		*TM_ROW1 0.0103904	-0.980292	-0.197278
		*TM_ROW2 -0.998566	0.000188708	-0.0535307
		*TM_ROW3 11.1149	-9.45845	60.6877
		*TM_POS 11.1149	-9.45845	60.6877
		*TM_ROTAXIS 0.723901	0.0721501	-0.686121
		*TM_ROTANGLE 3.00478
		*TM_SCALE 1	1	1
		*TM_SCALEAXIS 0	0	0
		*TM_SCALEAXISANG 0	0	0
	}
}
*HELPEROBJECT {
	*NODE_NAME "Bip01 L Foot"
	*NODE_PARENT "Bip01 L Calf"
	*NODE_TM {
		*NODE_NAME "Bip01 L Foot"
		*TM_ROW0 -6.00563e-007	7.23674e-006	-1
		*TM_ROW1 0.173652	-0.984807	-7.2672e-006
		*TM_ROW2 -0.984807	-0.173652	-5.93313e-007
		*TM_ROW3 13.6935	0.240668	12.6267
		*TM_POS 13.6935	0.240668	12.6267
		*TM_ROTAXIS 0.705757	0.0617498	-0.705757
		*TM_ROTANGLE 3.26493
		*TM_SCALE 1	1	1
		*TM_SCALEAXIS 0	0	0
		*TM_SCALEAXISANG 0	0	0
	}
}
*HELPEROBJECT {
	*NODE_NAME "Bip01 L Toe0"
	*NODE_PARENT "Bip01 L Foot"
	*NODE_TM {
		*NODE_NAME "Bip01 L Toe0"
		*TM_ROW0 0.173646	-0.984808	5.05606e-006
		*TM_ROW1 5.06961e-006	5.93591e-006	1
		*TM_ROW2 -0.984808	-0.173646	5.91983e-006
		*TM_ROW3 17.6256	-22.0591	-2.43328e-006
		*TM_POS 17.6256	-22.0591	-2.43328e-006
		*TM_ROTAXIS -0.644398	0.540718	0.540718
		*TM_ROTANGLE 1.99673
		*TM_SCALE 1	1	1
		*TM_SCALEAXIS 0	0	0
		*TM_SCALEAXISANG 0	0	0
	}
}
*HELPEROBJECT {
	*NODE_NAME "Bip01 R Thigh"
	*NODE_PARENT "Bip01 Pelvis"
	*NODE_TM {
		*NODE_NAME "Bip01 R Thigh"
		*TM_ROW0 -0.0535034	-0.0367749	-0.99789
		*TM_ROW1 0.00205776	-0.999324	0.0367174
		*TM_ROW2 -0.998566	-8.89041e-005	0.0535432
		*TM_ROW3 -9.01021	-8.01132	99.9496
		*TM_POS -9.01021	-8.01132	99.9496
		*TM_ROTAXIS 0.687862	-0.01262	-0.725732
		*TM_ROTANGLE 3.16835
		*TM_SCALE 1	1	1
		*TM_SCALEAXIS 0	0	0
		*TM_SCALEAXISANG 0	0	0
	}
}
*HELPEROBJECT {
	*NODE_NAME "Bip01 R Calf"
	*NODE_PARENT "Bip01 R Thigh"
	*NODE_TM {
		*NODE_NAME "Bip01 R Calf"
		*TM_ROW0 -0.0525024	0.197539	-0.978888
		*TM_ROW1 -0.0104967	-0.980295	-0.19726
		*TM_ROW2 -0.998566	-8.16062e-005	0.0535415
		*TM_ROW3 -11.1154	-9.45856	60.6878
		*TM_POS -11.1154	-9.45856	60.6878
		*TM_ROTAXIS 0.686298	0.0684898	-0.724088
		*TM_ROTANGLE 2.99744
		*TM_SCALE 1	1	1
		*TM_SCALEAXIS 0	0	0
		*TM_SCALEAXISANG 0	0	0
	}
}
*HELPEROBJECT {
	*NODE_NAME "Bip01 R Foot"
	*NODE_PARENT "Bip01 R Calf"
	*NODE_TM {
		*NODE_NAME "Bip01 R Foot"
		*TM_ROW0 -5.86066e-007	-7.25461e-006	-1
		*TM_ROW1 -0.173652	-0.984807	7.24331e-006
		*TM_ROW2 -0.984807	0.173652	-5.91966e-007
		*TM_ROW3 -13.6935	0.24065	12.6267
		*TM_POS -13.6935	0.24065	12.6267
		*TM_ROTAXIS 0.705757	-0.0617498	-0.705757
		*TM_ROTANGLE 3.01826
		*TM_SCALE 1	1	1
		*TM_SCALEAXIS 0	0	0
		*TM_SCALEAXISANG 0	0	0
	}
}
*HELPEROBJECT {
	*NODE_NAME "Bip01 R Toe0"
	*NODE_PARENT "Bip01 R Foot"
	*NODE_TM {
		*NODE_NAME "Bip01 R Toe0"
		*TM_ROW0 -0.173651	-0.984807	3.50312e-006
		*TM_ROW1 3.50539e-006	3.00781e-006	1
		*TM_ROW2 -0.984808	0.173651	3.01546e-006
		*TM_ROW3 -17.6255	-22.0592	3.52698e-005
		*TM_POS -17.6255	-22.0592	3.52698e-005
		*TM_ROTAXIS 0.510271	-0.608121	-0.608121
		*TM_ROTANGLE 4.08526
		*TM_SCALE 1	1	1
		*TM_SCALEAXIS 0	0	0
		*TM_SCALEAXISANG 0	0	0
	}
}
*HELPEROBJECT {
	*NODE_NAME "Dummy"
	*NODE_PARENT "Bip01 L Finger0"
	*NODE_TM {
		*NODE_NAME "Dummy"
		*TM_ROW0 -1	-0	0
		*TM_ROW1 -0	-1	0
		*TM_ROW2 -0	-0	1
		*TM_ROW3 29.4428	-14.9691	72.9478
		*TM_POS 29.4428	-14.9691	72.9478
		*TM_ROTAXIS 0	0	-1
		*TM_ROTANGLE 3.14159
		*TM_SCALE 1	1	1
		*TM_SCALEAXIS 0	0	0
		*TM_SCALEAXISANG 0	0	0
	}
}
*HELPEROBJECT {
	*NODE_NAME "Dummy1"
	*NODE_PARENT "Bip01 R Finger0"
	*NODE_TM {
		*NODE_NAME "Dummy1"
		*TM_ROW0 -1	-0	0
		*TM_ROW1 -0	-1	0
		*TM_ROW2 -0	-0	1
		*TM_ROW3 -29.4428	-14.9692	72.9479
		*TM_POS -29.4428	-14.9692	72.9479
		*TM_ROTAXIS 0	0	-1
		*TM_ROTANGLE 3.14159
		*TM_SCALE 1	1	1
		*TM_SCALEAXIS 0	0	0
		*TM_SCALEAXISANG 0	0	0
	}
}
*HELPEROBJECT {
	*NODE_NAME "Dummy2"
	*NODE_PARENT "Bip01 L Toe0"
	*NODE_TM {
		*NODE_NAME "Dummy2"
		*TM_ROW0 -1	-0	0
		*TM_ROW1 -0	-1	0
		*TM_ROW2 -0	-0	1
		*TM_ROW3 19.5916	-33.209	-6.31336
		*TM_POS 19.5916	-33.209	-6.31336
		*TM_ROTAXIS 0	0	-1
		*TM_ROTANGLE 3.14159
		*TM_SCALE 1	1	1
		*TM_SCALEAXIS 0	0	0
		*TM_SCALEAXISANG 0	0	0
	}
}
*HELPEROBJECT {
	*NODE_NAME "Dummy3"
	*NODE_PARENT "Bip01 R Toe0"
	*NODE_TM {
		*NODE_NAME "Dummy3"
		*TM_ROW0 -1	-0	0
		*TM_ROW1 -0	-1	0
		*TM_ROW2 -0	-0	1
		*TM_ROW3 -19.5915	-33.2091	-6.31332
		*TM_POS -19.5915	-33.2091	-6.31332
		*TM_ROTAXIS 0	0	-1
		*TM_ROTANGLE 3.14159
		*TM_SCALE 1	1	1
		*TM_SCALEAXIS 0	0	0
		*TM_SCALEAXISANG 0	0	0
	}
}
*GEOMOBJECT {
	*NODE_NAME "zm_Skin"
	*NODE_PARENT "Bip01"
	*NODE_TM {
		*NODE_NAME "zm_Skin"
		*TM_ROW0 -1	-0	0
		*TM_ROW1 -0	-1	0
		*TM_ROW2 -0	-0	1
		*TM_ROW3 -0	-0	0
		*TM_POS -0	-0	0
		*TM_ROTAXIS 0	0	-1
		*TM_ROTANGLE 3.14159
		*TM_SCALE 1	1	1
		*TM_SCALEAXIS 0	0	0
		*TM_SCALEAXISANG 0	0	0
	}
	*MATERIAL_REF 0
	*MESH_SOFTSKIN {
		*TIMEVALUE 0
		*MESH_NUMVERTEX 314
		*MESH_NUMFACES 614
		*MESH_VERTEX_LIST {
			*MESH_VERTEX 0	-10.1764	16.8565	151.044
			*MESH_VERTEX 1	20.034	12.0621	8.0072
			*MESH_VERTEX 2	-21.5025	11.7117	8.76699
			*MESH_VERTEX 3	29.8733	12.7521	142.855
			*MESH_VERTEX 4	36.6126	-2.66644	79.5546
			*MESH_VERTEX 5	20.8753	-14.6771	134.308
			*MESH_VERTEX 6	-19.1336	8.97168	133.518
			*MESH_VERTEX 7	-37.8412	-11.9787	86.073
			*MESH_VERTEX 8	-22.8997	-14.5175	134.187
			*MESH_VERTEX 9	-32.3024	11.5551	157.633
			*MESH_VERTEX 10	-13.6703	-31.3354	7.43093
			*MESH_VERTEX 11	4.61702	3.35093	93.6097
			*MESH_VERTEX 12	-14.9573	-1.64376	109.459
			*MESH_VERTEX 13	-31.2807	12.6663	144.709
			*MESH_VERTEX 14	29.2499	-16.7434	157.272
			*MESH_VERTEX 15	24.1704	-19.4781	4.7678
			*MESH_VERTEX 16	-30.8279	-5.08511	107.154
			*MESH_VERTEX 17	-32.1415	-17.07	94.8935
			*MESH_VERTEX 18	-36.2427	-3.63138	79.8281
			*MESH_VERTEX 19	-0.365454	-24.3224	135.145
			*MESH_VERTEX 20	-29.4934	-16.5728	157.218
			*MESH_VERTEX 21	-15.8672	-25.5106	123.838
			*MESH_VERTEX 22	8.32234	-22.1871	152.112
			*MESH_VERTEX 23	31.4216	-17.8687	93.6603
			*MESH_VERTEX 24	28.4849	4.76849	76.4084
			*MESH_VERTEX 25	28.8344	-3.9403	106.998
			*MESH_VERTEX 26	32.6336	11.4035	157.875
			*MESH_VERTEX 27	-32.0337	3.23352	137.442
			*MESH_VERTEX 28	-10.1687	0.00162091	131.063
			*MESH_VERTEX 29	-22.8871	-6.85573	123.661
			*MESH_VERTEX 30	-16.9884	-19.0774	146.861
			*MESH_VERTEX 31	-8.40029	-22.1702	151.888
			*MESH_VERTEX 32	-0.0905088	-26.5719	142.069
			*MESH_VERTEX 33	-24.476	8.40871	138.466
			*MESH_VERTEX 34	-29.867	-18.7399	149.446
			*MESH_VERTEX 35	-26.8682	-3.43567	157.243
			*MESH_VERTEX 36	34.7242	-6.12289	136.063
			*MESH_VERTEX 37	19.9713	8.99117	132.979
			*MESH_VERTEX 38	19.9713	8.99117	132.979
			*MESH_VERTEX 39	10.8361	0.221711	130.502
			*MESH_VERTEX 40	30.0903	-19.016	149.87
			*MESH_VERTEX 41	26.4951	6.65495	145.105
			*MESH_VERTEX 42	37.6331	-0.871698	149.862
			*MESH_VERTEX 43	16.0529	-19.2704	147.307
			*MESH_VERTEX 44	21.745	-6.93613	124.222
			*MESH_VERTEX 45	14.0767	-25.848	123.984
			*MESH_VERTEX 46	16.7731	1.03125	164.872
			*MESH_VERTEX 47	9.46932	16.7117	151.369
			*MESH_VERTEX 48	18.5314	8.42838	154.76
			*MESH_VERTEX 49	-17.4486	1.11078	164.648
			*MESH_VERTEX 50	-18.9016	8.52994	154.475
			*MESH_VERTEX 51	27.2123	-3.23739	156.854
			*MESH_VERTEX 52	-29.0122	-2.99818	4.72666
			*MESH_VERTEX 53	-19.1336	8.97168	133.518
			*MESH_VERTEX 54	-32.6078	10.1034	119.15
			*MESH_VERTEX 55	34.0301	7.38482	147.047
			*MESH_VERTEX 56	20.9821	5.85101	133.457
			*MESH_VERTEX 57	-38.621	-1.24729	154.764
			*MESH_VERTEX 58	-30.4265	-0.45846	148.248
			*MESH_VERTEX 59	-8.46017	-24.7254	118.294
			*MESH_VERTEX 60	-13.0533	-27.9322	26.811
			*MESH_VERTEX 61	-10.4046	-22.6603	102.864
			*MESH_VERTEX 62	-7.66152	-35.838	26.5429
			*MESH_VERTEX 63	-5.01135	3.68256	94.1668
			*MESH_VERTEX 64	-12.0553	10.0856	81.8875
			*MESH_VERTEX 65	13.6569	-1.88934	109.961
			*MESH_VERTEX 66	-4.17244	6.86529	108.2
			*MESH_VERTEX 67	10.393	5.29969	159.027
			*MESH_VERTEX 68	27.0187	-9.90771	146.18
			*MESH_VERTEX 69	12.1162	-16.2899	156.032
			*MESH_VERTEX 70	17.3312	-13.0935	128.092
			*MESH_VERTEX 71	31.4106	8.20532	119.361
			*MESH_VERTEX 72	-16.552	-12.3176	128.327
			*MESH_VERTEX 73	38.5026	-0.540164	154.702
			*MESH_VERTEX 74	14.5761	-30.4852	7.61985
			*MESH_VERTEX 75	12.4822	10.9399	82.0726
			*MESH_VERTEX 76	11.2065	-11.1399	96.6132
			*MESH_VERTEX 77	-12.3068	-10.0492	97.7954
			*MESH_VERTEX 78	7.69665	-15.2867	157.483
			*MESH_VERTEX 79	-14.5874	-11.5457	160.606
			*MESH_VERTEX 80	-13.0684	-16.058	155.904
			*MESH_VERTEX 81	-0.0124371	7.29157	155.651
			*MESH_VERTEX 82	10.7412	6.95689	156.466
			*MESH_VERTEX 83	-11.0425	5.44958	158.957
			*MESH_VERTEX 84	-8.68094	-15.1296	157.399
			*MESH_VERTEX 85	-10.6029	-12.3654	155.511
			*MESH_VERTEX 86	9.71879	-12.4835	155.561
			*MESH_VERTEX 87	8.80363	22.6994	8.85728
			*MESH_VERTEX 88	-37.7994	-1.47066	149.924
			*MESH_VERTEX 89	28.4752	9.63826	153.119
			*MESH_VERTEX 90	-28.6855	-9.41775	145.087
			*MESH_VERTEX 91	-32.0336	3.23352	137.442
			*MESH_VERTEX 92	-34.0354	-5.80218	137.304
			*MESH_VERTEX 93	-27.8763	9.83627	153.347
			*MESH_VERTEX 94	32.8989	2.95219	136.467
			*MESH_VERTEX 95	15.9123	-17.9541	132.678
			*MESH_VERTEX 96	-17.1015	13.7391	136.803
			*MESH_VERTEX 97	17.5475	13.3263	137.15
			*MESH_VERTEX 98	-8.77377	18.3092	133.771
			*MESH_VERTEX 99	-30.3528	15.3028	150.49
			*MESH_VERTEX 100	-9.79049	9.22912	54.918
			*MESH_VERTEX 101	-8.48074	14.7584	55.6422
			*MESH_VERTEX 102	8.33388	10.3215	55.1567
			*MESH_VERTEX 103	6.87309	15.4514	55.8127
			*MESH_VERTEX 104	8.33449	18.2218	134.017
			*MESH_VERTEX 105	30.4225	15.2717	150.324
			*MESH_VERTEX 106	32.8989	2.95219	136.467
			*MESH_VERTEX 107	-16.2867	-17.0591	132.166
			*MESH_VERTEX 108	14.5047	2.77339	114.329
			*MESH_VERTEX 109	14.2277	-19.3831	116.607
			*MESH_VERTEX 110	-0.592032	3.90295	109.231
			*MESH_VERTEX 111	27.3376	-2.17205	4.40497
			*MESH_VERTEX 112	-27.8845	11.065	142.06
			*MESH_VERTEX 113	-22.952	6.0349	133.333
			*MESH_VERTEX 114	13.3459	-28.5412	26.983
			*MESH_VERTEX 115	8.58616	-35.3332	26.8353
			*MESH_VERTEX 116	-27.8644	7.1428	144.012
			*MESH_VERTEX 117	-25	-20.0286	4.69114
			*MESH_VERTEX 118	37.7049	-11.8344	85.173
			*MESH_VERTEX 119	4.02636	-25.9689	103.342
			*MESH_VERTEX 120	5.1742	-2.97005	17.4583
			*MESH_VERTEX 121	29.7905	-17.8492	146.878
			*MESH_VERTEX 122	28.8214	-0.783877	149.124
			*MESH_VERTEX 123	-12.9011	-0.0736099	155.387
			*MESH_VERTEX 124	0.0662009	6.64196	152.846
			*MESH_VERTEX 125	3.01648	6.9378	108.194
			*MESH_VERTEX 126	-32.7259	-1.15941	162.138
			*MESH_VERTEX 127	30.3601	-9.00541	119.035
			*MESH_VERTEX 128	-19.2174	-8.97984	116.184
			*MESH_VERTEX 129	17.0959	-6.35401	116.005
			*MESH_VERTEX 130	-29.6123	-17.58	146.469
			*MESH_VERTEX 131	16.3138	10.9169	159.617
			*MESH_VERTEX 132	17.3815	-0.611464	159.642
			*MESH_VERTEX 133	-11.3745	7.10955	156.424
			*MESH_VERTEX 134	-14.6111	1.99155	113.713
			*MESH_VERTEX 135	33.0107	-0.953642	161.953
			*MESH_VERTEX 136	-16.6781	11.0259	159.309
			*MESH_VERTEX 137	-17.4061	-0.476412	159.416
			*MESH_VERTEX 138	26.5158	10.8135	140.01
			*MESH_VERTEX 139	-6.16304	-29.1505	95.1409
			*MESH_VERTEX 140	-30.2584	-10.4739	117.906
			*MESH_VERTEX 141	-15.3188	-19.1755	116.478
			*MESH_VERTEX 142	-7.60436	-23.213	116.988
			*MESH_VERTEX 143	-0.841269	-26.5721	118.998
			*MESH_VERTEX 144	-17.2246	-20.1469	136.835
			*MESH_VERTEX 145	-8.17904	-26.4903	107.743
			*MESH_VERTEX 146	22.8606	7.95064	138.934
			*MESH_VERTEX 147	13.971	-11.7555	160.705
			*MESH_VERTEX 148	0.100075	16.8036	148.37
			*MESH_VERTEX 149	17.3211	-9.44227	110.027
			*MESH_VERTEX 150	-37.1545	4.60818	119.375
			*MESH_VERTEX 151	20.8697	-16.3316	152.456
			*MESH_VERTEX 152	-34.4821	7.46501	146.974
			*MESH_VERTEX 153	-9.78259	22.0191	8.94877
			*MESH_VERTEX 154	-6.64763	11.6521	100.76
			*MESH_VERTEX 155	-0.0295665	13.8738	132.233
			*MESH_VERTEX 156	20.336	-22.6157	148.023
			*MESH_VERTEX 157	-20.9314	-22.4714	147.643
			*MESH_VERTEX 158	7.19198	-24.7947	118.053
			*MESH_VERTEX 159	6.66081	-23.2717	117.023
			*MESH_VERTEX 160	-36.4833	-11.2006	154.332
			*MESH_VERTEX 161	-22.5418	10.2788	132.171
			*MESH_VERTEX 162	16.594	-20.1203	136.741
			*MESH_VERTEX 163	-7.64014	-32.3106	55.6319
			*MESH_VERTEX 164	-18.0574	-24.6157	61.8417
			*MESH_VERTEX 165	-18.1214	-22.4115	27.1682
			*MESH_VERTEX 166	-12.5681	-25.7778	27.8028
			*MESH_VERTEX 167	-21.216	-16.1931	152.07
			*MESH_VERTEX 168	-0.893533	-29.6465	123.004
			*MESH_VERTEX 169	36.8128	-10.8514	154.378
			*MESH_VERTEX 170	-22.8168	-8.1337	119.817
			*MESH_VERTEX 171	-16.6625	-24.1598	119.784
			*MESH_VERTEX 172	-0.535166	3.85221	116.192
			*MESH_VERTEX 173	-18.4813	4.57018	119.573
			*MESH_VERTEX 174	15.2012	0.73928	116.576
			*MESH_VERTEX 175	-0.282154	8.0348	118.357
			*MESH_VERTEX 176	12.1938	-0.0886435	155.756
			*MESH_VERTEX 177	8.15602	-31.7636	55.7937
			*MESH_VERTEX 178	18.4461	-21.1225	29.6243
			*MESH_VERTEX 179	12.7324	-26.4045	28.2134
			*MESH_VERTEX 180	34.6871	8.34439	150.062
			*MESH_VERTEX 181	-25.8723	9.11039	111.944
			*MESH_VERTEX 182	5.25639	-29.0085	95.1546
			*MESH_VERTEX 183	4.9628	11.5906	101.03
			*MESH_VERTEX 184	-24.9662	-16.4771	141.523
			*MESH_VERTEX 185	-28.0167	3.58829	76.3668
			*MESH_VERTEX 186	-24.0386	-15.3644	98.3279
			*MESH_VERTEX 187	-16.3677	-8.64539	116.069
			*MESH_VERTEX 188	15.1462	-24.2956	119.783
			*MESH_VERTEX 189	-5.52364	-25.9417	103.131
			*MESH_VERTEX 190	36.1147	-10.1614	149.545
			*MESH_VERTEX 191	15.0651	1.61126	105.868
			*MESH_VERTEX 192	21.4071	-8.3602	119.816
			*MESH_VERTEX 193	18.2277	-9.0249	116.859
			*MESH_VERTEX 194	22.9977	-16.4061	97.0218
			*MESH_VERTEX 195	18.3696	-22.4105	62.3119
			*MESH_VERTEX 196	5.8863	-23.0074	109.485
			*MESH_VERTEX 197	6.27216	-26.5597	107.768
			*MESH_VERTEX 198	8.36207	-22.696	103.096
			*MESH_VERTEX 199	-18.9837	2.8514	54.586
			*MESH_VERTEX 200	17.2674	9.27547	29.3901
			*MESH_VERTEX 201	-18.5891	8.50987	29.5539
			*MESH_VERTEX 202	-12.1639	19.118	25.7974
			*MESH_VERTEX 203	10.8769	19.8173	26.2205
			*MESH_VERTEX 204	10.6059	17.5862	27.4947
			*MESH_VERTEX 205	-11.7948	16.9148	26.9718
			*MESH_VERTEX 206	-7.34915	-22.9377	109.473
			*MESH_VERTEX 207	-8.46649	7.25574	101.121
			*MESH_VERTEX 208	-16.0666	0.970496	116.124
			*MESH_VERTEX 209	-18.8123	-9.36179	109.411
			*MESH_VERTEX 210	-15.9949	1.5043	105.872
			*MESH_VERTEX 211	24.6572	7.95765	113.306
			*MESH_VERTEX 212	21.4776	9.7304	132.232
			*MESH_VERTEX 213	17.4395	3.89339	119.828
			*MESH_VERTEX 214	13.6427	-19.163	109.751
			*MESH_VERTEX 215	20.6325	-9.10324	106.033
			*MESH_VERTEX 216	-35.177	8.40231	150.082
			*MESH_VERTEX 217	26.9265	7.87048	133.628
			*MESH_VERTEX 218	-35.8642	-10.4358	149.513
			*MESH_VERTEX 219	-0.868173	-28.1438	106.959
			*MESH_VERTEX 220	0.0172643	-0.627626	157.63
			*MESH_VERTEX 221	-26.0955	7.96336	134.354
			*MESH_VERTEX 222	0.0972428	12.3474	149.853
			*MESH_VERTEX 223	-26.0955	7.96336	134.354
			*MESH_VERTEX 224	26.9265	7.87048	133.628
			*MESH_VERTEX 225	36.6762	-4.13712	119.328
			*MESH_VERTEX 226	29.3426	-14.6717	137.113
			*MESH_VERTEX 227	10.2336	-0.535138	160.385
			*MESH_VERTEX 228	-15.2922	-19.0823	109.652
			*MESH_VERTEX 229	-21.4388	-9.06235	106.179
			*MESH_VERTEX 230	0.0674208	18.877	132.189
			*MESH_VERTEX 231	6.66602	7.16386	101.613
			*MESH_VERTEX 232	24.5653	-20.5054	144.539
			*MESH_VERTEX 233	21.0082	-19.134	136.911
			*MESH_VERTEX 234	-23.7892	-7.72343	28.0846
			*MESH_VERTEX 235	-25.0557	-7.66499	27.4558
			*MESH_VERTEX 236	-24.7552	-20.3226	144.337
			*MESH_VERTEX 237	-24.9337	-13.0103	138.92
			*MESH_VERTEX 238	-22.1336	-14.296	131.464
			*MESH_VERTEX 239	-27.9982	-14.511	137.844
			*MESH_VERTEX 240	7.89428	-22.4896	107.453
			*MESH_VERTEX 241	-33.1788	7.08838	112.148
			*MESH_VERTEX 242	-19.6628	9.55257	28.2805
			*MESH_VERTEX 243	-19.1555	-23.1424	25.9634
			*MESH_VERTEX 244	36.0605	3.03408	119.122
			*MESH_VERTEX 245	23.554	-8.74958	118.148
			*MESH_VERTEX 246	-18.0978	6.64395	123.097
			*MESH_VERTEX 247	22.4411	-6.04026	31.4187
			*MESH_VERTEX 248	19.5355	-21.8311	28.2951
			*MESH_VERTEX 249	-37.2116	-3.94358	119.055
			*MESH_VERTEX 250	17.8937	16.1137	137.258
			*MESH_VERTEX 251	-10.9941	-0.498627	159.996
			*MESH_VERTEX 252	-16.6054	-20.5032	106.363
			*MESH_VERTEX 253	31.8181	5.65947	113.41
			*MESH_VERTEX 254	22.7843	-13.5041	139.187
			*MESH_VERTEX 255	23.1898	-14.8041	131.005
			*MESH_VERTEX 256	15.0195	-20.6028	106.354
			*MESH_VERTEX 257	18.3322	10.4434	27.1914
			*MESH_VERTEX 258	16.8364	6.61704	123.681
			*MESH_VERTEX 259	23.7377	-5.82281	29.8395
			*MESH_VERTEX 260	-8.81356	12.9302	133.831
			*MESH_VERTEX 261	15.1658	3.08062	102.296
			*MESH_VERTEX 262	19.8857	-9.83111	101.993
			*MESH_VERTEX 263	21.633	-9.40796	94.0441
			*MESH_VERTEX 264	14.6015	-20.048	101.785
			*MESH_VERTEX 265	-23.1005	-10.7435	116.989
			*MESH_VERTEX 266	-9.26177	-22.3636	107.418
			*MESH_VERTEX 267	-16.0936	-19.8947	102.1
			*MESH_VERTEX 268	13.3668	3.21248	117.408
			*MESH_VERTEX 269	8.29462	12.8449	134.077
			*MESH_VERTEX 270	-17.3557	16.5262	136.945
			*MESH_VERTEX 271	-15.9704	3.32169	101.323
			*MESH_VERTEX 272	-21.0138	-9.90995	101.237
			*MESH_VERTEX 273	9.65396	-24.2256	95.1251
			*MESH_VERTEX 274	-22.6578	-10.35	93.6262
			*MESH_VERTEX 275	4.9813	12.0442	91.9825
			*MESH_VERTEX 276	7.42583	8.17417	92.7866
			*MESH_VERTEX 277	-12.074	-26.0586	62.4305
			*MESH_VERTEX 278	-11.1762	-24.259	94.984
			*MESH_VERTEX 279	-13.6599	2.70623	116.225
			*MESH_VERTEX 280	30.7879	-9.98941	116.632
			*MESH_VERTEX 281	16.564	-6.07185	117.312
			*MESH_VERTEX 282	-16.1008	-8.19829	116.05
			*MESH_VERTEX 283	-7.00004	-12.5164	155.13
			*MESH_VERTEX 284	0.0257051	-12.2953	154.563
			*MESH_VERTEX 285	6.14437	-12.6476	155.201
			*MESH_VERTEX 286	23.0006	-9.0468	55.6399
			*MESH_VERTEX 287	-30.4382	-11.6798	116.558
			*MESH_VERTEX 288	-24.6731	10.3273	118.408
			*MESH_VERTEX 289	-17.5931	-20.5126	94.6598
			*MESH_VERTEX 290	-6.72353	11.6857	91.8041
			*MESH_VERTEX 291	-37.7104	-5.61322	114.925
			*MESH_VERTEX 292	17.9519	4.81564	56.1825
			*MESH_VERTEX 293	-9.1816	7.40112	92.7751
			*MESH_VERTEX 294	-18.2488	2.54559	91.6771
			*MESH_VERTEX 295	12.6767	-26.1954	56.2632
			*MESH_VERTEX 296	-38	2.71573	112.97
			*MESH_VERTEX 297	23.4718	8.75147	118.937
			*MESH_VERTEX 298	16.8897	3.09385	92.5502
			*MESH_VERTEX 299	15.2181	-20.6358	93.9341
			*MESH_VERTEX 300	37.2223	-5.44942	115.436
			*MESH_VERTEX 301	-23.1019	-12.3296	61.641
			*MESH_VERTEX 302	-23.8961	-12.188	54.395
			*MESH_VERTEX 303	36.7969	1.56592	113.977
			*MESH_VERTEX 304	19.0564	-22.1975	54.9177
			*MESH_VERTEX 305	22.1609	-8.83377	62.729
			*MESH_VERTEX 306	-0.458936	10.4185	123.308
			*MESH_VERTEX 307	23.9434	-9.17345	116.58
			*MESH_VERTEX 308	-7.36504	-31.6394	62.7305
			*MESH_VERTEX 309	-12.2985	-25.8957	55.587
			*MESH_VERTEX 310	-18.6356	-24.7891	54.4041
			*MESH_VERTEX 311	-23.2977	-11.3705	116.622
			*MESH_VERTEX 312	7.55141	-31.0523	62.7638
			*MESH_VERTEX 313	12.0794	-25.8067	62.7752
		}
		*MESH_FACE_LIST {
			*MESH_FACE    0:    A:    101 B:    100 C:    290 AB:    1 BC:    1 CA:    1	 *MESH_SMOOTHING 1 	*MESH_MTLID 0
			*MESH_FACE    1:    A:    313 B:    195 C:    273 AB:    1 BC:    1 CA:    1	 *MESH_SMOOTHING 1 	*MESH_MTLID 0
			*MESH_FACE    2:    A:    308 B:    182 C:    139 AB:    1 BC:    1 CA:    1	 *MESH_SMOOTHING 1 	*MESH_MTLID 0
			*MESH_FACE    3:    A:    290 B:    275 C:    103 AB:    1 BC:    1 CA:    1	 *MESH_SMOOTHING 1 	*MESH_MTLID 0
			*MESH_FACE    4:    A:    300 B:    280 C:    118 AB:    1 BC:    1 CA:    1	 *MESH_SMOOTHING 1 	*MESH_MTLID 0
			*MESH_FACE    5:    A:    129 B:    108 C:    76 AB:    1 BC:    1 CA:    1	 *MESH_SMOOTHING 1 	*MESH_MTLID 0
			*MESH_FACE    6:    A:    155 B:    306 C:    260 AB:    1 BC:    1 CA:    1	 *MESH_SMOOTHING 1 	*MESH_MTLID 0
			*MESH_FACE    7:    A:    105 B:    47 C:    131 AB:    1 BC:    1 CA:    1	 *MESH_SMOOTHING 1 	*MESH_MTLID 0
			*MESH_FACE    8:    A:    246 B:    260 C:    306 AB:    1 BC:    1 CA:    1	 *MESH_SMOOTHING 1 	*MESH_MTLID 0
			*MESH_FACE    9:    A:    132 B:    69 C:    147 AB:    1 BC:    1 CA:    1	 *MESH_SMOOTHING 1 	*MESH_MTLID 0
			*MESH_FACE    10:    A:    7 B:    287 C:    291 AB:    1 BC:    1 CA:    1	 *MESH_SMOOTHING 1 	*MESH_MTLID 0
			*MESH_FACE    11:    A:    77 B:    134 C:    187 AB:    1 BC:    1 CA:    1	 *MESH_SMOOTHING 1 	*MESH_MTLID 0
			*MESH_FACE    12:    A:    221 B:    116 C:    33 AB:    1 BC:    1 CA:    1	 *MESH_SMOOTHING 1 	*MESH_MTLID 0
			*MESH_FACE    13:    A:    28 B:    113 C:    29 AB:    1 BC:    1 CA:    1	 *MESH_SMOOTHING 1 	*MESH_MTLID 0
			*MESH_FACE    14:    A:    148 B:    230 C:    98 AB:    1 BC:    1 CA:    1	 *MESH_SMOOTHING 1 	*MESH_MTLID 0
			*MESH_FACE    15:    A:    137 B:    79 C:    80 AB:    1 BC:    1 CA:    1	 *MESH_SMOOTHING 1 	*MESH_MTLID 0
			*MESH_FACE    16:    A:    165 B:    302 C:    234 AB:    1 BC:    1 CA:    1	 *MESH_SMOOTHING 1 	*MESH_MTLID 0
			*MESH_FACE    17:    A:    117 B:    52 C:    120 AB:    1 BC:    1 CA:    1	 *MESH_SMOOTHING 1 	*MESH_MTLID 0
			*MESH_FACE    18:    A:    76 B:    194 C:    129 AB:    1 BC:    1 CA:    1	 *MESH_SMOOTHING 1 	*MESH_MTLID 0
			*MESH_FACE    19:    A:    24 B:    75 C:    253 AB:    1 BC:    1 CA:    1	 *MESH_SMOOTHING 1 	*MESH_MTLID 0
			*MESH_FACE    20:    A:    294 B:    199 C:    274 AB:    1 BC:    1 CA:    1	 *MESH_SMOOTHING 1 	*MESH_MTLID 0
			*MESH_FACE    21:    A:    29 B:    161 C:    246 AB:    1 BC:    1 CA:    1	 *MESH_SMOOTHING 1 	*MESH_MTLID 0
			*MESH_FACE    22:    A:    161 B:    96 C:    246 AB:    1 BC:    1 CA:    1	 *MESH_SMOOTHING 1 	*MESH_MTLID 0
			*MESH_FACE    23:    A:    35 B:    9 C:    93 AB:    1 BC:    1 CA:    1	 *MESH_SMOOTHING 1 	*MESH_MTLID 0
			*MESH_FACE    24:    A:    195 B:    263 C:    299 AB:    1 BC:    1 CA:    1	 *MESH_SMOOTHING 1 	*MESH_MTLID 0
			*MESH_FACE    25:    A:    68 B:    122 C:    121 AB:    1 BC:    1 CA:    1	 *MESH_SMOOTHING 1 	*MESH_MTLID 0
			*MESH_FACE    26:    A:    305 B:    263 C:    195 AB:    1 BC:    1 CA:    1	 *MESH_SMOOTHING 1 	*MESH_MTLID 0
			*MESH_FACE    27:    A:    10 B:    120 C:    74 AB:    1 BC:    1 CA:    1	 *MESH_SMOOTHING 1 	*MESH_MTLID 0
			*MESH_FACE    28:    A:    16 B:    17 C:    7 AB:    1 BC:    1 CA:    1	 *MESH_SMOOTHING 1 	*MESH_MTLID 0
			*MESH_FACE    29:    A:    287 B:    7 C:    17 AB:    1 BC:    1 CA:    1	 *MESH_SMOOTHING 1 	*MESH_MTLID 0
			*MESH_FACE    30:    A:    187 B:    186 C:    77 AB:    1 BC:    1 CA:    1	 *MESH_SMOOTHING 1 	*MESH_MTLID 0
			*MESH_FACE    31:    A:    186 B:    16 C:    77 AB:    1 BC:    1 CA:    1	 *MESH_SMOOTHING 1 	*MESH_MTLID 0
			*MESH_FACE    32:    A:    18 B:    16 C:    7 AB:    1 BC:    1 CA:    1	 *MESH_SMOOTHING 1 	*MESH_MTLID 0
			*MESH_FACE    33:    A:    291 B:    18 C:    7 AB:    1 BC:    1 CA:    1	 *MESH_SMOOTHING 1 	*MESH_MTLID 0
			*MESH_FACE    34:    A:    310 B:    302 C:    165 AB:    1 BC:    1 CA:    1	 *MESH_SMOOTHING 1 	*MESH_MTLID 0
			*MESH_FACE    35:    A:    21 B:    157 C:    30 AB:    1 BC:    1 CA:    1	 *MESH_SMOOTHING 1 	*MESH_MTLID 0
			*MESH_FACE    36:    A:    20 B:    126 C:    35 AB:    1 BC:    1 CA:    1	 *MESH_SMOOTHING 1 	*MESH_MTLID 0
			*MESH_FACE    37:    A:    79 B:    157 C:    31 AB:    1 BC:    1 CA:    1	 *MESH_SMOOTHING 1 	*MESH_MTLID 0
			*MESH_FACE    38:    A:    21 B:    31 C:    157 AB:    1 BC:    1 CA:    1	 *MESH_SMOOTHING 1 	*MESH_MTLID 0
			*MESH_FACE    39:    A:    22 B:    168 C:    45 AB:    1 BC:    1 CA:    1	 *MESH_SMOOTHING 1 	*MESH_MTLID 0
			*MESH_FACE    40:    A:    32 B:    168 C:    22 AB:    1 BC:    1 CA:    1	 *MESH_SMOOTHING 1 	*MESH_MTLID 0
			*MESH_FACE    41:    A:    32 B:    78 C:    86 AB:    1 BC:    1 CA:    1	 *MESH_SMOOTHING 1 	*MESH_MTLID 0
			*MESH_FACE    42:    A:    118 B:    4 C:    300 AB:    1 BC:    1 CA:    1	 *MESH_SMOOTHING 1 	*MESH_MTLID 0
			*MESH_FACE    43:    A:    24 B:    25 C:    75 AB:    1 BC:    1 CA:    1	 *MESH_SMOOTHING 1 	*MESH_MTLID 0
			*MESH_FACE    44:    A:    4 B:    25 C:    24 AB:    1 BC:    1 CA:    1	 *MESH_SMOOTHING 1 	*MESH_MTLID 0
			*MESH_FACE    45:    A:    4 B:    24 C:    303 AB:    1 BC:    1 CA:    1	 *MESH_SMOOTHING 1 	*MESH_MTLID 0
			*MESH_FACE    46:    A:    76 B:    25 C:    194 AB:    1 BC:    1 CA:    1	 *MESH_SMOOTHING 1 	*MESH_MTLID 0
			*MESH_FACE    47:    A:    4 B:    23 C:    25 AB:    1 BC:    1 CA:    1	 *MESH_SMOOTHING 1 	*MESH_MTLID 0
			*MESH_FACE    48:    A:    14 B:    51 C:    135 AB:    1 BC:    1 CA:    1	 *MESH_SMOOTHING 1 	*MESH_MTLID 0
			*MESH_FACE    49:    A:    105 B:    104 C:    47 AB:    1 BC:    1 CA:    1	 *MESH_SMOOTHING 1 	*MESH_MTLID 0
			*MESH_FACE    50:    A:    116 B:    221 C:    27 AB:    1 BC:    1 CA:    1	 *MESH_SMOOTHING 1 	*MESH_MTLID 0
			*MESH_FACE    51:    A:    185 B:    296 C:    241 AB:    1 BC:    1 CA:    1	 *MESH_SMOOTHING 1 	*MESH_MTLID 0
			*MESH_FACE    52:    A:    113 B:    28 C:    6 AB:    1 BC:    1 CA:    1	 *MESH_SMOOTHING 1 	*MESH_MTLID 0
			*MESH_FACE    53:    A:    29 B:    72 C:    28 AB:    1 BC:    1 CA:    1	 *MESH_SMOOTHING 1 	*MESH_MTLID 0
			*MESH_FACE    54:    A:    144 B:    21 C:    30 AB:    1 BC:    1 CA:    1	 *MESH_SMOOTHING 1 	*MESH_MTLID 0
			*MESH_FACE    55:    A:    144 B:    30 C:    236 AB:    1 BC:    1 CA:    1	 *MESH_SMOOTHING 1 	*MESH_MTLID 0
			*MESH_FACE    56:    A:    57 B:    35 C:    93 AB:    1 BC:    1 CA:    1	 *MESH_SMOOTHING 1 	*MESH_MTLID 0
			*MESH_FACE    57:    A:    168 B:    32 C:    31 AB:    1 BC:    1 CA:    1	 *MESH_SMOOTHING 1 	*MESH_MTLID 0
			*MESH_FACE    58:    A:    32 B:    285 C:    284 AB:    1 BC:    1 CA:    1	 *MESH_SMOOTHING 1 	*MESH_MTLID 0
			*MESH_FACE    59:    A:    32 B:    19 C:    22 AB:    1 BC:    1 CA:    1	 *MESH_SMOOTHING 1 	*MESH_MTLID 0
			*MESH_FACE    60:    A:    19 B:    32 C:    31 AB:    1 BC:    1 CA:    1	 *MESH_SMOOTHING 1 	*MESH_MTLID 0
			*MESH_FACE    61:    A:    31 B:    32 C:    19 AB:    1 BC:    1 CA:    1	 *MESH_SMOOTHING 1 	*MESH_MTLID 0
			*MESH_FACE    62:    A:    22 B:    19 C:    32 AB:    1 BC:    1 CA:    1	 *MESH_SMOOTHING 1 	*MESH_MTLID 0
