*3DSMAX_ASCIIEXPORT	110
*COMMENT "[ GothicSourcer v3.10 ] - August 2006"
*SCENE {
	*SCENE_FILENAME "ARMOR_VLKBABE_L.MAX"
	*SCENE_FIRSTFRAME 0
	*SCENE_LASTFRAME 100
	*SCENE_FRAMESPEED 25
	*SCENE_TICKSPERFRAME 192
	*SCENE_BACKGROUND_STATIC 0	0	0
	*SCENE_AMBIENT_STATIC 0.2	0.2	0.2
}
*MATERIAL_LIST {
	*MATERIAL_COUNT 1
	*MATERIAL 0 {
		*MATERIAL_NAME "Compound Material #1"
		*MATERIAL_CLASS "Multi/Sub-Object"
		*NUMSUBMTLS 2
		*SUBMATERIAL 0 {
			*MATERIAL_NAME "V3_C3"
			*MATERIAL_CLASS "Standard"
			*MATERIAL_AMBIENT 0.368627	0.32549	0.290196
			*MATERIAL_DIFFUSE 0.368627	0.32549	0.290196
			*MATERIAL_SPECULAR 0.9	0.9	0.9
			*MATERIAL_SHINE 0.1
			*MATERIAL_SHINESTRENGTH 0
			*MATERIAL_TRANSPARENCY 0
			*MATERIAL_WIRESIZE 1
			*MATERIAL_SHADING Blinn
			*MATERIAL_XP_FALLOFF 0
			*MATERIAL_SELFILLUM 0
			*MATERIAL_FALLOFF In
			*MATERIAL_XP_TYPE Filter
			*MAP_DIFFUSE {
				*MAP_NAME "Map #1-1"
				*MAP_CLASS "Bitmap"
				*MAP_SUBNO 1
				*MAP_AMOUNT 1
				*BITMAP "BUERGERINKLEID1-1.TGA"
				*MAP_TYPE Screen
				*UVW_U_OFFSET 0
				*UVW_V_OFFSET 0
				*UVW_U_TILING 1
				*UVW_V_TILING 1
				*UVW_ANGLE 0
				*UVW_BLUR 1
				*UVW_BLUR_OFFSET 0
				*UVW_NOUSE_AMT 1
				*UVW_NOISE_SIZE 1
				*UVW_NOISE_LEVEL 1
				*UVW_NOISE_PHASE 0
				*BITMAP_FILTER Pyramidal
			}
		}
		*SUBMATERIAL 1 {
			*MATERIAL_NAME "BABE_V1_C1"
			*MATERIAL_CLASS "Standard"
			*MATERIAL_AMBIENT 0.509804	0.407843	0.305882
			*MATERIAL_DIFFUSE 0.509804	0.407843	0.305882
			*MATERIAL_SPECULAR 0.9	0.9	0.9
			*MATERIAL_SHINE 0.1
			*MATERIAL_SHINESTRENGTH 0
			*MATERIAL_TRANSPARENCY 0
			*MATERIAL_WIRESIZE 1
			*MATERIAL_SHADING Blinn
			*MATERIAL_XP_FALLOFF 0
			*MATERIAL_SELFILLUM 0
			*MATERIAL_FALLOFF In
			*MATERIAL_XP_TYPE Filter
			*MAP_DIFFUSE {
				*MAP_NAME "Map #1-2"
				*MAP_CLASS "Bitmap"
				*MAP_SUBNO 1
				*MAP_AMOUNT 1
				*BITMAP "HUM_BODY_NAKED_V0_C0.TGA"
				*MAP_TYPE Screen
				*UVW_U_OFFSET 0
				*UVW_V_OFFSET 0
				*UVW_U_TILING 1
				*UVW_V_TILING 1
				*UVW_ANGLE 0
				*UVW_BLUR 1
				*UVW_BLUR_OFFSET 0
				*UVW_NOUSE_AMT 1
				*UVW_NOISE_SIZE 1
				*UVW_NOISE_LEVEL 1
				*UVW_NOISE_PHASE 0
				*BITMAP_FILTER Pyramidal
			}
		}
	}
}
*HELPEROBJECT {
	*NODE_NAME "Bip01"
	*NODE_TM {
		*NODE_NAME "Bip01"
		*TM_ROW0 6.27438e-006	-1	0
		*TM_ROW1 1	6.27438e-006	0
		*TM_ROW2 -0	-0	1
		*TM_ROW3 0	-7.37745	99.9496
		*TM_POS 0	-7.37745	99.9496
		*TM_ROTAXIS 0	0	1
		*TM_ROTANGLE 1.57079
		*TM_SCALE 1	1	1
		*TM_SCALEAXIS 0	0	0
		*TM_SCALEAXISANG 0	0	0
	}
}
*HELPEROBJECT {
	*NODE_NAME "Bip01 Pelvis"
	*NODE_PARENT "Bip01"
	*NODE_TM {
		*NODE_NAME "Bip01 Pelvis"
		*TM_ROW0 -5.96014e-008	1.79264e-006	1
		*TM_ROW1 -1.79264e-006	-1	1.79264e-006
		*TM_ROW2 1	-1.79264e-006	-5.96014e-008
		*TM_ROW3 1e-005	-8.0113	99.9496
		*TM_POS 1e-005	-8.0113	99.9496
		*TM_ROTAXIS 0.707107	0	0.707107
		*TM_ROTANGLE 3.1416
		*TM_SCALE 1	1	1
		*TM_SCALEAXIS 0	0	0
		*TM_SCALEAXISANG 0	0	0
	}
}
*HELPEROBJECT {
	*NODE_NAME "Bip01 Spine"
	*NODE_PARENT "Bip01 Pelvis"
	*NODE_TM {
		*NODE_NAME "Bip01 Spine"
		*TM_ROW0 6.6944e-008	-0.0205947	0.999788
		*TM_ROW1 5.48642e-006	-0.999788	-0.0205947
		*TM_ROW2 1	5.48642e-006	6.6944e-008
		*TM_ROW3 1e-005	-7.92216	102.35
		*TM_POS 1e-005	-7.92216	102.35
		*TM_ROTAXIS 0.707088	-0.00727998	0.707088
		*TM_ROTANGLE 3.12703
		*TM_SCALE 1	1	1
		*TM_SCALEAXIS 0	0	0
		*TM_SCALEAXISANG 0	0	0
	}
}
*HELPEROBJECT {
	*NODE_NAME "Bip01 Spine1"
	*NODE_PARENT "Bip01 Spine"
	*NODE_TM {
		*NODE_NAME "Bip01 Spine1"
		*TM_ROW0 6.76996e-008	-0.00276992	0.999996
		*TM_ROW1 -1.92621e-006	-0.999996	-0.00276991
		*TM_ROW2 1	-1.92621e-006	6.76996e-008
		*TM_ROW3 1e-005	-8.11442	112.175
		*TM_POS 1e-005	-8.11442	112.175
		*TM_ROTAXIS -0.707107	0.000979995	-0.707106
		*TM_ROTANGLE 3.14355
		*TM_SCALE 1	1	1
		*TM_SCALEAXIS 0	0	0
		*TM_SCALEAXISANG 0	0	0
	}
}
*HELPEROBJECT {
	*NODE_NAME "Bip01 Spine2"
	*NODE_PARENT "Bip01 Spine1"
	*NODE_TM {
		*NODE_NAME "Bip01 Spine2"
		*TM_ROW0 3.48622e-008	0.180243	0.983622
		*TM_ROW1 1.67638e-006	-0.983622	0.180243
		*TM_ROW2 1	1.67638e-006	3.48621e-008
		*TM_ROW3 1e-005	-8.1264	124.961
		*TM_POS 1e-005	-8.1264	124.961
		*TM_ROTAXIS 0.705652	0.0641202	0.705652
		*TM_ROTANGLE 3.26966
		*TM_SCALE 1	1	1
		*TM_SCALEAXIS 0	0	0
		*TM_SCALEAXISANG 0	0	0
	}
}
*HELPEROBJECT {
	*NODE_NAME "Bip01 Neck"
	*NODE_PARENT "Bip01 Spine2"
	*NODE_TM {
		*NODE_NAME "Bip01 Neck"
		*TM_ROW0 6.08698e-007	-0.167043	0.98595
		*TM_ROW1 4.70132e-006	-0.98595	-0.167043
		*TM_ROW2 1	4.70132e-006	6.08698e-007
		*TM_ROW3 -2.11471e-012	-2.71656	154.454
		*TM_POS -2.11471e-012	-2.71656	154.454
		*TM_ROTAXIS -0.70586	0.05937	-0.705859
		*TM_ROTANGLE 3.2602
		*TM_SCALE 1	1	1
		*TM_SCALEAXIS 0	0	0
		*TM_SCALEAXISANG 0	0	0
	}
}
*HELPEROBJECT {
	*NODE_NAME "Bip01 Head"
	*NODE_PARENT "Bip01 Neck"
	*NODE_TM {
		*NODE_NAME "Bip01 Head"
		*TM_ROW0 -5.96015e-008	1.76921e-006	1
		*TM_ROW1 -1.79264e-006	-1	1.77916e-006
		*TM_ROW2 1	-1.79264e-006	-5.96014e-008
		*TM_ROW3 1.63729e-011	-3.85901	161.198
		*TM_POS 1.63729e-011	-3.85901	161.198
		*TM_ROTAXIS -0.707107	4.76653e-009	-0.707107
		*TM_ROTANGLE 3.14159
		*TM_SCALE 1	1	1
		*TM_SCALEAXIS 0	0	0
		*TM_SCALEAXISANG 0	0	0
	}
}
*HELPEROBJECT {
	*NODE_NAME "ZS_HELMET"
	*NODE_PARENT "Bip01 Head"
	*NODE_TM {
		*NODE_NAME "ZS_HELMET"
		*TM_ROW0 1	5.73874e-013	4.35659e-014
		*TM_ROW1 -4.07319e-013	0.996917	-0.0784593
		*TM_ROW2 -4.76109e-014	0.0784593	0.996918
		*TM_ROW3 1e-005	-7.06248	173.704
		*TM_POS 1e-005	-7.06248	173.704
		*TM_ROTAXIS 1	5.81045e-013	-6.25288e-012
		*TM_ROTANGLE 0.078541
		*TM_SCALE 1	1	1
		*TM_SCALEAXIS 0	0	0
		*TM_SCALEAXISANG 0	0	0
	}
}
*HELPEROBJECT {
	*NODE_NAME "Bip01 L Clavicle"
	*NODE_PARENT "Bip01 Neck"
	*NODE_TM {
		*NODE_NAME "Bip01 L Clavicle"
		*TM_ROW0 0.935229	-0.203893	-0.289439
		*TM_ROW1 0.156435	0.971369	-0.178803
		*TM_ROW2 0.317608	0.121943	0.940348
		*TM_ROW3 7.96399	-1.25804	148.729
		*TM_POS 7.96399	-1.25804	148.729
		*TM_ROTAXIS 0.391939	-0.791119	0.469589
		*TM_ROTANGLE 0.39376
		*TM_SCALE 1	1	1
		*TM_SCALEAXIS 0	0	0
		*TM_SCALEAXISANG 0	0	0
	}
}
*HELPEROBJECT {
	*NODE_NAME "Bip01 L UpperArm"
	*NODE_PARENT "Bip01 L Clavicle"
	*NODE_TM {
		*NODE_NAME "Bip01 L UpperArm"
		*TM_ROW0 0.246229	0.0989026	-0.964152
		*TM_ROW1 0.412789	0.889345	0.196649
		*TM_ROW2 0.876913	-0.446412	0.178157
		*TM_ROW3 20.4269	-3.97508	144.872
		*TM_POS 20.4269	-3.97508	144.872
		*TM_ROTAXIS -0.325561	-0.932072	0.15891
		*TM_ROTANGLE 1.41328
		*TM_SCALE 1	1	1
		*TM_SCALEAXIS 0	0	0
		*TM_SCALEAXISANG 0	0	0
	}
}
*HELPEROBJECT {
	*NODE_NAME "Bip01 L Forearm"
	*NODE_PARENT "Bip01 L UpperArm"
	*NODE_TM {
		*NODE_NAME "Bip01 L Forearm"
		*TM_ROW0 0.0455122	-0.291882	-0.955371
		*TM_ROW1 0.478489	0.845886	-0.235638
		*TM_ROW2 0.876913	-0.44641	0.17816
		*TM_ROW3 27.2982	-1.21526	117.966
		*TM_POS 27.2982	-1.21526	117.966
		*TM_ROTAXIS -0.10545	-0.916697	0.385419
		*TM_ROTANGLE 1.53601
		*TM_SCALE 1	1	1
		*TM_SCALEAXIS 0	0	0
		*TM_SCALEAXISANG 0	0	0
	}
}
*HELPEROBJECT {
	*NODE_NAME "Bip01 L Hand"
	*NODE_PARENT "Bip01 L Forearm"
	*NODE_TM {
		*NODE_NAME "Bip01 L Hand"
		*TM_ROW0 0.0455132	-0.291886	-0.95537
		*TM_ROW1 -0.876533	0.44708	-0.17835
		*TM_ROW2 0.479185	0.845531	-0.2355
		*TM_ROW3 28.5642	-9.33439	91.391
		*TM_POS 28.5642	-9.33439	91.391
		*TM_ROTAXIS 0.551391	-0.772552	-0.314851
		*TM_ROTANGLE 1.95137
		*TM_SCALE 1	1	1
		*TM_SCALEAXIS 0	0	0
		*TM_SCALEAXISANG 0	0	0
	}
}
*HELPEROBJECT {
	*NODE_NAME "Bip01 L Finger0"
	*NODE_PARENT "Bip01 L Hand"
	*NODE_TM {
		*NODE_NAME "Bip01 L Finger0"
		*TM_ROW0 0.0455152	-0.291888	-0.955369
		*TM_ROW1 -0.876915	0.446405	-0.178165
		*TM_ROW2 0.478485	0.845886	-0.235643
		*TM_ROW3 29.15	-13.0909	79.0956
		*TM_POS 29.15	-13.0909	79.0956
		*TM_ROTAXIS 0.551581	-0.772311	-0.31511
		*TM_ROTANGLE 1.95181
		*TM_SCALE 1	1	1
		*TM_SCALEAXIS 0	0	0
		*TM_SCALEAXISANG 0	0	0
	}
}
*HELPEROBJECT {
	*NODE_NAME "ZS_LEFTHAND"
	*NODE_PARENT "Bip01 L Hand"
	*NODE_TM {
		*NODE_NAME "ZS_LEFTHAND"
		*TM_ROW0 0.435606	0.890062	-0.134303
		*TM_ROW1 0.180312	-0.232461	-0.955745
		*TM_ROW2 -0.881893	0.392112	-0.261751
		*TM_ROW3 26.7605	-11.5468	82.7857
		*TM_POS 26.7605	-11.5468	82.7857
		*TM_ROTAXIS 0.794322	0.440571	-0.418271
		*TM_ROTANGLE 2.12858
		*TM_SCALE 1	1	1
		*TM_SCALEAXIS 0	0	0
		*TM_SCALEAXISANG 0	0	0
	}
}
*HELPEROBJECT {
	*NODE_NAME "ZS_LEFTARM"
	*NODE_PARENT "Bip01 L Forearm"
	*NODE_TM {
		*NODE_NAME "ZS_LEFTARM"
		*TM_ROW0 0.0759923	-0.150176	-0.985735
		*TM_ROW1 0.524499	0.846792	-0.0885736
		*TM_ROW2 0.848013	-0.510285	0.143117
		*TM_ROW3 26.9101	-7.67833	110.055
		*TM_POS 26.9101	-7.67833	110.055
		*TM_ROTAXIS -0.21097	-0.917372	0.337521
		*TM_ROTANGLE 1.53784
		*TM_SCALE 1	1	1
		*TM_SCALEAXIS 0	0	0
		*TM_SCALEAXISANG 0	0	0
	}
}
*HELPEROBJECT {
	*NODE_NAME "Bip01 R Clavicle"
	*NODE_PARENT "Bip01 Neck"
	*NODE_TM {
		*NODE_NAME "Bip01 R Clavicle"
		*TM_ROW0 -0.935227	-0.203899	-0.28944
		*TM_ROW1 -0.156442	0.971369	-0.178799
		*TM_ROW2 0.317609	-0.121937	-0.940349
		*TM_ROW3 -7.96398	-1.25806	148.729
		*TM_POS -7.96398	-1.25806	148.729
		*TM_ROTAXIS -0.0929799	0.992639	-0.0775999
		*TM_ROTANGLE 3.45235
		*TM_SCALE 1	1	1
		*TM_SCALEAXIS 0	0	0
		*TM_SCALEAXISANG 0	0	0
	}
}
*HELPEROBJECT {
	*NODE_NAME "Bip01 R UpperArm"
	*NODE_PARENT "Bip01 R Clavicle"
	*NODE_TM {
		*NODE_NAME "Bip01 R UpperArm"
		*TM_ROW0 -0.246232	0.0988932	-0.964153
		*TM_ROW1 -0.412793	0.889345	0.196642
		*TM_ROW2 0.876911	0.446415	-0.178163
		*TM_ROW3 -20.4269	-3.97513	144.872
		*TM_POS -20.4269	-3.97513	144.872
		*TM_ROTAXIS 0.12961	-0.955353	-0.265521
		*TM_ROTANGLE 1.84162
		*TM_SCALE 1	1	1
		*TM_SCALEAXIS 0	0	0
		*TM_SCALEAXISANG 0	0	0
	}
}
*HELPEROBJECT {
	*NODE_NAME "Bip01 R Forearm"
	*NODE_PARENT "Bip01 R UpperArm"
	*NODE_TM {
		*NODE_NAME "Bip01 R Forearm"
		*TM_ROW0 -0.0455087	-0.291889	-0.955369
		*TM_ROW1 -0.478487	0.845885	-0.235646
		*TM_ROW2 0.876915	0.446408	-0.17816
		*TM_ROW3 -27.2982	-1.21534	117.966
		*TM_POS -27.2982	-1.21534	117.966
		*TM_ROTAXIS 0.347279	-0.932937	-0.0950097
		*TM_ROTANGLE 1.76083
		*TM_SCALE 1	1	1
		*TM_SCALEAXIS 0	0	0
		*TM_SCALEAXISANG 0	0	0
	}
}
*HELPEROBJECT {
	*NODE_NAME "Bip01 R Hand"
	*NODE_PARENT "Bip01 R Forearm"
	*NODE_TM {
		*NODE_NAME "Bip01 R Hand"
		*TM_ROW0 -0.0455115	-0.291885	-0.95537
		*TM_ROW1 0.87653	0.447088	-0.17835
		*TM_ROW2 0.479192	-0.845527	0.235499
		*TM_ROW3 -28.5642	-9.33445	91.3911
		*TM_POS -28.5642	-9.33445	91.3911
		*TM_ROTAXIS -0.33922	-0.72939	0.59407
		*TM_ROTANGLE 1.75327
		*TM_SCALE 1	1	1
		*TM_SCALEAXIS 0	0	0
		*TM_SCALEAXISANG 0	0	0
	}
}
*HELPEROBJECT {
	*NODE_NAME "Bip01 R Finger0"
	*NODE_PARENT "Bip01 R Hand"
	*NODE_TM {
		*NODE_NAME "Bip01 R Finger0"
		*TM_ROW0 -0.0455056	-0.291877	-0.955373
		*TM_ROW1 0.876914	0.446413	-0.178152
		*TM_ROW2 0.478489	-0.845886	0.235636
		*TM_ROW3 -29.1499	-13.0909	79.0956
		*TM_POS -29.1499	-13.0909	79.0956
		*TM_ROTAXIS -0.33952	-0.729071	0.594291
		*TM_ROTANGLE 1.75354
		*TM_SCALE 1	1	1
		*TM_SCALEAXIS 0	0	0
		*TM_SCALEAXISANG 0	0	0
	}
}
*HELPEROBJECT {
	*NODE_NAME "ZS_RIGHTHAND"
	*NODE_PARENT "Bip01 R Hand"
	*NODE_TM {
		*NODE_NAME "ZS_RIGHTHAND"
		*TM_ROW0 -0.464344	0.856417	-0.225687
		*TM_ROW1 0.177861	0.339806	0.923525
		*TM_ROW2 0.867612	0.388692	-0.31011
		*TM_ROW3 -20.9389	-19.9852	85.8932
		*TM_POS -20.9389	-19.9852	85.8932
		*TM_ROTAXIS 0.383811	0.784581	0.486951
		*TM_ROTANGLE 3.91244
		*TM_SCALE 1	1	1
		*TM_SCALEAXIS 0	0	0
		*TM_SCALEAXISANG 0	0	0
	}
}
*HELPEROBJECT {
	*NODE_NAME "ZS_CROSSBOW"
	*NODE_PARENT "Bip01 Spine2"
	*NODE_TM {
		*NODE_NAME "ZS_CROSSBOW"
		*TM_ROW0 -0.382687	-0.111464	0.91713
		*TM_ROW1 -0.923878	0.0461715	-0.379891
		*TM_ROW2 -1.2517e-006	-0.992695	-0.120648
		*TM_ROW3 -14.434	10.5915	165.98
		*TM_POS -14.434	10.5915	165.98
		*TM_ROTAXIS -0.447329	0.669479	-0.593039
		*TM_ROTANGLE 2.38705
		*TM_SCALE 1	1	1
		*TM_SCALEAXIS 0	0	0
		*TM_SCALEAXISANG 0	0	0
	}
}
*HELPEROBJECT {
	*NODE_NAME "ZS_LONGSWORD"
	*NODE_PARENT "Bip01 Spine2"
	*NODE_TM {
		*NODE_NAME "ZS_LONGSWORD"
		*TM_ROW0 -0.499829	-0.0915011	0.861277
		*TM_ROW1 -0.865729	0.0828188	-0.493614
		*TM_ROW2 -0.0261636	-0.992355	-0.12061
		*TM_ROW3 -18.1593	6.92629	157.64
		*TM_POS -18.1593	6.92629	157.64
		*TM_ROTAXIS -0.38996	0.69388	-0.60536
		*TM_ROTANGLE 2.44778
		*TM_SCALE 1	1	1
		*TM_SCALEAXIS 0	0	0
		*TM_SCALEAXISANG 0	0	0
	}
}
*HELPEROBJECT {
	*NODE_NAME "ZS_SHIELD"
	*NODE_PARENT "Bip01 Spine2"
	*NODE_TM {
		*NODE_NAME "ZS_SHIELD"
		*TM_ROW0 -0.0138681	0.114196	-0.993362
		*TM_ROW1 -0.908393	0.413755	0.0602465
		*TM_ROW2 0.417888	0.903198	0.0979964
		*TM_ROW3 8.76511	9.5282	131.875
		*TM_POS 8.76511	9.5282	131.875
		*TM_ROTAXIS 0.435421	-0.728972	-0.528212
		*TM_ROTANGLE 1.82457
		*TM_SCALE 1	1	1
		*TM_SCALEAXIS 0	0	0
		*TM_SCALEAXISANG 0	0	0
	}
}
*HELPEROBJECT {
	*NODE_NAME "ZS_BOW"
	*NODE_PARENT "Bip01 Spine2"
	*NODE_TM {
		*NODE_NAME "ZS_BOW"
		*TM_ROW0 -0.341816	-0.0868229	0.935748
		*TM_ROW1 0.0119438	0.995242	0.0967059
		*TM_ROW2 -0.939691	0.044232	-0.339153
		*TM_ROW3 0.5012	12.4143	124.55
		*TM_POS 0.5012	12.4143	124.55
		*TM_ROTAXIS -0.0279299	0.998227	0.0525698
		*TM_ROTANGLE 1.92076
		*TM_SCALE 1	1	1
		*TM_SCALEAXIS 0	0	0
		*TM_SCALEAXISANG 0	0	0
	}
}
*HELPEROBJECT {
	*NODE_NAME "ZS_SWORD"
	*NODE_PARENT "Bip01 Spine"
	*NODE_TM {
		*NODE_NAME "ZS_SWORD"
		*TM_ROW0 5.79068e-007	-0.347172	0.937802
		*TM_ROW1 1.04308e-007	0.937802	0.347172
		*TM_ROW2 -1	-1.04308e-007	5.79068e-007
		*TM_ROW3 17.5015	-4.36211	106.367
		*TM_POS 17.5015	-4.36211	106.367
		*TM_ROTAXIS -0.17367	0.96937	0.17367
		*TM_ROTANGLE 1.6019
		*TM_SCALE 1	1	1
		*TM_SCALEAXIS 0	0	0
		*TM_SCALEAXISANG 0	0	0
	}
}
*HELPEROBJECT {
	*NODE_NAME "Bip01 L Thigh"
	*NODE_PARENT "Bip01 Pelvis"
	*NODE_TM {
		*NODE_NAME "Bip01 L Thigh"
		*TM_ROW0 0.0534879	-0.0367886	-0.997891
		*TM_ROW1 -0.00216181	-0.999323	0.0367256
		*TM_ROW2 -0.998566	0.000192882	-0.0535313
		*TM_ROW3 9.01023	-8.01129	99.9496
		*TM_POS 9.01023	-8.01129	99.9496
		*TM_ROTAXIS 0.72572	-0.01342	-0.68786
		*TM_ROTANGLE 3.16677
		*TM_SCALE 1	1	1
		*TM_SCALEAXIS 0	0	0
		*TM_SCALEAXISANG 0	0	0
	}
}
*HELPEROBJECT {
	*NODE_NAME "Bip01 L Calf"
	*NODE_PARENT "Bip01 L Thigh"
	*NODE_TM {
		*NODE_NAME "Bip01 L Calf"
		*TM_ROW0 0.0525131	0.197552	-0.978885
		*TM_ROW1 0.0103904	-0.980292	-0.197278
		*TM_ROW2 -0.998566	0.000188708	-0.0535307
		*TM_ROW3 11.1149	-9.45845	60.6877
		*TM_POS 11.1149	-9.45845	60.6877
		*TM_ROTAXIS 0.723901	0.0721501	-0.686121
		*TM_ROTANGLE 3.00478
		*TM_SCALE 1	1	1
		*TM_SCALEAXIS 0	0	0
		*TM_SCALEAXISANG 0	0	0
	}
}
*HELPEROBJECT {
	*NODE_NAME "Bip01 L Foot"
	*NODE_PARENT "Bip01 L Calf"
	*NODE_TM {
		*NODE_NAME "Bip01 L Foot"
		*TM_ROW0 -6.00563e-007	7.23674e-006	-1
		*TM_ROW1 0.173652	-0.984807	-7.2672e-006
		*TM_ROW2 -0.984807	-0.173652	-5.93313e-007
		*TM_ROW3 13.6935	0.240668	12.6267
		*TM_POS 13.6935	0.240668	12.6267
		*TM_ROTAXIS 0.705757	0.0617498	-0.705757
		*TM_ROTANGLE 3.26493
		*TM_SCALE 1	1	1
		*TM_SCALEAXIS 0	0	0
		*TM_SCALEAXISANG 0	0	0
	}
}
*HELPEROBJECT {
	*NODE_NAME "Bip01 L Toe0"
	*NODE_PARENT "Bip01 L Foot"
	*NODE_TM {
		*NODE_NAME "Bip01 L Toe0"
		*TM_ROW0 0.173646	-0.984808	5.05606e-006
		*TM_ROW1 5.06961e-006	5.93591e-006	1
		*TM_ROW2 -0.984808	-0.173646	5.91983e-006
		*TM_ROW3 17.6256	-22.0591	-2.43328e-006
		*TM_POS 17.6256	-22.0591	-2.43328e-006
		*TM_ROTAXIS -0.644398	0.540718	0.540718
		*TM_ROTANGLE 1.99673
		*TM_SCALE 1	1	1
		*TM_SCALEAXIS 0	0	0
		*TM_SCALEAXISANG 0	0	0
	}
}
*HELPEROBJECT {
	*NODE_NAME "Bip01 R Thigh"
	*NODE_PARENT "Bip01 Pelvis"
	*NODE_TM {
		*NODE_NAME "Bip01 R Thigh"
		*TM_ROW0 -0.0535034	-0.0367749	-0.99789
		*TM_ROW1 0.00205776	-0.999324	0.0367174
		*TM_ROW2 -0.998566	-8.89041e-005	0.0535432
		*TM_ROW3 -9.01021	-8.01132	99.9496
		*TM_POS -9.01021	-8.01132	99.9496
		*TM_ROTAXIS 0.687862	-0.01262	-0.725732
		*TM_ROTANGLE 3.16835
		*TM_SCALE 1	1	1
		*TM_SCALEAXIS 0	0	0
		*TM_SCALEAXISANG 0	0	0
	}
}
*HELPEROBJECT {
	*NODE_NAME "Bip01 R Calf"
	*NODE_PARENT "Bip01 R Thigh"
	*NODE_TM {
		*NODE_NAME "Bip01 R Calf"
		*TM_ROW0 -0.0525024	0.197539	-0.978888
		*TM_ROW1 -0.0104967	-0.980295	-0.19726
		*TM_ROW2 -0.998566	-8.16062e-005	0.0535415
		*TM_ROW3 -11.1154	-9.45856	60.6878
		*TM_POS -11.1154	-9.45856	60.6878
		*TM_ROTAXIS 0.686298	0.0684898	-0.724088
		*TM_ROTANGLE 2.99744
		*TM_SCALE 1	1	1
		*TM_SCALEAXIS 0	0	0
		*TM_SCALEAXISANG 0	0	0
	}
}
*HELPEROBJECT {
	*NODE_NAME "Bip01 R Foot"
	*NODE_PARENT "Bip01 R Calf"
	*NODE_TM {
		*NODE_NAME "Bip01 R Foot"
		*TM_ROW0 -5.86066e-007	-7.25461e-006	-1
		*TM_ROW1 -0.173652	-0.984807	7.24331e-006
		*TM_ROW2 -0.984807	0.173652	-5.91966e-007
		*TM_ROW3 -13.6935	0.24065	12.6267
		*TM_POS -13.6935	0.24065	12.6267
		*TM_ROTAXIS 0.705757	-0.0617498	-0.705757
		*TM_ROTANGLE 3.01826
		*TM_SCALE 1	1	1
		*TM_SCALEAXIS 0	0	0
		*TM_SCALEAXISANG 0	0	0
	}
}
*HELPEROBJECT {
	*NODE_NAME "Bip01 R Toe0"
	*NODE_PARENT "Bip01 R Foot"
	*NODE_TM {
		*NODE_NAME "Bip01 R Toe0"
		*TM_ROW0 -0.173651	-0.984807	3.50312e-006
		*TM_ROW1 3.50539e-006	3.00781e-006	1
		*TM_ROW2 -0.984808	0.173651	3.01546e-006
		*TM_ROW3 -17.6255	-22.0592	3.52698e-005
		*TM_POS -17.6255	-22.0592	3.52698e-005
		*TM_ROTAXIS 0.510271	-0.608121	-0.608121
		*TM_ROTANGLE 4.08526
		*TM_SCALE 1	1	1
		*TM_SCALEAXIS 0	0	0
		*TM_SCALEAXISANG 0	0	0
	}
}
*HELPEROBJECT {
	*NODE_NAME "Dummy"
	*NODE_PARENT "Bip01 L Finger0"
	*NODE_TM {
		*NODE_NAME "Dummy"
		*TM_ROW0 -1	-0	0
		*TM_ROW1 -0	-1	0
		*TM_ROW2 -0	-0	1
		*TM_ROW3 29.4428	-14.9691	72.9478
		*TM_POS 29.4428	-14.9691	72.9478
		*TM_ROTAXIS 0	0	-1
		*TM_ROTANGLE 3.14159
		*TM_SCALE 1	1	1
		*TM_SCALEAXIS 0	0	0
		*TM_SCALEAXISANG 0	0	0
	}
}
*HELPEROBJECT {
	*NODE_NAME "Dummy1"
	*NODE_PARENT "Bip01 R Finger0"
	*NODE_TM {
		*NODE_NAME "Dummy1"
		*TM_ROW0 -1	-0	0
		*TM_ROW1 -0	-1	0
		*TM_ROW2 -0	-0	1
		*TM_ROW3 -29.4428	-14.9692	72.9479
		*TM_POS -29.4428	-14.9692	72.9479
		*TM_ROTAXIS 0	0	-1
		*TM_ROTANGLE 3.14159
		*TM_SCALE 1	1	1
		*TM_SCALEAXIS 0	0	0
		*TM_SCALEAXISANG 0	0	0
	}
}
*HELPEROBJECT {
	*NODE_NAME "Dummy2"
	*NODE_PARENT "Bip01 L Toe0"
	*NODE_TM {
		*NODE_NAME "Dummy2"
		*TM_ROW0 -1	-0	0
		*TM_ROW1 -0	-1	0
		*TM_ROW2 -0	-0	1
		*TM_ROW3 19.5916	-33.209	-6.31336
		*TM_POS 19.5916	-33.209	-6.31336
		*TM_ROTAXIS 0	0	-1
		*TM_ROTANGLE 3.14159
		*TM_SCALE 1	1	1
		*TM_SCALEAXIS 0	0	0
		*TM_SCALEAXISANG 0	0	0
	}
}
*HELPEROBJECT {
	*NODE_NAME "Dummy3"
	*NODE_PARENT "Bip01 R Toe0"
	*NODE_TM {
		*NODE_NAME "Dummy3"
		*TM_ROW0 -1	-0	0
		*TM_ROW1 -0	-1	0
		*TM_ROW2 -0	-0	1
		*TM_ROW3 -19.5915	-33.2091	-6.31332
		*TM_POS -19.5915	-33.2091	-6.31332
		*TM_ROTAXIS 0	0	-1
		*TM_ROTANGLE 3.14159
		*TM_SCALE 1	1	1
		*TM_SCALEAXIS 0	0	0
		*TM_SCALEAXISANG 0	0	0
	}
}
*GEOMOBJECT {
	*NODE_NAME "zm_Skin"
	*NODE_PARENT "Bip01"
	*NODE_TM {
		*NODE_NAME "zm_Skin"
		*TM_ROW0 -1	-0	0
		*TM_ROW1 -0	-1	0
		*TM_ROW2 -0	-0	1
		*TM_ROW3 -0	-0	0
		*TM_POS -0	-0	0
		*TM_ROTAXIS 0	0	-1
		*TM_ROTANGLE 3.14159
		*TM_SCALE 1	1	1
		*TM_SCALEAXIS 0	0	0
		*TM_SCALEAXISANG 0	0	0
	}
	*MATERIAL_REF 0
	*MESH_SOFTSKIN {
		*TIMEVALUE 0
		*MESH_NUMVERTEX 513
		*MESH_NUMFACES 1010
		*MESH_VERTEX_LIST {
			*MESH_VERTEX 0	-23.5693	12.8361	3.85464
			*MESH_VERTEX 1	-15.2066	1.61822	141.141
			*MESH_VERTEX 2	30.4688	-13.0926	3.28983
			*MESH_VERTEX 3	16.6863	1.28512	141.165
			*MESH_VERTEX 4	0.00557216	0.835555	167.171
			*MESH_VERTEX 5	25.3843	-7.30837	92.2711
			*MESH_VERTEX 6	29.7182	-3.92957	122.019
			*MESH_VERTEX 7	12.2346	-12.6461	152.29
			*MESH_VERTEX 8	-29.2734	-13.8513	95.2268
			*MESH_VERTEX 9	-13.433	-6.79564	156.728
			*MESH_VERTEX 10	-15.4601	-24.5788	4.41649
			*MESH_VERTEX 11	22.2768	5.62252	96.2717
			*MESH_VERTEX 12	-7.6153	4.74775	103.937
			*MESH_VERTEX 13	8.04797	3.85468	103.888
			*MESH_VERTEX 14	-14.1204	5.40337	3.42026
			*MESH_VERTEX 15	-13.6182	-20.0238	-0.139608
			*MESH_VERTEX 16	-13.8324	-5.90597	13.3333
			*MESH_VERTEX 17	14.8603	4.91083	3.20563
			*MESH_VERTEX 18	12.7077	-20.4591	0.619678
			*MESH_VERTEX 19	14.2987	-6.176	13.378
			*MESH_VERTEX 20	23.3281	-21.3409	95.8453
			*MESH_VERTEX 21	26.457	13.258	3.2746
			*MESH_VERTEX 22	-13.8831	3.52847	16.1912
			*MESH_VERTEX 23	14.6025	3.1035	16.1507
			*MESH_VERTEX 24	-25.3544	-14.1618	80.3503
			*MESH_VERTEX 25	-33.3968	-5.49648	92.8538
			*MESH_VERTEX 26	-32.2008	-9.16439	82.833
			*MESH_VERTEX 27	-23.6816	-11.8515	88.0582
			*MESH_VERTEX 28	-23.1396	-21.19	95.9896
			*MESH_VERTEX 29	0.0579241	-22.1255	141.163
			*MESH_VERTEX 30	-12.3806	-13.0463	152.335
			*MESH_VERTEX 31	32.369	-4.3279	91.8592
			*MESH_VERTEX 32	-17.0353	10.6207	98.126
			*MESH_VERTEX 33	13.9667	5.4056	156.339
			*MESH_VERTEX 34	29.218	-9.02282	80.8552
			*MESH_VERTEX 35	28.6204	-16.0786	81.5012
			*MESH_VERTEX 36	23.7289	-11.9991	87.966
			*MESH_VERTEX 37	-10.1211	-17.1065	148.141
			*MESH_VERTEX 38	13.3139	-6.94811	156.657
			*MESH_VERTEX 39	13.2006	-0.223628	157.923
			*MESH_VERTEX 40	-16.486	-17.3831	101.192
			*MESH_VERTEX 41	-13.2511	-0.105711	157.94
			*MESH_VERTEX 42	-14.0133	5.40079	156.353
			*MESH_VERTEX 43	-26.5226	-8.64305	79.3145
			*MESH_VERTEX 44	11.5039	-5.16526	151.765
			*MESH_VERTEX 45	-29.4938	-3.83214	122.242
			*MESH_VERTEX 46	-11.2006	-4.97412	151.835
			*MESH_VERTEX 47	-26.4051	-10.5808	98.2663
			*MESH_VERTEX 48	11.8842	-8.5075	118.885
			*MESH_VERTEX 49	16.5873	-17.5685	101.146
			*MESH_VERTEX 50	10.7404	-9.48194	148.737
			*MESH_VERTEX 51	23.1792	-14.7457	83.5873
			*MESH_VERTEX 52	27.5032	-14.3991	87.5885
			*MESH_VERTEX 53	-28.1786	-3.04706	91.8277
			*MESH_VERTEX 54	-31.7281	-5.18666	97.0496
			*MESH_VERTEX 55	-24.4896	-15.4401	84.2193
			*MESH_VERTEX 56	-27.4213	-14.2974	87.6905
			*MESH_VERTEX 57	21.6774	-8.89347	152.159
			*MESH_VERTEX 58	-0.102256	8.63081	151.545
			*MESH_VERTEX 59	-9.4678	8.03198	152.621
			*MESH_VERTEX 60	13.5121	3.22172	150.854
			*MESH_VERTEX 61	-21.1957	-8.83734	152.322
			*MESH_VERTEX 62	29.566	1.82533	113.861
			*MESH_VERTEX 63	28.497	-3.33903	91.2854
			*MESH_VERTEX 64	28.3763	-3.62293	96.4767
			*MESH_VERTEX 65	29.3312	-13.9901	94.7921
			*MESH_VERTEX 66	26.244	-6.80164	97.3057
			*MESH_VERTEX 67	26.4721	-10.5293	98.3958
			*MESH_VERTEX 68	25.3958	-14.3001	80.2554
			*MESH_VERTEX 69	-26.4056	-6.39719	97.0591
			*MESH_VERTEX 70	-25.713	-13.0176	94.7848
			*MESH_VERTEX 71	-14.958	-7.7747	143.72
			*MESH_VERTEX 72	-14.3028	-3.00929	133.379
			*MESH_VERTEX 73	-16.1185	3.65115	145.752
			*MESH_VERTEX 74	-10.6925	-4.35453	120.334
			*MESH_VERTEX 75	23.3575	-4.2674	114.441
			*MESH_VERTEX 76	21.5025	5.52027	145.656
			*MESH_VERTEX 77	-23.0726	1.22299	151.905
			*MESH_VERTEX 78	-12.9451	3.35868	150.982
			*MESH_VERTEX 79	9.45564	8.03512	152.635
			*MESH_VERTEX 80	12.9585	2.81436	150.844
			*MESH_VERTEX 81	-12.4047	2.94967	150.968
			*MESH_VERTEX 82	-30.0057	0.590278	4.54762
			*MESH_VERTEX 83	20.78	-18.1528	0.454699
			*MESH_VERTEX 84	-21.0028	-17.1599	0.0105316
			*MESH_VERTEX 85	26.2969	-8.67163	80.3068
			*MESH_VERTEX 86	-7.3749	-18.6702	127.962
			*MESH_VERTEX 87	3.9863	-19.6398	123.058
			*MESH_VERTEX 88	14.3814	-6.97938	140.008
			*MESH_VERTEX 89	13.3636	-18.8384	131.149
			*MESH_VERTEX 90	-14.0501	-19.2268	135.726
			*MESH_VERTEX 91	-29.1653	3.01863	118.056
			*MESH_VERTEX 92	30.8175	-15.7015	85.4652
			*MESH_VERTEX 93	32.0501	-8.9606	83.2547
			*MESH_VERTEX 94	31.8405	-13.5887	84.6328
			*MESH_VERTEX 95	-30.831	-15.8776	85.0417
			*MESH_VERTEX 96	-31.8974	-13.7857	84.2135
			*MESH_VERTEX 97	-28.7134	-11.2335	98.6006
			*MESH_VERTEX 98	-25.2339	-11.3627	59.0039
			*MESH_VERTEX 99	0.367627	15.8993	3.44111
			*MESH_VERTEX 100	21.1976	-1.54434	61.265
			*MESH_VERTEX 101	-20.4467	5.57484	146.155
			*MESH_VERTEX 102	5.25942	-20.415	141.305
			*MESH_VERTEX 103	-5.05217	-22.7103	142.733
			*MESH_VERTEX 104	26.5227	-8.33745	97.4122
			*MESH_VERTEX 105	18.8696	-9.07096	103.499
			*MESH_VERTEX 106	3.73923	-1.89059	120.755
			*MESH_VERTEX 107	11.654	-2.73911	14.0782
			*MESH_VERTEX 108	-4.7788	-4.87127	165.521
			*MESH_VERTEX 109	0.108198	-9.00254	164.086
			*MESH_VERTEX 110	0.0143611	-9.31034	151.926
			*MESH_VERTEX 111	4.79808	-4.77494	165.501
			*MESH_VERTEX 112	5.07258	-1.43436	157.941
			*MESH_VERTEX 113	-23.2716	-4.15706	114.66
			*MESH_VERTEX 114	-11.3121	-2.58513	14.1367
			*MESH_VERTEX 115	27.5419	-13.9368	94.6586
			*MESH_VERTEX 116	-25.8491	-8.40883	97.3477
			*MESH_VERTEX 117	-18.2524	-8.96928	103.65
			*MESH_VERTEX 118	-5.07149	-1.39343	157.937
			*MESH_VERTEX 119	-0.0425437	2.17045	156.877
			*MESH_VERTEX 120	-27.0542	-6.31769	123.015
			*MESH_VERTEX 121	24.3397	-8.4297	142.258
			*MESH_VERTEX 122	28.3077	-6.40184	118.473
			*MESH_VERTEX 123	-28.9859	-11.6108	3.45697
			*MESH_VERTEX 124	32.9555	-9.7996	93.6705
			*MESH_VERTEX 125	33.4115	-5.72963	92.3777
			*MESH_VERTEX 126	31.7416	-5.23212	97.0813
			*MESH_VERTEX 127	-32.7689	-10.9739	94.508
			*MESH_VERTEX 128	-30.3656	-12.8496	94.9689
			*MESH_VERTEX 129	-28.3697	-3.60021	96.3804
			*MESH_VERTEX 130	-19.5115	-2.28426	61.3738
			*MESH_VERTEX 131	4.71194	-23.153	136.841
			*MESH_VERTEX 132	-29.2768	-8.96059	80.9582
			*MESH_VERTEX 133	29.8683	-3.21476	91.3366
			*MESH_VERTEX 134	-14.3883	2.33146	142.6
			*MESH_VERTEX 135	-16.1709	-2.62998	140.569
			*MESH_VERTEX 136	-13.7483	-7.51709	140.615
			*MESH_VERTEX 137	-18.5338	-11.0051	146.49
			*MESH_VERTEX 138	-5.28588	-28.1463	91.1709
			*MESH_VERTEX 139	-10.0187	-16.7701	115.922
			*MESH_VERTEX 140	-17.7262	-18.2458	2.70175
			*MESH_VERTEX 141	16.5097	-2.71232	140.48
			*MESH_VERTEX 142	16.0795	2.82291	141.522
			*MESH_VERTEX 143	22.1533	-20.3482	62.8364
			*MESH_VERTEX 144	13.0277	-24.4337	4.50223
			*MESH_VERTEX 145	32.7914	-11.1483	94.0903
			*MESH_VERTEX 146	28.76	-11.1817	98.6806
			*MESH_VERTEX 147	24.9952	-11.9791	93.8122
			*MESH_VERTEX 148	25.7458	-13.0085	94.2248
			*MESH_VERTEX 149	24.7778	2.73863	120.046
			*MESH_VERTEX 150	32.527	-0.766074	4.09824
			*MESH_VERTEX 151	24.3458	1.14439	151.22
			*MESH_VERTEX 152	18.8049	-11.137	146.434
			*MESH_VERTEX 153	15.4541	-7.91128	143.603
			*MESH_VERTEX 154	30.2067	-13.1839	94.586
			*MESH_VERTEX 155	-8.24579	-21.59	129.548
			*MESH_VERTEX 156	12.6565	-9.36497	126.444
			*MESH_VERTEX 157	-26.5546	-9.94289	88.7025
			*MESH_VERTEX 158	-26.856	-12.0468	92.4637
			*MESH_VERTEX 159	-5.19401	-20.4679	141.28
			*MESH_VERTEX 160	-7.31947	-21.862	100.314
			*MESH_VERTEX 161	0.0525204	-19.647	140.013
			*MESH_VERTEX 162	0.0535619	-19.8298	130.61
			*MESH_VERTEX 163	-4.63565	-23.2452	136.767
			*MESH_VERTEX 164	16.3704	10.3249	97.8684
			*MESH_VERTEX 165	-7.14396	6.27406	112.411
			*MESH_VERTEX 166	6.57753	6.47436	112.596
			*MESH_VERTEX 167	26.6993	-9.77297	88.5069
			*MESH_VERTEX 168	26.8846	-11.961	92.6509
			*MESH_VERTEX 169	30.285	-9.77843	79.445
			*MESH_VERTEX 170	-30.3332	-9.7353	79.5654
			*MESH_VERTEX 171	5.1184	-22.6605	142.758
			*MESH_VERTEX 172	10.2061	-16.9894	148.258
			*MESH_VERTEX 173	5.08202	-19.1227	141.444
			*MESH_VERTEX 174	-16.5641	-5.47223	139.713
			*MESH_VERTEX 175	-11.8472	-14.0135	4.28501
			*MESH_VERTEX 176	-13.2066	-19.3946	2.9761
			*MESH_VERTEX 177	7.27596	-18.6386	127.951
			*MESH_VERTEX 178	8.36832	-21.5331	129.545
			*MESH_VERTEX 179	-11.3539	-9.88029	148.889
			*MESH_VERTEX 180	-15.6071	-5.94812	151.305
			*MESH_VERTEX 181	-13.2676	-18.0965	130.76
			*MESH_VERTEX 182	0.522568	-2.60737	14.2672
			*MESH_VERTEX 183	-5.02196	-19.1688	141.417
			*MESH_VERTEX 184	-18.5232	-4.20902	2.30744
			*MESH_VERTEX 185	-15.7655	-2.59873	14.2709
			*MESH_VERTEX 186	-17.5813	1.37279	140.921
			*MESH_VERTEX 187	-25.0789	-7.14139	92.8947
			*MESH_VERTEX 188	25.9214	-6.77772	92.1544
			*MESH_VERTEX 189	16.9089	-5.26469	139.012
			*MESH_VERTEX 190	-8.88379	4.14244	150.015
			*MESH_VERTEX 191	12.7684	-0.799579	152.672
			*MESH_VERTEX 192	14.1082	-19.1759	135.716
			*MESH_VERTEX 193	9.6672	-15.5234	145.784
			*MESH_VERTEX 194	10.557	-22.5958	137.214
			*MESH_VERTEX 195	-20.0096	-8.80676	141.076
			*MESH_VERTEX 196	-24.026	-8.20381	143.428
			*MESH_VERTEX 197	-9.61369	-15.5441	145.781
			*MESH_VERTEX 198	-10.3934	-22.6174	137.291
			*MESH_VERTEX 199	16.3852	-2.95629	14.4089
			*MESH_VERTEX 200	-27.7205	-14.9289	82.7799
			*MESH_VERTEX 201	-16.3001	1.38106	141.291
			*MESH_VERTEX 202	-26.7927	-8.7376	91.4058
			*MESH_VERTEX 203	-24.2119	-14.5167	89.9048
			*MESH_VERTEX 204	16.6505	3.51264	145.601
			*MESH_VERTEX 205	27.7863	-15.022	82.6821
			*MESH_VERTEX 206	20.1895	-8.77797	140.206
			*MESH_VERTEX 207	14.7903	-8.28913	147.604
			*MESH_VERTEX 208	12.2291	3.04352	1.8949
			*MESH_VERTEX 209	-29.8792	-7.43286	84.8695
			*MESH_VERTEX 210	26.6104	-8.62704	91.5554
			*MESH_VERTEX 211	-12.0825	-9.32023	126.279
			*MESH_VERTEX 212	-23.169	5.04522	96.4908
			*MESH_VERTEX 213	-12.0521	-11.5754	117.825
			*MESH_VERTEX 214	9.80502	5.0108	149.318
			*MESH_VERTEX 215	29.8152	-7.49203	84.7492
			*MESH_VERTEX 216	26.4875	-8.83175	79.0349
			*MESH_VERTEX 217	-14.2593	-8.12926	147.72
			*MESH_VERTEX 218	25.2211	-8.11701	92.5047
			*MESH_VERTEX 219	22.0052	-0.276229	120.864
			*MESH_VERTEX 220	18.3461	1.47313	140.197
			*MESH_VERTEX 221	-3.51692	-1.06021	166.679
			*MESH_VERTEX 222	-3.84055	-1.82243	120.754
			*MESH_VERTEX 223	-0.056485	-3.28907	120.337
			*MESH_VERTEX 224	-17.4224	-16.893	109.295
			*MESH_VERTEX 225	-11.654	3.31725	1.96484
			*MESH_VERTEX 226	11.5586	-4.90449	126.245
			*MESH_VERTEX 227	3.86254	-1.36438	166.538
			*MESH_VERTEX 228	-10.9586	-8.40437	5.9299
			*MESH_VERTEX 229	-15.1138	-9.90604	8.15384
			*MESH_VERTEX 230	-28.5371	-15.9997	81.6151
			*MESH_VERTEX 231	-7.96833	2.41269	131.864
			*MESH_VERTEX 232	11.3602	-8.65706	6.17341
			*MESH_VERTEX 233	12.6304	-19.9269	3.53555
			*MESH_VERTEX 234	-11.8019	-0.769973	152.678
			*MESH_VERTEX 235	-4.05094	-5.57954	154.235
			*MESH_VERTEX 236	12.2508	-0.967082	152.617
			*MESH_VERTEX 237	4.0481	-5.80643	154.36
			*MESH_VERTEX 238	28.8156	-13.9746	94.7539
			*MESH_VERTEX 239	-18.2356	-7.50412	4.85718
			*MESH_VERTEX 240	5.32071	-22.7254	132.063
			*MESH_VERTEX 241	-9.1646	-25.3447	63.0468
			*MESH_VERTEX 242	-23.8752	-11.7929	90.7714
			*MESH_VERTEX 243	25.451	-13.496	81.4853
			*MESH_VERTEX 244	-25.4214	-13.3601	81.5703
			*MESH_VERTEX 245	-5.17175	-22.743	132.124
			*MESH_VERTEX 246	-12.2248	-0.631739	152.774
			*MESH_VERTEX 247	6.96203	-21.7129	100.01
			*MESH_VERTEX 248	12.1672	-12.0474	117.602
			*MESH_VERTEX 249	24.3056	-14.6687	89.8371
			*MESH_VERTEX 250	23.9102	-11.915	90.6564
			*MESH_VERTEX 251	-13.4716	-8.07988	142.693
			*MESH_VERTEX 252	-26.3663	-8.5541	80.394
			*MESH_VERTEX 253	-28.6581	-12.8632	92.9391
			*MESH_VERTEX 254	-32.9769	-9.2917	93.9995
			*MESH_VERTEX 255	-32.8407	-10.3925	94.332
			*MESH_VERTEX 256	-31.2295	-9.1638	98.1618
			*MESH_VERTEX 257	0.245686	15.9025	2.94374
			*MESH_VERTEX 258	28.6635	-12.7472	93.1108
			*MESH_VERTEX 259	31.245	-9.1582	98.1966
			*MESH_VERTEX 260	18.6553	-5.05883	2.44222
			*MESH_VERTEX 261	20.3445	-13.3511	3.37831
			*MESH_VERTEX 262	18.5138	-8.22153	5.04502
			*MESH_VERTEX 263	13.8912	-8.18526	142.594
			*MESH_VERTEX 264	25.1129	-5.84042	117.957
			*MESH_VERTEX 265	-11.9381	-19.2198	140.225
			*MESH_VERTEX 266	-10.7523	-9.45354	148.747
			*MESH_VERTEX 267	8.27707	-15.485	145.584
			*MESH_VERTEX 268	-8.22517	-15.5042	145.58
			*MESH_VERTEX 269	0.0499601	-18.7511	139.904
			*MESH_VERTEX 270	-16.5583	2.70981	150.275
			*MESH_VERTEX 271	16.2085	-6.06934	151.163
			*MESH_VERTEX 272	-20.5477	-12.423	3.09618
			*MESH_VERTEX 273	24.2521	-13.8794	84.0895
			*MESH_VERTEX 274	26.0237	-14.2147	87.3682
			*MESH_VERTEX 275	-8.93503	-15.5071	123.793
			*MESH_VERTEX 276	-3.8837	-19.6242	123.077
			*MESH_VERTEX 277	32.6607	-4.72016	92.0045
			*MESH_VERTEX 278	30.9963	-0.590424	118.277
			*MESH_VERTEX 279	-24.7034	-5.56133	118.104
			*MESH_VERTEX 280	-23.4392	-14.7092	83.7705
			*MESH_VERTEX 281	-25.9481	-14.0832	87.4595
			*MESH_VERTEX 282	-24.5262	-13.8631	84.2775
			*MESH_VERTEX 283	15.2085	-10.3587	8.43154
			*MESH_VERTEX 284	11.7375	-14.1376	4.86643
			*MESH_VERTEX 285	16.6848	-18.962	3.31964
			*MESH_VERTEX 286	17.2178	2.59385	150.124
			*MESH_VERTEX 287	4.32734	-1.51119	125.695
			*MESH_VERTEX 288	24.2459	-15.4566	84.0304
			*MESH_VERTEX 289	10.77	4.6626	139.052
			*MESH_VERTEX 290	-15.8768	-2.71326	139.073
			*MESH_VERTEX 291	17.4851	-16.7332	109.642
			*MESH_VERTEX 292	10.488	-25.94	94.4193
			*MESH_VERTEX 293	10.1687	-17.0704	115.697
			*MESH_VERTEX 294	8.98507	-15.5377	123.762
			*MESH_VERTEX 295	-11.0401	-16.3687	129.511
			*MESH_VERTEX 296	14.5323	-1.4269	103.99
			*MESH_VERTEX 297	-9.19715	5.02414	149.167
			*MESH_VERTEX 298	10.6481	-22.2691	132.46
			*MESH_VERTEX 299	-14.5826	-1.65129	104.336
			*MESH_VERTEX 300	-0.021537	-2.17153	125.827
			*MESH_VERTEX 301	11.0271	-16.383	129.485
			*MESH_VERTEX 302	9.30165	-4.75305	120.261
			*MESH_VERTEX 303	-12.2314	-4.62215	126.224
			*MESH_VERTEX 304	-10.3038	-22.3864	132.368
			*MESH_VERTEX 305	26.4202	-11.3971	59.1134
			*MESH_VERTEX 306	-22.9281	-0.420701	117.42
			*MESH_VERTEX 307	-4.37669	-1.50383	125.63
			*MESH_VERTEX 308	11.4377	-3.06358	11.4546
			*MESH_VERTEX 309	0.026072	-20.9723	135.468
			*MESH_VERTEX 310	14.9581	0.0205491	112.024
			*MESH_VERTEX 311	-11.0433	-2.87422	11.4862
			*MESH_VERTEX 312	14.586	-9.87656	133.2
			*MESH_VERTEX 313	-16.2404	-1.48942	151.863
			*MESH_VERTEX 314	16.9368	-1.68957	151.694
			*MESH_VERTEX 315	-0.296293	6.9693	111.668
			*MESH_VERTEX 316	-5.72872	6.99584	78.4995
			*MESH_VERTEX 317	0.00676927	5.7879	103.314
			*MESH_VERTEX 318	-32.2834	-3.98396	92.333
			*MESH_VERTEX 319	-15.8758	4.02516	2.01637
			*MESH_VERTEX 320	-17.2397	1.51109	4.90727
			*MESH_VERTEX 321	16.3924	3.28139	1.82998
			*MESH_VERTEX 322	-10.9077	4.68123	139.082
			*MESH_VERTEX 323	-13.2659	4.27471	146.604
			*MESH_VERTEX 324	-10.9263	0.840182	4.8707
			*MESH_VERTEX 325	-0.112862	13.0658	96.3521
			*MESH_VERTEX 326	16.1292	-2.76719	138.999
			*MESH_VERTEX 327	15.6236	1.49994	140.98
			*MESH_VERTEX 328	-17.4798	-1.98988	79.3214
			*MESH_VERTEX 329	-14.5164	-10.1148	133.374
			*MESH_VERTEX 330	-14.5642	-15.3165	132.742
			*MESH_VERTEX 331	-21.362	-20.9769	62.9811
			*MESH_VERTEX 332	11.6742	-5.35942	2.67262
			*MESH_VERTEX 333	11.9825	0.0671237	1.28368
			*MESH_VERTEX 334	6.93696	6.77995	78.8726
			*MESH_VERTEX 335	17.6727	0.845311	4.96222
			*MESH_VERTEX 336	-15.8035	-0.0264786	111.783
			*MESH_VERTEX 337	-17.5969	-8.70767	111.401
			*MESH_VERTEX 338	-0.106797	5.20725	149.344
			*MESH_VERTEX 339	-0.107899	3.9868	149.832
			*MESH_VERTEX 340	-5.50783	1.73294	154.523
			*MESH_VERTEX 341	22.9634	2.37681	142.323
			*MESH_VERTEX 342	29.0464	3.06199	117.649
			*MESH_VERTEX 343	-31.6392	-1.35284	114.474
			*MESH_VERTEX 344	-28.1641	3.20433	120.791
			*MESH_VERTEX 345	-22.048	2.51985	143.299
			*MESH_VERTEX 346	5.56853	2.05087	154.303
			*MESH_VERTEX 347	6.88064	-1.5402	155.429
			*MESH_VERTEX 348	-20.9496	-12.2751	-0.361319
			*MESH_VERTEX 349	-21.2439	-16.0603	1.48497
			*MESH_VERTEX 350	11.993	-19.2035	140.209
			*MESH_VERTEX 351	14.8507	4.01814	146.366
			*MESH_VERTEX 352	-25.3006	-1.1593	144.847
			*MESH_VERTEX 353	11.3744	-14.2844	0.205235
			*MESH_VERTEX 354	-24.8411	-11.7468	94.3364
			*MESH_VERTEX 355	-7.35028	-1.48033	155.251
			*MESH_VERTEX 356	-11.8221	-13.9684	-0.366769
			*MESH_VERTEX 357	21.9242	-3.75523	122.023
			*MESH_VERTEX 358	7.92284	2.31335	131.777
			*MESH_VERTEX 359	-11.4224	-5.00367	2.47002
			*MESH_VERTEX 360	-31.2379	-10.7817	92.5857
			*MESH_VERTEX 361	-3.58555	-20.452	115.262
			*MESH_VERTEX 362	-10.5769	-25.477	94.2477
			*MESH_VERTEX 363	25.1135	-12.6654	79.4336
			*MESH_VERTEX 364	9.07406	-25.1642	57.9525
			*MESH_VERTEX 365	9.32932	4.15189	149.985
			*MESH_VERTEX 366	-16.6924	1.11536	1.15919
			*MESH_VERTEX 367	3.71947	-20.4868	115.213
			*MESH_VERTEX 368	5.56721	-23.8948	108.221
			*MESH_VERTEX 369	-24.5896	2.91973	120.295
			*MESH_VERTEX 370	-33.0106	-4.97186	92.6731
			*MESH_VERTEX 371	-29.359	2.04611	114.264
			*MESH_VERTEX 372	-5.04279	-23.8036	108.341
			*MESH_VERTEX 373	-29.8335	-2.87368	91.8636
			*MESH_VERTEX 374	16.7897	-3.33606	11.6833
			*MESH_VERTEX 375	31.1857	-10.6855	92.7432
			*MESH_VERTEX 376	31.6486	-6.63413	91.4922
			*MESH_VERTEX 377	-25.1079	-12.5233	79.5258
			*MESH_VERTEX 378	20.6285	-17.0368	1.96214
			*MESH_VERTEX 379	-14.3651	5.49836	5.94468
			*MESH_VERTEX 380	-31.7391	-6.6689	91.3356
			*MESH_VERTEX 381	-31.162	-4.39169	96.7855
			*MESH_VERTEX 382	31.1742	-4.43394	96.8273
			*MESH_VERTEX 383	14.4766	-15.3378	132.669
			*MESH_VERTEX 384	4.55722	-28.1629	91.3649
			*MESH_VERTEX 385	-28.6703	-12.732	86.4887
			*MESH_VERTEX 386	28.7224	-12.8061	86.3734
			*MESH_VERTEX 387	25.3225	-7.36688	113.833
			*MESH_VERTEX 388	26.1487	-1.50394	143.6
			*MESH_VERTEX 389	14.4513	-3.2062	133.195
			*MESH_VERTEX 390	14.9976	5.05478	5.77033
			*MESH_VERTEX 391	11.3884	0.522289	4.85627
			*MESH_VERTEX 392	12.6071	0.641344	14.4106
			*MESH_VERTEX 393	27.3441	-6.31523	122.666
			*MESH_VERTEX 394	19.0669	-1.50986	79.3688
			*MESH_VERTEX 395	-29.5188	-14.208	80.5191
			*MESH_VERTEX 396	19.693	-9.22225	0.186077
			*MESH_VERTEX 397	-25.967	-9.91366	98.0458
			*MESH_VERTEX 398	29.562	-14.2667	80.4007
			*MESH_VERTEX 399	25.9995	-9.8378	98.1753
			*MESH_VERTEX 400	-16.2852	-2.85982	11.5818
			*MESH_VERTEX 401	-6.85703	7.63304	60.8027
			*MESH_VERTEX 402	2.73102	-7.30281	164.682
			*MESH_VERTEX 403	-20.6155	-8.72332	141.411
			*MESH_VERTEX 404	31.3411	-5.15606	114.821
			*MESH_VERTEX 405	-11.7406	-8.09573	118.796
			*MESH_VERTEX 406	-28.8274	-7.16794	115.321
			*MESH_VERTEX 407	-25.057	-7.27727	114.13
			*MESH_VERTEX 408	-27.3527	-13.7786	95.1073
			*MESH_VERTEX 409	23.4321	-10.9171	79.1597
			*MESH_VERTEX 410	-2.68499	-7.24565	164.74
			*MESH_VERTEX 411	-28.9197	-5.98894	88.4083
			*MESH_VERTEX 412	-29.1666	-5.53764	90.6863
			*MESH_VERTEX 413	-29.2227	-3.50447	96.4074
			*MESH_VERTEX 414	29.099	-5.53638	90.8697
			*MESH_VERTEX 415	29.2643	-3.5469	96.4918
			*MESH_VERTEX 416	15.9011	0.554197	14.7306
			*MESH_VERTEX 417	-19.6583	-8.27224	0.0646569
			*MESH_VERTEX 418	11.9455	-10.0195	0.530732
			*MESH_VERTEX 419	25.2668	-12.1245	80.7523
			*MESH_VERTEX 420	-25.2673	-11.9865	80.8356
			*MESH_VERTEX 421	17.4192	-8.75194	111.76
			*MESH_VERTEX 422	26.052	1.5061	113.579
			*MESH_VERTEX 423	23.4856	-1.06163	113.794
			*MESH_VERTEX 424	27.7663	-11.1461	98.6289
			*MESH_VERTEX 425	-11.9176	-9.59981	0.20253
			*MESH_VERTEX 426	-14.8065	-14.6593	137.016
			*MESH_VERTEX 427	19.7348	-8.28184	140.033
			*MESH_VERTEX 428	-12.458	-12.3975	143.573
			*MESH_VERTEX 429	-21.9069	-19.8157	58.3286
			*MESH_VERTEX 430	-27.7169	-11.2005	98.5283
			*MESH_VERTEX 431	-24.2996	-7.75567	143.641
			*MESH_VERTEX 432	-21.6336	-3.77491	122.282
			*MESH_VERTEX 433	-23.6491	-6.29653	122.468
			*MESH_VERTEX 434	-12.4168	1.05213	14.5665
			*MESH_VERTEX 435	-21.7361	-0.261889	121.112
			*MESH_VERTEX 436	-16.402	-4.76406	139.714
			*MESH_VERTEX 437	16.7849	-4.53871	139.02
			*MESH_VERTEX 438	-25.8715	-6.37208	92.706
			*MESH_VERTEX 439	-25.9609	1.6675	113.939
			*MESH_VERTEX 440	28.4614	-13.6383	82.3612
			*MESH_VERTEX 441	-28.4237	-13.5588	82.462
			*MESH_VERTEX 442	28.1417	3.12509	120.513
			*MESH_VERTEX 443	8.02072	7.64203	62.8625
			*MESH_VERTEX 444	-9.60607	-25.3426	58.3028
			*MESH_VERTEX 445	-0.012324	4.8412	137.829
			*MESH_VERTEX 446	-0.0198837	2.77536	131.532
			*MESH_VERTEX 447	31.8464	-1.57359	114.11
			*MESH_VERTEX 448	29.0556	-7.30707	115.053
			*MESH_VERTEX 449	7.93892	-23.8788	78.2102
			*MESH_VERTEX 450	-0.872701	-21.8662	100.968
			*MESH_VERTEX 451	-15.4874	-0.113216	14.4287
			*MESH_VERTEX 452	26.5558	-6.26008	97.1621
			*MESH_VERTEX 453	26.6198	-7.36246	94.9974
			*MESH_VERTEX 454	-8.53664	-23.9727	78.7873
			*MESH_VERTEX 455	14.7212	-14.6222	137
			*MESH_VERTEX 456	-9.42685	-20.6804	108.099
			*MESH_VERTEX 457	9.83755	-20.4071	109.214
			*MESH_VERTEX 458	-28.1218	-6.2421	118.678
			*MESH_VERTEX 459	-17.2529	0.738742	140.701
			*MESH_VERTEX 460	12.3536	-12.3745	143.571
			*MESH_VERTEX 461	17.9728	0.863648	139.987
			*MESH_VERTEX 462	17.168	0.238654	2.24681
			*MESH_VERTEX 463	29.2428	-6.07267	88.3726
			*MESH_VERTEX 464	-25.3536	2.23826	117.551
			*MESH_VERTEX 465	-30.7788	-0.442036	118.585
			*MESH_VERTEX 466	-16.3768	-13.3166	4.91237
			*MESH_VERTEX 467	20.5999	-13.3689	-0.0401531
			*MESH_VERTEX 468	22.7974	-3.65259	117.398
			*MESH_VERTEX 469	18.8942	1.59923	140.445
			*MESH_VERTEX 470	24.6725	-7.98016	142.456
