*3DSMAX_ASCIIEXPORT	110
*COMMENT "[ GothicSourcer v3.10 ] - August 2006"
*SCENE {
	*SCENE_FILENAME "ARMOR_DJG_M.MAX"
	*SCENE_FIRSTFRAME 0
	*SCENE_LASTFRAME 100
	*SCENE_FRAMESPEED 25
	*SCENE_TICKSPERFRAME 192
	*SCENE_BACKGROUND_STATIC 0	0	0
	*SCENE_AMBIENT_STATIC 0.2	0.2	0.2
}
*MATERIAL_LIST {
	*MATERIAL_COUNT 2
	*MATERIAL 0 {
		*MATERIAL_NAME "Compound Material #1"
		*MATERIAL_CLASS "Multi/Sub-Object"
		*NUMSUBMTLS 2
		*SUBMATERIAL 0 {
			*MATERIAL_NAME "DRHUNTER"
			*MATERIAL_CLASS "Standard"
			*MATERIAL_AMBIENT 0.113725	0.0862745	0.0666667
			*MATERIAL_DIFFUSE 0.113725	0.0862745	0.0666667
			*MATERIAL_SPECULAR 0.9	0.9	0.9
			*MATERIAL_SHINE 0.1
			*MATERIAL_SHINESTRENGTH 0
			*MATERIAL_TRANSPARENCY 0
			*MATERIAL_WIRESIZE 1
			*MATERIAL_SHADING Blinn
			*MATERIAL_XP_FALLOFF 0
			*MATERIAL_SELFILLUM 0
			*MATERIAL_FALLOFF In
			*MATERIAL_XP_TYPE Filter
			*MAP_DIFFUSE {
				*MAP_NAME "Map #1-1"
				*MAP_CLASS "Bitmap"
				*MAP_SUBNO 1
				*MAP_AMOUNT 1
				*BITMAP "DRGH_V1.TGA"
				*MAP_TYPE Screen
				*UVW_U_OFFSET 0
				*UVW_V_OFFSET 0
				*UVW_U_TILING 1
				*UVW_V_TILING 1
				*UVW_ANGLE 0
				*UVW_BLUR 1
				*UVW_BLUR_OFFSET 0
				*UVW_NOUSE_AMT 1
				*UVW_NOISE_SIZE 1
				*UVW_NOISE_LEVEL 1
				*UVW_NOISE_PHASE 0
				*BITMAP_FILTER Pyramidal
			}
		}
		*SUBMATERIAL 1 {
			*MATERIAL_NAME "NACKED_MUSCEL0"
			*MATERIAL_CLASS "Standard"
			*MATERIAL_AMBIENT 0.160784	0.141176	0.113725
			*MATERIAL_DIFFUSE 0.160784	0.141176	0.113725
			*MATERIAL_SPECULAR 0.9	0.9	0.9
			*MATERIAL_SHINE 0.1
			*MATERIAL_SHINESTRENGTH 0
			*MATERIAL_TRANSPARENCY 0
			*MATERIAL_WIRESIZE 1
			*MATERIAL_SHADING Blinn
			*MATERIAL_XP_FALLOFF 0
			*MATERIAL_SELFILLUM 0
			*MATERIAL_FALLOFF In
			*MATERIAL_XP_TYPE Filter
			*MAP_DIFFUSE {
				*MAP_NAME "Map #1-2"
				*MAP_CLASS "Bitmap"
				*MAP_SUBNO 1
				*MAP_AMOUNT 1
				*BITMAP "HUM_BODY_NACKED_V0_C1.TGA"
				*MAP_TYPE Screen
				*UVW_U_OFFSET 0
				*UVW_V_OFFSET 0
				*UVW_U_TILING 1
				*UVW_V_TILING 1
				*UVW_ANGLE 0
				*UVW_BLUR 1
				*UVW_BLUR_OFFSET 0
				*UVW_NOUSE_AMT 1
				*UVW_NOISE_SIZE 1
				*UVW_NOISE_LEVEL 1
				*UVW_NOISE_PHASE 0
				*BITMAP_FILTER Pyramidal
			}
		}
	}
	*MATERIAL 1 {
		*MATERIAL_NAME "Compound Material #2"
		*MATERIAL_CLASS "Multi/Sub-Object"
		*NUMSUBMTLS 2
		*SUBMATERIAL 0 {
			*MATERIAL_NAME "HELM"
			*MATERIAL_CLASS "Standard"
			*MATERIAL_AMBIENT 0.137255	0.117647	0.0941177
			*MATERIAL_DIFFUSE 0.137255	0.117647	0.0941177
			*MATERIAL_SPECULAR 0.9	0.9	0.9
			*MATERIAL_SHINE 0.1
			*MATERIAL_SHINESTRENGTH 0
			*MATERIAL_TRANSPARENCY 0
			*MATERIAL_WIRESIZE 1
			*MATERIAL_SHADING Blinn
			*MATERIAL_XP_FALLOFF 0
			*MATERIAL_SELFILLUM 0
			*MATERIAL_FALLOFF In
			*MATERIAL_XP_TYPE Filter
			*MAP_DIFFUSE {
				*MAP_NAME "Map #2-1"
				*MAP_CLASS "Bitmap"
				*MAP_SUBNO 1
				*MAP_AMOUNT 1
				*BITMAP "HELMDRGH_V1.TGA"
				*MAP_TYPE Screen
				*UVW_U_OFFSET 0
				*UVW_V_OFFSET 0
				*UVW_U_TILING 1
				*UVW_V_TILING 1
				*UVW_ANGLE 0
				*UVW_BLUR 1
				*UVW_BLUR_OFFSET 0
				*UVW_NOUSE_AMT 1
				*UVW_NOISE_SIZE 1
				*UVW_NOISE_LEVEL 1
				*UVW_NOISE_PHASE 0
				*BITMAP_FILTER Pyramidal
			}
		}
		*SUBMATERIAL 1 {
			*MATERIAL_NAME "NAKED;NECK"
			*MATERIAL_CLASS "Standard"
			*MATERIAL_AMBIENT 0.137255	0.117647	0.0941177
			*MATERIAL_DIFFUSE 0.137255	0.117647	0.0941177
			*MATERIAL_SPECULAR 0.9	0.9	0.9
			*MATERIAL_SHINE 0.1
			*MATERIAL_SHINESTRENGTH 0
			*MATERIAL_TRANSPARENCY 0
			*MATERIAL_WIRESIZE 1
			*MATERIAL_SHADING Blinn
			*MATERIAL_XP_FALLOFF 0
			*MATERIAL_SELFILLUM 0
			*MATERIAL_FALLOFF In
			*MATERIAL_XP_TYPE Filter
			*MAP_DIFFUSE {
				*MAP_NAME "Map #2-2"
				*MAP_CLASS "Bitmap"
				*MAP_SUBNO 1
				*MAP_AMOUNT 1
				*BITMAP "HELMDRGH_V1.TGA"
				*MAP_TYPE Screen
				*UVW_U_OFFSET 0
				*UVW_V_OFFSET 0
				*UVW_U_TILING 1
				*UVW_V_TILING 1
				*UVW_ANGLE 0
				*UVW_BLUR 1
				*UVW_BLUR_OFFSET 0
				*UVW_NOUSE_AMT 1
				*UVW_NOISE_SIZE 1
				*UVW_NOISE_LEVEL 1
				*UVW_NOISE_PHASE 0
				*BITMAP_FILTER Pyramidal
			}
		}
	}
}
*HELPEROBJECT {
	*NODE_NAME "Bip01"
	*NODE_TM {
		*NODE_NAME "Bip01"
		*TM_ROW0 6.27438e-006	-1	0
		*TM_ROW1 1	6.27438e-006	0
		*TM_ROW2 -0	-0	1
		*TM_ROW3 0	-7.37745	99.9496
		*TM_POS 0	-7.37745	99.9496
		*TM_ROTAXIS 0	0	1
		*TM_ROTANGLE 1.57079
		*TM_SCALE 1	1	1
		*TM_SCALEAXIS 0	0	0
		*TM_SCALEAXISANG 0	0	0
	}
}
*HELPEROBJECT {
	*NODE_NAME "Bip01 Pelvis"
	*NODE_PARENT "Bip01"
	*NODE_TM {
		*NODE_NAME "Bip01 Pelvis"
		*TM_ROW0 -5.96014e-008	1.79264e-006	1
		*TM_ROW1 -1.79264e-006	-1	1.79264e-006
		*TM_ROW2 1	-1.79264e-006	-5.96014e-008
		*TM_ROW3 1e-005	-8.0113	99.9496
		*TM_POS 1e-005	-8.0113	99.9496
		*TM_ROTAXIS 0.707107	0	0.707107
		*TM_ROTANGLE 3.1416
		*TM_SCALE 1	1	1
		*TM_SCALEAXIS 0	0	0
		*TM_SCALEAXISANG 0	0	0
	}
}
*HELPEROBJECT {
	*NODE_NAME "Bip01 Spine"
	*NODE_PARENT "Bip01 Pelvis"
	*NODE_TM {
		*NODE_NAME "Bip01 Spine"
		*TM_ROW0 6.6944e-008	-0.0205947	0.999788
		*TM_ROW1 5.48642e-006	-0.999788	-0.0205947
		*TM_ROW2 1	5.48642e-006	6.6944e-008
		*TM_ROW3 1e-005	-7.92216	102.35
		*TM_POS 1e-005	-7.92216	102.35
		*TM_ROTAXIS 0.707088	-0.00727998	0.707088
		*TM_ROTANGLE 3.12703
		*TM_SCALE 1	1	1
		*TM_SCALEAXIS 0	0	0
		*TM_SCALEAXISANG 0	0	0
	}
}
*HELPEROBJECT {
	*NODE_NAME "Bip01 Spine1"
	*NODE_PARENT "Bip01 Spine"
	*NODE_TM {
		*NODE_NAME "Bip01 Spine1"
		*TM_ROW0 6.76996e-008	-0.00276992	0.999996
		*TM_ROW1 -1.92621e-006	-0.999996	-0.00276991
		*TM_ROW2 1	-1.92621e-006	6.76996e-008
		*TM_ROW3 1e-005	-8.11442	112.175
		*TM_POS 1e-005	-8.11442	112.175
		*TM_ROTAXIS -0.707107	0.000979995	-0.707106
		*TM_ROTANGLE 3.14355
		*TM_SCALE 1	1	1
		*TM_SCALEAXIS 0	0	0
		*TM_SCALEAXISANG 0	0	0
	}
}
*HELPEROBJECT {
	*NODE_NAME "Bip01 Spine2"
	*NODE_PARENT "Bip01 Spine1"
	*NODE_TM {
		*NODE_NAME "Bip01 Spine2"
		*TM_ROW0 3.48622e-008	0.180243	0.983622
		*TM_ROW1 1.67638e-006	-0.983622	0.180243
		*TM_ROW2 1	1.67638e-006	3.48621e-008
		*TM_ROW3 1e-005	-8.1264	124.961
		*TM_POS 1e-005	-8.1264	124.961
		*TM_ROTAXIS 0.705652	0.0641202	0.705652
		*TM_ROTANGLE 3.26966
		*TM_SCALE 1	1	1
		*TM_SCALEAXIS 0	0	0
		*TM_SCALEAXISANG 0	0	0
	}
}
*HELPEROBJECT {
	*NODE_NAME "Bip01 Neck"
	*NODE_PARENT "Bip01 Spine2"
	*NODE_TM {
		*NODE_NAME "Bip01 Neck"
		*TM_ROW0 6.08698e-007	-0.167043	0.98595
		*TM_ROW1 4.70132e-006	-0.98595	-0.167043
		*TM_ROW2 1	4.70132e-006	6.08698e-007
		*TM_ROW3 -2.11471e-012	-2.71656	154.454
		*TM_POS -2.11471e-012	-2.71656	154.454
		*TM_ROTAXIS -0.70586	0.05937	-0.705859
		*TM_ROTANGLE 3.2602
		*TM_SCALE 1	1	1
		*TM_SCALEAXIS 0	0	0
		*TM_SCALEAXISANG 0	0	0
	}
}
*HELPEROBJECT {
	*NODE_NAME "Bip01 Head"
	*NODE_PARENT "Bip01 Neck"
	*NODE_TM {
		*NODE_NAME "Bip01 Head"
		*TM_ROW0 -5.96015e-008	1.76921e-006	1
		*TM_ROW1 -1.79264e-006	-1	1.77916e-006
		*TM_ROW2 1	-1.79264e-006	-5.96014e-008
		*TM_ROW3 1.63729e-011	-3.85901	161.198
		*TM_POS 1.63729e-011	-3.85901	161.198
		*TM_ROTAXIS -0.707107	4.76653e-009	-0.707107
		*TM_ROTANGLE 3.14159
		*TM_SCALE 1	1	1
		*TM_SCALEAXIS 0	0	0
		*TM_SCALEAXISANG 0	0	0
	}
}
*HELPEROBJECT {
	*NODE_NAME "ZS_HELMET"
	*NODE_PARENT "Bip01 Head"
	*NODE_TM {
		*NODE_NAME "ZS_HELMET"
		*TM_ROW0 1	5.73874e-013	4.35659e-014
		*TM_ROW1 -4.07319e-013	0.996917	-0.0784593
		*TM_ROW2 -4.76109e-014	0.0784593	0.996918
		*TM_ROW3 1e-005	-7.06248	173.704
		*TM_POS 1e-005	-7.06248	173.704
		*TM_ROTAXIS 1	5.81045e-013	-6.25288e-012
		*TM_ROTANGLE 0.078541
		*TM_SCALE 1	1	1
		*TM_SCALEAXIS 0	0	0
		*TM_SCALEAXISANG 0	0	0
	}
}
*HELPEROBJECT {
	*NODE_NAME "Bip01 L Clavicle"
	*NODE_PARENT "Bip01 Neck"
	*NODE_TM {
		*NODE_NAME "Bip01 L Clavicle"
		*TM_ROW0 0.935229	-0.203893	-0.289439
		*TM_ROW1 0.156435	0.971369	-0.178803
		*TM_ROW2 0.317608	0.121943	0.940348
		*TM_ROW3 7.96399	-1.25804	148.729
		*TM_POS 7.96399	-1.25804	148.729
		*TM_ROTAXIS 0.391939	-0.791119	0.469589
		*TM_ROTANGLE 0.39376
		*TM_SCALE 1	1	1
		*TM_SCALEAXIS 0	0	0
		*TM_SCALEAXISANG 0	0	0
	}
}
*HELPEROBJECT {
	*NODE_NAME "Bip01 L UpperArm"
	*NODE_PARENT "Bip01 L Clavicle"
	*NODE_TM {
		*NODE_NAME "Bip01 L UpperArm"
		*TM_ROW0 0.246229	0.0989026	-0.964152
		*TM_ROW1 0.412789	0.889345	0.196649
		*TM_ROW2 0.876913	-0.446412	0.178157
		*TM_ROW3 20.4269	-3.97508	144.872
		*TM_POS 20.4269	-3.97508	144.872
		*TM_ROTAXIS -0.325561	-0.932072	0.15891
		*TM_ROTANGLE 1.41328
		*TM_SCALE 1	1	1
		*TM_SCALEAXIS 0	0	0
		*TM_SCALEAXISANG 0	0	0
	}
}
*HELPEROBJECT {
	*NODE_NAME "Bip01 L Forearm"
	*NODE_PARENT "Bip01 L UpperArm"
	*NODE_TM {
		*NODE_NAME "Bip01 L Forearm"
		*TM_ROW0 0.0455122	-0.291882	-0.955371
		*TM_ROW1 0.478489	0.845886	-0.235638
		*TM_ROW2 0.876913	-0.44641	0.17816
		*TM_ROW3 27.2982	-1.21526	117.966
		*TM_POS 27.2982	-1.21526	117.966
		*TM_ROTAXIS -0.10545	-0.916697	0.385419
		*TM_ROTANGLE 1.53601
		*TM_SCALE 1	1	1
		*TM_SCALEAXIS 0	0	0
		*TM_SCALEAXISANG 0	0	0
	}
}
*HELPEROBJECT {
	*NODE_NAME "Bip01 L Hand"
	*NODE_PARENT "Bip01 L Forearm"
	*NODE_TM {
		*NODE_NAME "Bip01 L Hand"
		*TM_ROW0 0.0455132	-0.291886	-0.95537
		*TM_ROW1 -0.876533	0.44708	-0.17835
		*TM_ROW2 0.479185	0.845531	-0.2355
		*TM_ROW3 28.5642	-9.33439	91.391
		*TM_POS 28.5642	-9.33439	91.391
		*TM_ROTAXIS 0.551391	-0.772552	-0.314851
		*TM_ROTANGLE 1.95137
		*TM_SCALE 1	1	1
		*TM_SCALEAXIS 0	0	0
		*TM_SCALEAXISANG 0	0	0
	}
}
*HELPEROBJECT {
	*NODE_NAME "Bip01 L Finger0"
	*NODE_PARENT "Bip01 L Hand"
	*NODE_TM {
		*NODE_NAME "Bip01 L Finger0"
		*TM_ROW0 0.0455152	-0.291888	-0.955369
		*TM_ROW1 -0.876915	0.446405	-0.178165
		*TM_ROW2 0.478485	0.845886	-0.235643
		*TM_ROW3 29.15	-13.0909	79.0956
		*TM_POS 29.15	-13.0909	79.0956
		*TM_ROTAXIS 0.551581	-0.772311	-0.31511
		*TM_ROTANGLE 1.95181
		*TM_SCALE 1	1	1
		*TM_SCALEAXIS 0	0	0
		*TM_SCALEAXISANG 0	0	0
	}
}
*HELPEROBJECT {
	*NODE_NAME "ZS_LEFTHAND"
	*NODE_PARENT "Bip01 L Hand"
	*NODE_TM {
		*NODE_NAME "ZS_LEFTHAND"
		*TM_ROW0 0.435606	0.890062	-0.134303
		*TM_ROW1 0.180312	-0.232461	-0.955745
		*TM_ROW2 -0.881893	0.392112	-0.261751
		*TM_ROW3 26.7605	-11.5468	82.7857
		*TM_POS 26.7605	-11.5468	82.7857
		*TM_ROTAXIS 0.794322	0.440571	-0.418271
		*TM_ROTANGLE 2.12858
		*TM_SCALE 1	1	1
		*TM_SCALEAXIS 0	0	0
		*TM_SCALEAXISANG 0	0	0
	}
}
*HELPEROBJECT {
	*NODE_NAME "ZS_LEFTARM"
	*NODE_PARENT "Bip01 L Forearm"
	*NODE_TM {
		*NODE_NAME "ZS_LEFTARM"
		*TM_ROW0 0.0759923	-0.150176	-0.985735
		*TM_ROW1 0.524499	0.846792	-0.0885736
		*TM_ROW2 0.848013	-0.510285	0.143117
		*TM_ROW3 26.9101	-7.67833	110.055
		*TM_POS 26.9101	-7.67833	110.055
		*TM_ROTAXIS -0.21097	-0.917372	0.337521
		*TM_ROTANGLE 1.53784
		*TM_SCALE 1	1	1
		*TM_SCALEAXIS 0	0	0
		*TM_SCALEAXISANG 0	0	0
	}
}
*HELPEROBJECT {
	*NODE_NAME "Bip01 R Clavicle"
	*NODE_PARENT "Bip01 Neck"
	*NODE_TM {
		*NODE_NAME "Bip01 R Clavicle"
		*TM_ROW0 -0.935227	-0.203899	-0.28944
		*TM_ROW1 -0.156442	0.971369	-0.178799
		*TM_ROW2 0.317609	-0.121937	-0.940349
		*TM_ROW3 -7.96398	-1.25806	148.729
		*TM_POS -7.96398	-1.25806	148.729
		*TM_ROTAXIS -0.0929799	0.992639	-0.0775999
		*TM_ROTANGLE 3.45235
		*TM_SCALE 1	1	1
		*TM_SCALEAXIS 0	0	0
		*TM_SCALEAXISANG 0	0	0
	}
}
*HELPEROBJECT {
	*NODE_NAME "Bip01 R UpperArm"
	*NODE_PARENT "Bip01 R Clavicle"
	*NODE_TM {
		*NODE_NAME "Bip01 R UpperArm"
		*TM_ROW0 -0.246232	0.0988932	-0.964153
		*TM_ROW1 -0.412793	0.889345	0.196642
		*TM_ROW2 0.876911	0.446415	-0.178163
		*TM_ROW3 -20.4269	-3.97513	144.872
		*TM_POS -20.4269	-3.97513	144.872
		*TM_ROTAXIS 0.12961	-0.955353	-0.265521
		*TM_ROTANGLE 1.84162
		*TM_SCALE 1	1	1
		*TM_SCALEAXIS 0	0	0
		*TM_SCALEAXISANG 0	0	0
	}
}
*HELPEROBJECT {
	*NODE_NAME "Bip01 R Forearm"
	*NODE_PARENT "Bip01 R UpperArm"
	*NODE_TM {
		*NODE_NAME "Bip01 R Forearm"
		*TM_ROW0 -0.0455087	-0.291889	-0.955369
		*TM_ROW1 -0.478487	0.845885	-0.235646
		*TM_ROW2 0.876915	0.446408	-0.17816
		*TM_ROW3 -27.2982	-1.21534	117.966
		*TM_POS -27.2982	-1.21534	117.966
		*TM_ROTAXIS 0.347279	-0.932937	-0.0950097
		*TM_ROTANGLE 1.76083
		*TM_SCALE 1	1	1
		*TM_SCALEAXIS 0	0	0
		*TM_SCALEAXISANG 0	0	0
	}
}
*HELPEROBJECT {
	*NODE_NAME "Bip01 R Hand"
	*NODE_PARENT "Bip01 R Forearm"
	*NODE_TM {
		*NODE_NAME "Bip01 R Hand"
		*TM_ROW0 -0.0455115	-0.291885	-0.95537
		*TM_ROW1 0.87653	0.447088	-0.17835
		*TM_ROW2 0.479192	-0.845527	0.235499
		*TM_ROW3 -28.5642	-9.33445	91.3911
		*TM_POS -28.5642	-9.33445	91.3911
		*TM_ROTAXIS -0.33922	-0.72939	0.59407
		*TM_ROTANGLE 1.75327
		*TM_SCALE 1	1	1
		*TM_SCALEAXIS 0	0	0
		*TM_SCALEAXISANG 0	0	0
	}
}
*HELPEROBJECT {
	*NODE_NAME "Bip01 R Finger0"
	*NODE_PARENT "Bip01 R Hand"
	*NODE_TM {
		*NODE_NAME "Bip01 R Finger0"
		*TM_ROW0 -0.0455056	-0.291877	-0.955373
		*TM_ROW1 0.876914	0.446413	-0.178152
		*TM_ROW2 0.478489	-0.845886	0.235636
		*TM_ROW3 -29.1499	-13.0909	79.0956
		*TM_POS -29.1499	-13.0909	79.0956
		*TM_ROTAXIS -0.33952	-0.729071	0.594291
		*TM_ROTANGLE 1.75354
		*TM_SCALE 1	1	1
		*TM_SCALEAXIS 0	0	0
		*TM_SCALEAXISANG 0	0	0
	}
}
*HELPEROBJECT {
	*NODE_NAME "ZS_RIGHTHAND"
	*NODE_PARENT "Bip01 R Hand"
	*NODE_TM {
		*NODE_NAME "ZS_RIGHTHAND"
		*TM_ROW0 -0.464344	0.856417	-0.225687
		*TM_ROW1 0.177861	0.339806	0.923525
		*TM_ROW2 0.867612	0.388692	-0.31011
		*TM_ROW3 -20.9389	-19.9852	85.8932
		*TM_POS -20.9389	-19.9852	85.8932
		*TM_ROTAXIS 0.383811	0.784581	0.486951
		*TM_ROTANGLE 3.91244
		*TM_SCALE 1	1	1
		*TM_SCALEAXIS 0	0	0
		*TM_SCALEAXISANG 0	0	0
	}
}
*HELPEROBJECT {
	*NODE_NAME "ZS_CROSSBOW"
	*NODE_PARENT "Bip01 Spine2"
	*NODE_TM {
		*NODE_NAME "ZS_CROSSBOW"
		*TM_ROW0 -0.382687	-0.111464	0.91713
		*TM_ROW1 -0.923878	0.0461715	-0.379891
		*TM_ROW2 -1.2517e-006	-0.992695	-0.120648
		*TM_ROW3 -14.434	10.5915	165.98
		*TM_POS -14.434	10.5915	165.98
		*TM_ROTAXIS -0.447329	0.669479	-0.593039
		*TM_ROTANGLE 2.38705
		*TM_SCALE 1	1	1
		*TM_SCALEAXIS 0	0	0
		*TM_SCALEAXISANG 0	0	0
	}
}
*HELPEROBJECT {
	*NODE_NAME "ZS_LONGSWORD"
	*NODE_PARENT "Bip01 Spine2"
	*NODE_TM {
		*NODE_NAME "ZS_LONGSWORD"
		*TM_ROW0 -0.499829	-0.0915011	0.861277
		*TM_ROW1 -0.865729	0.0828188	-0.493614
		*TM_ROW2 -0.0261636	-0.992355	-0.12061
		*TM_ROW3 -18.1593	6.92629	157.64
		*TM_POS -18.1593	6.92629	157.64
		*TM_ROTAXIS -0.38996	0.69388	-0.60536
		*TM_ROTANGLE 2.44778
		*TM_SCALE 1	1	1
		*TM_SCALEAXIS 0	0	0
		*TM_SCALEAXISANG 0	0	0
	}
}
*HELPEROBJECT {
	*NODE_NAME "ZS_SHIELD"
	*NODE_PARENT "Bip01 Spine2"
	*NODE_TM {
		*NODE_NAME "ZS_SHIELD"
		*TM_ROW0 -0.0138681	0.114196	-0.993362
		*TM_ROW1 -0.908393	0.413755	0.0602465
		*TM_ROW2 0.417888	0.903198	0.0979964
		*TM_ROW3 8.76511	9.5282	131.875
		*TM_POS 8.76511	9.5282	131.875
		*TM_ROTAXIS 0.435421	-0.728972	-0.528212
		*TM_ROTANGLE 1.82457
		*TM_SCALE 1	1	1
		*TM_SCALEAXIS 0	0	0
		*TM_SCALEAXISANG 0	0	0
	}
}
*HELPEROBJECT {
	*NODE_NAME "ZS_BOW"
	*NODE_PARENT "Bip01 Spine2"
	*NODE_TM {
		*NODE_NAME "ZS_BOW"
		*TM_ROW0 -0.341816	-0.0868229	0.935748
		*TM_ROW1 0.0119438	0.995242	0.0967059
		*TM_ROW2 -0.939691	0.044232	-0.339153
		*TM_ROW3 0.5012	12.4143	124.55
		*TM_POS 0.5012	12.4143	124.55
		*TM_ROTAXIS -0.0279299	0.998227	0.0525698
		*TM_ROTANGLE 1.92076
		*TM_SCALE 1	1	1
		*TM_SCALEAXIS 0	0	0
		*TM_SCALEAXISANG 0	0	0
	}
}
*HELPEROBJECT {
	*NODE_NAME "ZS_SWORD"
	*NODE_PARENT "Bip01 Spine"
	*NODE_TM {
		*NODE_NAME "ZS_SWORD"
		*TM_ROW0 5.79068e-007	-0.347172	0.937802
		*TM_ROW1 1.04308e-007	0.937802	0.347172
		*TM_ROW2 -1	-1.04308e-007	5.79068e-007
		*TM_ROW3 17.5015	-4.36211	106.367
		*TM_POS 17.5015	-4.36211	106.367
		*TM_ROTAXIS -0.17367	0.96937	0.17367
		*TM_ROTANGLE 1.6019
		*TM_SCALE 1	1	1
		*TM_SCALEAXIS 0	0	0
		*TM_SCALEAXISANG 0	0	0
	}
}
*HELPEROBJECT {
	*NODE_NAME "Bip01 L Thigh"
	*NODE_PARENT "Bip01 Pelvis"
	*NODE_TM {
		*NODE_NAME "Bip01 L Thigh"
		*TM_ROW0 0.0534879	-0.0367886	-0.997891
		*TM_ROW1 -0.00216181	-0.999323	0.0367256
		*TM_ROW2 -0.998566	0.000192882	-0.0535313
		*TM_ROW3 9.01023	-8.01129	99.9496
		*TM_POS 9.01023	-8.01129	99.9496
		*TM_ROTAXIS 0.72572	-0.01342	-0.68786
		*TM_ROTANGLE 3.16677
		*TM_SCALE 1	1	1
		*TM_SCALEAXIS 0	0	0
		*TM_SCALEAXISANG 0	0	0
	}
}
*HELPEROBJECT {
	*NODE_NAME "Bip01 L Calf"
	*NODE_PARENT "Bip01 L Thigh"
	*NODE_TM {
		*NODE_NAME "Bip01 L Calf"
		*TM_ROW0 0.0525131	0.197552	-0.978885
		*TM_ROW1 0.0103904	-0.980292	-0.197278
		*TM_ROW2 -0.998566	0.000188708	-0.0535307
		*TM_ROW3 11.1149	-9.45845	60.6877
		*TM_POS 11.1149	-9.45845	60.6877
		*TM_ROTAXIS 0.723901	0.0721501	-0.686121
		*TM_ROTANGLE 3.00478
		*TM_SCALE 1	1	1
		*TM_SCALEAXIS 0	0	0
		*TM_SCALEAXISANG 0	0	0
	}
}
*HELPEROBJECT {
	*NODE_NAME "Bip01 L Foot"
	*NODE_PARENT "Bip01 L Calf"
	*NODE_TM {
		*NODE_NAME "Bip01 L Foot"
		*TM_ROW0 -6.00563e-007	7.23674e-006	-1
		*TM_ROW1 0.173652	-0.984807	-7.2672e-006
		*TM_ROW2 -0.984807	-0.173652	-5.93313e-007
		*TM_ROW3 13.6935	0.240668	12.6267
		*TM_POS 13.6935	0.240668	12.6267
		*TM_ROTAXIS 0.705757	0.0617498	-0.705757
		*TM_ROTANGLE 3.26493
		*TM_SCALE 1	1	1
		*TM_SCALEAXIS 0	0	0
		*TM_SCALEAXISANG 0	0	0
	}
}
*HELPEROBJECT {
	*NODE_NAME "Bip01 L Toe0"
	*NODE_PARENT "Bip01 L Foot"
	*NODE_TM {
		*NODE_NAME "Bip01 L Toe0"
		*TM_ROW0 0.173646	-0.984808	5.05606e-006
		*TM_ROW1 5.06961e-006	5.93591e-006	1
		*TM_ROW2 -0.984808	-0.173646	5.91983e-006
		*TM_ROW3 17.6256	-22.0591	-2.43328e-006
		*TM_POS 17.6256	-22.0591	-2.43328e-006
		*TM_ROTAXIS -0.644398	0.540718	0.540718
		*TM_ROTANGLE 1.99673
		*TM_SCALE 1	1	1
		*TM_SCALEAXIS 0	0	0
		*TM_SCALEAXISANG 0	0	0
	}
}
*HELPEROBJECT {
	*NODE_NAME "Bip01 R Thigh"
	*NODE_PARENT "Bip01 Pelvis"
	*NODE_TM {
		*NODE_NAME "Bip01 R Thigh"
		*TM_ROW0 -0.0535034	-0.0367749	-0.99789
		*TM_ROW1 0.00205776	-0.999324	0.0367174
		*TM_ROW2 -0.998566	-8.89041e-005	0.0535432
		*TM_ROW3 -9.01021	-8.01132	99.9496
		*TM_POS -9.01021	-8.01132	99.9496
		*TM_ROTAXIS 0.687862	-0.01262	-0.725732
		*TM_ROTANGLE 3.16835
		*TM_SCALE 1	1	1
		*TM_SCALEAXIS 0	0	0
		*TM_SCALEAXISANG 0	0	0
	}
}
*HELPEROBJECT {
	*NODE_NAME "Bip01 R Calf"
	*NODE_PARENT "Bip01 R Thigh"
	*NODE_TM {
		*NODE_NAME "Bip01 R Calf"
		*TM_ROW0 -0.0525024	0.197539	-0.978888
		*TM_ROW1 -0.0104967	-0.980295	-0.19726
		*TM_ROW2 -0.998566	-8.16062e-005	0.0535415
		*TM_ROW3 -11.1154	-9.45856	60.6878
		*TM_POS -11.1154	-9.45856	60.6878
		*TM_ROTAXIS 0.686298	0.0684898	-0.724088
		*TM_ROTANGLE 2.99744
		*TM_SCALE 1	1	1
		*TM_SCALEAXIS 0	0	0
		*TM_SCALEAXISANG 0	0	0
	}
}
*HELPEROBJECT {
	*NODE_NAME "Bip01 R Foot"
	*NODE_PARENT "Bip01 R Calf"
	*NODE_TM {
		*NODE_NAME "Bip01 R Foot"
		*TM_ROW0 -5.86066e-007	-7.25461e-006	-1
		*TM_ROW1 -0.173652	-0.984807	7.24331e-006
		*TM_ROW2 -0.984807	0.173652	-5.91966e-007
		*TM_ROW3 -13.6935	0.24065	12.6267
		*TM_POS -13.6935	0.24065	12.6267
		*TM_ROTAXIS 0.705757	-0.0617498	-0.705757
		*TM_ROTANGLE 3.01826
		*TM_SCALE 1	1	1
		*TM_SCALEAXIS 0	0	0
		*TM_SCALEAXISANG 0	0	0
	}
}
*HELPEROBJECT {
	*NODE_NAME "Bip01 R Toe0"
	*NODE_PARENT "Bip01 R Foot"
	*NODE_TM {
		*NODE_NAME "Bip01 R Toe0"
		*TM_ROW0 -0.173651	-0.984807	3.50312e-006
		*TM_ROW1 3.50539e-006	3.00781e-006	1
		*TM_ROW2 -0.984808	0.173651	3.01546e-006
		*TM_ROW3 -17.6255	-22.0592	3.52698e-005
		*TM_POS -17.6255	-22.0592	3.52698e-005
		*TM_ROTAXIS 0.510271	-0.608121	-0.608121
		*TM_ROTANGLE 4.08526
		*TM_SCALE 1	1	1
		*TM_SCALEAXIS 0	0	0
		*TM_SCALEAXISANG 0	0	0
	}
}
*HELPEROBJECT {
	*NODE_NAME "Dummy"
	*NODE_PARENT "Bip01 L Finger0"
	*NODE_TM {
		*NODE_NAME "Dummy"
		*TM_ROW0 -1	-0	0
		*TM_ROW1 -0	-1	0
		*TM_ROW2 -0	-0	1
		*TM_ROW3 29.4428	-14.9691	72.9478
		*TM_POS 29.4428	-14.9691	72.9478
		*TM_ROTAXIS 0	0	-1
		*TM_ROTANGLE 3.14159
		*TM_SCALE 1	1	1
		*TM_SCALEAXIS 0	0	0
		*TM_SCALEAXISANG 0	0	0
	}
}
*HELPEROBJECT {
	*NODE_NAME "Dummy1"
	*NODE_PARENT "Bip01 R Finger0"
	*NODE_TM {
		*NODE_NAME "Dummy1"
		*TM_ROW0 -1	-0	0
		*TM_ROW1 -0	-1	0
		*TM_ROW2 -0	-0	1
		*TM_ROW3 -29.4428	-14.9692	72.9479
		*TM_POS -29.4428	-14.9692	72.9479
		*TM_ROTAXIS 0	0	-1
		*TM_ROTANGLE 3.14159
		*TM_SCALE 1	1	1
		*TM_SCALEAXIS 0	0	0
		*TM_SCALEAXISANG 0	0	0
	}
}
*HELPEROBJECT {
	*NODE_NAME "Dummy2"
	*NODE_PARENT "Bip01 L Toe0"
	*NODE_TM {
		*NODE_NAME "Dummy2"
		*TM_ROW0 -1	-0	0
		*TM_ROW1 -0	-1	0
		*TM_ROW2 -0	-0	1
		*TM_ROW3 19.5916	-33.209	-6.31336
		*TM_POS 19.5916	-33.209	-6.31336
		*TM_ROTAXIS 0	0	-1
		*TM_ROTANGLE 3.14159
		*TM_SCALE 1	1	1
		*TM_SCALEAXIS 0	0	0
		*TM_SCALEAXISANG 0	0	0
	}
}
*HELPEROBJECT {
	*NODE_NAME "Dummy3"
	*NODE_PARENT "Bip01 R Toe0"
	*NODE_TM {
		*NODE_NAME "Dummy3"
		*TM_ROW0 -1	-0	0
		*TM_ROW1 -0	-1	0
		*TM_ROW2 -0	-0	1
		*TM_ROW3 -19.5915	-33.2091	-6.31332
		*TM_POS -19.5915	-33.2091	-6.31332
		*TM_ROTAXIS 0	0	-1
		*TM_ROTANGLE 3.14159
		*TM_SCALE 1	1	1
		*TM_SCALEAXIS 0	0	0
		*TM_SCALEAXISANG 0	0	0
	}
}
*GEOMOBJECT {
	*NODE_NAME "zm_Skin"
	*NODE_PARENT "Bip01"
	*NODE_TM {
		*NODE_NAME "zm_Skin"
		*TM_ROW0 -1	-0	0
		*TM_ROW1 -0	-1	0
		*TM_ROW2 -0	-0	1
		*TM_ROW3 -0	-0	0
		*TM_POS -0	-0	0
		*TM_ROTAXIS 0	0	-1
		*TM_ROTANGLE 3.14159
		*TM_SCALE 1	1	1
		*TM_SCALEAXIS 0	0	0
		*TM_SCALEAXISANG 0	0	0
	}
	*MATERIAL_REF 0
	*MESH_SOFTSKIN {
		*TIMEVALUE 0
		*MESH_NUMVERTEX 522
		*MESH_NUMFACES 995
		*MESH_VERTEX_LIST {
			*MESH_VERTEX 0	14.4273	-4.06615	135.923
			*MESH_VERTEX 1	6.87258	12.4372	72.5482
			*MESH_VERTEX 2	-27.6178	-3.41517	150.498
			*MESH_VERTEX 3	-13.7504	11.3522	0.119013
			*MESH_VERTEX 4	-14.4842	-18.0199	87.2039
			*MESH_VERTEX 5	-22.8952	-14.692	-0.303886
			*MESH_VERTEX 6	13.7194	12.1499	-0.0824884
			*MESH_VERTEX 7	1.0623	-4.31355	83.8274
			*MESH_VERTEX 8	22.8486	-13.8299	0.18866
			*MESH_VERTEX 9	-13.8354	-10.2216	28.7195
			*MESH_VERTEX 10	39.6918	-8.49666	118.929
			*MESH_VERTEX 11	25.9044	16.715	151.813
			*MESH_VERTEX 12	4.18683	-21.7651	119.014
			*MESH_VERTEX 13	-9.31188	-22.7973	136.63
			*MESH_VERTEX 14	-35.7512	6.41526	122.072
			*MESH_VERTEX 15	-24.0979	-15.7999	117.61
			*MESH_VERTEX 16	20.1452	-7.50542	86.1024
			*MESH_VERTEX 17	-20.4272	-23.8667	67.2764
			*MESH_VERTEX 18	-3.5479	4.7634	84.8022
			*MESH_VERTEX 19	-26.351	4.47194	134.2
			*MESH_VERTEX 20	-22.312	-17.1135	76.8957
			*MESH_VERTEX 21	-18.7598	-11.3286	130.94
			*MESH_VERTEX 22	32.9656	-7.33504	132.451
			*MESH_VERTEX 23	21.8527	-16.9921	75.0837
			*MESH_VERTEX 24	18.7428	-11.0032	129.325
			*MESH_VERTEX 25	-35.3255	1.9698	169.225
			*MESH_VERTEX 26	19.7759	-21.214	67.4034
			*MESH_VERTEX 27	35.5403	2.04113	169.112
			*MESH_VERTEX 28	-29.8955	-6.4284	77.5558
			*MESH_VERTEX 29	29.4523	-6.31578	75.6962
			*MESH_VERTEX 30	-11.455	6.23193	114.019
			*MESH_VERTEX 31	-31.3487	-20.2616	82.0565
			*MESH_VERTEX 32	30.9689	-20.1804	80.0772
			*MESH_VERTEX 33	-0.454028	-6.21075	83.7535
			*MESH_VERTEX 34	35.9322	-5.61935	121.036
			*MESH_VERTEX 35	26.7977	-13.1454	120.03
			*MESH_VERTEX 36	26.403	4.76482	132.565
			*MESH_VERTEX 37	-32.9081	-7.628	134.386
			*MESH_VERTEX 38	-30.4852	-13.3717	152.379
			*MESH_VERTEX 39	-25.6637	16.5362	150.695
			*MESH_VERTEX 40	15.0003	-17.2911	86.7643
			*MESH_VERTEX 41	-15.9307	-0.833132	60.8309
			*MESH_VERTEX 42	-15.8985	-13.8039	141.107
			*MESH_VERTEX 43	-18.2397	6.84047	140.532
			*MESH_VERTEX 44	35.6167	6.77779	120.319
			*MESH_VERTEX 45	-20.0631	-0.521468	64.1175
			*MESH_VERTEX 46	-5.45503	-21.3698	64.2806
			*MESH_VERTEX 47	31.9472	5.68412	121.178
			*MESH_VERTEX 48	33.6575	1.27161	117.896
			*MESH_VERTEX 49	-32.0343	5.25405	123.152
			*MESH_VERTEX 50	-36.1517	-6.0467	122.702
			*MESH_VERTEX 51	-34.2386	0.928746	119.004
			*MESH_VERTEX 52	7.35655	1.95588	154.651
			*MESH_VERTEX 53	0.340613	-7.49094	145.875
			*MESH_VERTEX 54	-7.13511	1.69137	154.574
			*MESH_VERTEX 55	-3.15977	1.13147	166.929
			*MESH_VERTEX 56	24.0491	-15.4246	116.03
			*MESH_VERTEX 57	23.019	6.96926	121.363
			*MESH_VERTEX 58	16.6037	-8.62872	124.436
			*MESH_VERTEX 59	26.0272	-5.26519	133.099
			*MESH_VERTEX 60	-39.8959	-8.85995	120.498
			*MESH_VERTEX 61	34.629	1.67904	111.161
			*MESH_VERTEX 62	-35.4363	1.73156	112.917
			*MESH_VERTEX 63	20.0005	-7.51741	114.8
			*MESH_VERTEX 64	-20.7646	3.85012	31.1861
			*MESH_VERTEX 65	25.9377	-10.218	115.854
			*MESH_VERTEX 66	20.2052	-12.5388	142.444
			*MESH_VERTEX 67	11.4864	6.75198	114.038
			*MESH_VERTEX 68	-30.8232	-5.39997	161.65
			*MESH_VERTEX 69	-38.0333	-4.14826	161.205
			*MESH_VERTEX 70	34.5943	-13.454	110.756
			*MESH_VERTEX 71	-4.47184	-19.4983	114.932
			*MESH_VERTEX 72	3.70911	-19.282	114.928
			*MESH_VERTEX 73	-37.2997	-10.3745	81.2894
			*MESH_VERTEX 74	-26.2238	-10.4106	118.486
			*MESH_VERTEX 75	-35.078	-13.5182	112.646
			*MESH_VERTEX 76	-23.6175	6.75197	122.006
			*MESH_VERTEX 77	16.3153	10.3826	44.906
			*MESH_VERTEX 78	31.4864	-10.5144	114.543
			*MESH_VERTEX 79	36.9128	-10.2911	79.2833
			*MESH_VERTEX 80	4.24638	-7.68292	163.206
			*MESH_VERTEX 81	-4.27616	-7.46243	163.12
			*MESH_VERTEX 82	-16.9388	-1.87399	127.734
			*MESH_VERTEX 83	-25.9463	-5.54589	134.834
			*MESH_VERTEX 84	-9.30176	-14.3982	24.0693
			*MESH_VERTEX 85	-5.74451	2.82999	33.7795
			*MESH_VERTEX 86	9.53807	-22.9473	136.559
			*MESH_VERTEX 87	37.3221	13.3053	154.553
			*MESH_VERTEX 88	-18.4704	-7.93553	85.9816
			*MESH_VERTEX 89	13.9326	-8.14247	29.0551
			*MESH_VERTEX 90	20.0439	4.16197	31.3403
			*MESH_VERTEX 91	4.03103	4.79788	28.6446
			*MESH_VERTEX 92	9.7785	-13.1978	24.6268
			*MESH_VERTEX 93	13.1583	-18.842	0.271095
			*MESH_VERTEX 94	-13.1532	-19.597	0.165737
			*MESH_VERTEX 95	-0.0790411	7.2779	114.416
			*MESH_VERTEX 96	-15.1078	-6.44781	114.853
			*MESH_VERTEX 97	12.0043	-16.3631	114.875
			*MESH_VERTEX 98	25.3464	-15.4389	92.4392
			*MESH_VERTEX 99	-16.4976	-22.5327	74.7048
			*MESH_VERTEX 100	6.57773	-18.7764	64.1165
			*MESH_VERTEX 101	33.7617	-13.3676	154.4
			*MESH_VERTEX 102	30.3719	14.153	151.616
			*MESH_VERTEX 103	32.8705	15.7427	155.714
			*MESH_VERTEX 104	31.1096	7.36908	160.925
			*MESH_VERTEX 105	31.2177	-5.40053	162.679
			*MESH_VERTEX 106	38.354	-4.08541	161.111
			*MESH_VERTEX 107	3.37768	0.8872	166.939
			*MESH_VERTEX 108	-14.0266	-10.2201	135.313
			*MESH_VERTEX 109	-21.4537	8.45721	132.28
			*MESH_VERTEX 110	19.0242	2.77138	65.5494
			*MESH_VERTEX 111	-0.657815	-2.46798	33.5413
			*MESH_VERTEX 112	-14.0815	-5.71818	17.9389
			*MESH_VERTEX 113	18.8467	4.16957	138.975
			*MESH_VERTEX 114	28.0715	-3.60974	149.437
			*MESH_VERTEX 115	24.793	10.2625	145.466
			*MESH_VERTEX 116	-6.75475	-0.469504	60.2412
			*MESH_VERTEX 117	14.3988	-4.58594	18.2339
			*MESH_VERTEX 118	0.475122	-1.24333	33.2044
			*MESH_VERTEX 119	-17.3087	10.7346	13.9778
			*MESH_VERTEX 120	-8.36071	3.39039	13.1687
			*MESH_VERTEX 121	-16.7789	-2.54632	131.627
			*MESH_VERTEX 122	16.7878	-2.22679	130.092
			*MESH_VERTEX 123	23.4091	1.94811	30.0221
			*MESH_VERTEX 124	5.44618	-16.1543	83.582
			*MESH_VERTEX 125	8.01716	4.10948	12.8257
			*MESH_VERTEX 126	-32.2417	-10.4336	116.374
			*MESH_VERTEX 127	-27.003	-13.5718	121.783
			*MESH_VERTEX 128	-21.2798	-9.54382	115.992
			*MESH_VERTEX 129	-12.0029	6.4747	53.6376
			*MESH_VERTEX 130	-24.1338	6.74227	144.662
			*MESH_VERTEX 131	20.1201	5.19497	13.9908
			*MESH_VERTEX 132	-0.0513963	-14.7093	157.592
			*MESH_VERTEX 133	-0.107449	11.4568	161.387
			*MESH_VERTEX 134	38.6977	1.75854	107.848
			*MESH_VERTEX 135	14.3978	-18.3975	136.615
			*MESH_VERTEX 136	-4.45869	-22.1666	124.809
			*MESH_VERTEX 137	4.19731	-22.2143	124.55
			*MESH_VERTEX 138	0.0146234	-21.3854	132.973
			*MESH_VERTEX 139	-0.0812904	-25.8686	131.962
			*MESH_VERTEX 140	29.0492	4.51904	110.092
			*MESH_VERTEX 141	-39.2023	1.67848	109.699
			*MESH_VERTEX 142	-16.1012	-14.3644	24.6078
			*MESH_VERTEX 143	4.11801	4.75724	84.8044
			*MESH_VERTEX 144	15.5709	2.37046	60.9595
			*MESH_VERTEX 145	6.41026	2.1778	60.2687
			*MESH_VERTEX 146	21.6132	-13.3886	111.064
			*MESH_VERTEX 147	20.5522	-9.62881	114.232
			*MESH_VERTEX 148	-29.8565	4.56644	111.794
			*MESH_VERTEX 149	18.9699	7.08508	138.261
			*MESH_VERTEX 150	18.057	-3.44256	134.222
			*MESH_VERTEX 151	-11.2291	5.08665	109.209
			*MESH_VERTEX 152	16.1395	6.18179	85.6148
			*MESH_VERTEX 153	10.7231	3.27691	114.732
			*MESH_VERTEX 154	-18.5703	5.66849	100.198
			*MESH_VERTEX 155	29.4454	5.0377	117.43
			*MESH_VERTEX 156	19.2439	-14.8192	85.1236
			*MESH_VERTEX 157	23.6382	-7.17488	90.8434
			*MESH_VERTEX 158	22.5532	-7.9139	65.8281
			*MESH_VERTEX 159	16.2353	3.19582	71.3989
			*MESH_VERTEX 160	-20.2132	8.31272	-1.97583
			*MESH_VERTEX 161	-25.708	-15.5028	93.9901
			*MESH_VERTEX 162	-19.5418	-14.8731	86.8775
			*MESH_VERTEX 163	-24.1504	-7.4757	91.9295
			*MESH_VERTEX 164	-12.415	2.43852	83.2657
			*MESH_VERTEX 165	16.1427	-20.5143	74.1945
			*MESH_VERTEX 166	4.67168	-21.7945	107.785
			*MESH_VERTEX 167	-4.78359	-22.0608	119.026
			*MESH_VERTEX 168	-4.79683	-19.7345	109.552
			*MESH_VERTEX 169	-5.19367	-22.1314	107.776
			*MESH_VERTEX 170	-12.5859	0.172736	162.497
			*MESH_VERTEX 171	-14.2561	-21.6877	64.6711
			*MESH_VERTEX 172	16.554	-12.913	25.3189
			*MESH_VERTEX 173	34.9897	-5.58205	166.98
			*MESH_VERTEX 174	-10.7167	3.26691	114.701
			*MESH_VERTEX 175	4.20024	-19.4871	109.562
			*MESH_VERTEX 176	-29.8388	4.84532	118.265
			*MESH_VERTEX 177	20.2575	9.09655	-1.90625
			*MESH_VERTEX 178	-6.62002	11.867	71.9947
			*MESH_VERTEX 179	14.8595	-6.16367	114.901
			*MESH_VERTEX 180	-22.1215	-13.4816	112.791
			*MESH_VERTEX 181	-20.334	-7.72856	117.404
			*MESH_VERTEX 182	-0.135391	-21.0223	114.432
			*MESH_VERTEX 183	-11.9414	-16.1292	114.849
			*MESH_VERTEX 184	-25.5026	15.6013	142.339
			*MESH_VERTEX 185	-17.5798	-5.34473	135.361
			*MESH_VERTEX 186	-21.6505	-3.45709	133.672
			*MESH_VERTEX 187	-17.5689	4.1822	139.455
			*MESH_VERTEX 188	11.4828	0.111372	162.842
			*MESH_VERTEX 189	15.503	13.9884	149.913
			*MESH_VERTEX 190	-32.6616	15.5139	155.729
			*MESH_VERTEX 191	-30.7443	7.3068	161.03
			*MESH_VERTEX 192	-38.0016	6.31454	160.786
			*MESH_VERTEX 193	-30.1924	14.009	150.532
			*MESH_VERTEX 194	23.8133	-12.2969	145.801
			*MESH_VERTEX 195	-16.7222	-9.01713	126.074
			*MESH_VERTEX 196	-0.164234	-25.9866	140.331
			*MESH_VERTEX 197	16.8032	-1.43365	126.148
			*MESH_VERTEX 198	20.3816	-6.06491	122.288
			*MESH_VERTEX 199	-23.7646	-4.50102	34.4358
			*MESH_VERTEX 200	-1.01291	-7.59024	61.5037
			*MESH_VERTEX 201	-32.1995	0.354772	134.999
			*MESH_VERTEX 202	32.2716	0.643499	133.177
			*MESH_VERTEX 203	-7.50295	9.90727	161.63
			*MESH_VERTEX 204	-0.0772662	-0.941499	155.931
			*MESH_VERTEX 205	-5.08332	-16.1752	83.579
			*MESH_VERTEX 206	-31.3478	-16.743	118.469
			*MESH_VERTEX 207	20.1044	8.02017	133.267
			*MESH_VERTEX 208	11.3795	7.14176	122.635
			*MESH_VERTEX 209	-12.3722	9.54004	122.784
			*MESH_VERTEX 210	0.0457365	9.11355	123.477
			*MESH_VERTEX 211	-18.4562	-6.11262	121.734
			*MESH_VERTEX 212	-11.3471	7.09242	122.626
			*MESH_VERTEX 213	31.2475	-16.3231	116.6
			*MESH_VERTEX 214	-17.3271	-6.32525	114.248
			*MESH_VERTEX 215	-23.2584	-12.015	146.912
			*MESH_VERTEX 216	-12.7716	-17.8219	114.299
			*MESH_VERTEX 217	-20.0022	4.18185	14.1758
			*MESH_VERTEX 218	3.70022	10.1354	101.711
			*MESH_VERTEX 219	10.7666	9.43218	53.6013
			*MESH_VERTEX 220	-17.0816	0.299083	70.0022
			*MESH_VERTEX 221	12.8503	-18.0344	114.327
			*MESH_VERTEX 222	12.3998	9.6416	122.793
			*MESH_VERTEX 223	17.3611	-6.03138	114.304
			*MESH_VERTEX 224	15.2291	-18.555	64.5928
			*MESH_VERTEX 225	26.2642	-12.1272	130.625
			*MESH_VERTEX 226	-26.2496	-12.4424	132.441
			*MESH_VERTEX 227	36.5347	1.42241	120.888
			*MESH_VERTEX 228	38.3155	6.38416	160.666
			*MESH_VERTEX 229	-8.20552	8.64672	158.521
			*MESH_VERTEX 230	-36.7147	1.02196	122.684
			*MESH_VERTEX 231	24.023	-18.6285	147.908
			*MESH_VERTEX 232	-33.8744	-4.73477	119.465
			*MESH_VERTEX 233	25.7419	-5.24316	164.168
			*MESH_VERTEX 234	29.2781	-14.1306	157.686
			*MESH_VERTEX 235	22.9731	-18.7509	88.1177
			*MESH_VERTEX 236	-20.2774	-10.7713	121.594
			*MESH_VERTEX 237	25.9856	15.6045	142.266
			*MESH_VERTEX 238	-0.147402	-19.8684	117.214
			*MESH_VERTEX 239	33.4032	-4.45256	117.676
			*MESH_VERTEX 240	-23.2225	-18.7817	89.9559
			*MESH_VERTEX 241	-17.2101	5.03022	85.079
			*MESH_VERTEX 242	19.0029	-0.104065	161.257
			*MESH_VERTEX 243	-26.3742	5.79898	142.641
			*MESH_VERTEX 244	-26.7002	5.12933	147.675
			*MESH_VERTEX 245	24.1892	-19.4676	75.3511
			*MESH_VERTEX 246	25.8056	-17.3659	75.8168
			*MESH_VERTEX 247	-24.6451	-19.5857	77.2176
			*MESH_VERTEX 248	-26.2528	-17.4798	77.6946
			*MESH_VERTEX 249	-36.757	-12.7593	156.195
			*MESH_VERTEX 250	-37.2256	-6.24671	156.349
			*MESH_VERTEX 251	-23.8504	-12.746	65.4927
			*MESH_VERTEX 252	-19.2671	-0.199054	160.994
			*MESH_VERTEX 253	-25.5121	-5.34373	164.196
			*MESH_VERTEX 254	-23.6593	-18.5896	148.313
			*MESH_VERTEX 255	-32.957	-14.3341	157.694
			*MESH_VERTEX 256	-18.0012	-9.90641	62.0307
			*MESH_VERTEX 257	-10.1991	6.473	-1.79457
			*MESH_VERTEX 258	29.3947	-5.64002	85.7378
			*MESH_VERTEX 259	28.3262	-5.00637	80.7108
			*MESH_VERTEX 260	-29.5109	-5.65685	87.5659
			*MESH_VERTEX 261	-28.6883	-5.08499	82.5426
			*MESH_VERTEX 262	-16.7975	-20.6739	0.228542
			*MESH_VERTEX 263	-16.6498	-19.3494	5.80127
			*MESH_VERTEX 264	17.044	5.99282	100.716
			*MESH_VERTEX 265	-31.084	0.693329	157.412
			*MESH_VERTEX 266	-36.9869	13.099	154.586
			*MESH_VERTEX 267	-37.2205	7.35591	155.327
			*MESH_VERTEX 268	20.0664	-10.3393	119.917
			*MESH_VERTEX 269	10.2457	7.24218	-2.06447
			*MESH_VERTEX 270	-20.8266	-7.58849	8.66007
			*MESH_VERTEX 271	-11.7229	-9.45402	8.75226
			*MESH_VERTEX 272	16.7576	-19.8788	0.51147
			*MESH_VERTEX 273	16.4865	-18.4854	6.05791
			*MESH_VERTEX 274	11.1946	-8.59136	8.0787
			*MESH_VERTEX 275	19.3125	-6.64838	9.44182
			*MESH_VERTEX 276	13.9384	-14.37	55.5565
			*MESH_VERTEX 277	14.0656	11.6889	131.863
			*MESH_VERTEX 278	6.19002	9.85654	161.834
			*MESH_VERTEX 279	-0.00157839	15.5985	147.796
			*MESH_VERTEX 280	26.408	-12.0992	115.037
			*MESH_VERTEX 281	28.6449	-15.6085	111.418
			*MESH_VERTEX 282	18.1766	-6.5562	62.0258
			*MESH_VERTEX 283	-27.1465	-12.0141	116.851
			*MESH_VERTEX 284	-29.119	-15.6735	113.243
			*MESH_VERTEX 285	32.556	5.5712	107.415
			*MESH_VERTEX 286	-8.84308	-20.7154	135.926
			*MESH_VERTEX 287	-0.133246	-23.991	138.998
			*MESH_VERTEX 288	-17.2395	12.8775	149.583
			*MESH_VERTEX 289	13.8492	-21.0395	135.831
			*MESH_VERTEX 290	16.4879	-12.9516	134.748
			*MESH_VERTEX 291	20.9774	-12.4536	133.247
			*MESH_VERTEX 292	15.8688	-10.4908	137.982
			*MESH_VERTEX 293	-29.1838	-14.3246	157.627
			*MESH_VERTEX 294	27.1099	6.27039	138.381
			*MESH_VERTEX 295	39.8084	2.03269	120.099
			*MESH_VERTEX 296	-40.0125	1.68703	121.588
			*MESH_VERTEX 297	-10.5988	-19.7553	108.673
			*MESH_VERTEX 298	1.36216	-5.26299	61.3515
			*MESH_VERTEX 299	-34.757	-5.64217	167.073
			*MESH_VERTEX 300	-33.0787	5.47151	109.167
			*MESH_VERTEX 301	33.0514	-14.1164	157.758
			*MESH_VERTEX 302	-21.5406	3.87712	133.197
			*MESH_VERTEX 303	21.5823	4.18296	131.612
			*MESH_VERTEX 304	19.0227	-2.27884	118.724
			*MESH_VERTEX 305	22.9426	4.75244	116.125
			*MESH_VERTEX 306	24.2725	2.96905	120.109
			*MESH_VERTEX 307	12.4517	-18.4456	122.275
			*MESH_VERTEX 308	18.4831	-6.07076	121.797
			*MESH_VERTEX 309	-15.1172	-3.83625	108.72
			*MESH_VERTEX 310	-17.2388	-3.67691	108.114
			*MESH_VERTEX 311	10.2954	5.02794	109.478
			*MESH_VERTEX 312	3.55012	4.21604	50.9823
			*MESH_VERTEX 313	-13.7712	8.25147	31.9615
			*MESH_VERTEX 314	-16.9509	6.99223	45.5349
			*MESH_VERTEX 315	-18.7707	-15.5501	137.509
			*MESH_VERTEX 316	-13.6528	-10.8237	139.583
			*MESH_VERTEX 317	-14.0965	-17.7697	138.194
			*MESH_VERTEX 318	-20.4114	-12.4459	133.295
			*MESH_VERTEX 319	-5.7617	-3.98932	164.776
			*MESH_VERTEX 320	26.2154	-17.4534	82.7918
			*MESH_VERTEX 321	-26.5471	-17.5167	84.6749
			*MESH_VERTEX 322	-34.6694	-8.92337	77.9465
			*MESH_VERTEX 323	34.2303	-8.8158	75.9932
			*MESH_VERTEX 324	-39.9119	-5.27107	110.896
			*MESH_VERTEX 325	39.4126	-5.19933	108.993
			*MESH_VERTEX 326	10.6083	-19.7074	108.618
			*MESH_VERTEX 327	14.4634	-3.65052	108.809
			*MESH_VERTEX 328	16.5758	-3.42372	107.955
			*MESH_VERTEX 329	12.3077	-17.8443	150.528
			*MESH_VERTEX 330	8.20161	8.68983	159.272
			*MESH_VERTEX 331	8.61508	-9.57963	159.111
			*MESH_VERTEX 332	12.3371	0.155666	160.977
			*MESH_VERTEX 333	-34.6819	8.21039	166.4
			*MESH_VERTEX 334	-12.0535	-17.6958	150.597
			*MESH_VERTEX 335	35.4012	-3.92633	112.881
			*MESH_VERTEX 336	-36.1851	-3.85975	114.684
			*MESH_VERTEX 337	-8.90204	7.73718	44.6959
			*MESH_VERTEX 338	-3.73656	10.1509	101.617
			*MESH_VERTEX 339	-21.4636	-12.5874	66.1295
			*MESH_VERTEX 340	-18.0202	-0.284938	64.6735
			*MESH_VERTEX 341	-19.2144	-2.82239	120.33
			*MESH_VERTEX 342	-19.5779	5.7323	85.1101
			*MESH_VERTEX 343	5.72975	-4.40486	164.794
			*MESH_VERTEX 344	16.9765	2.87976	66.341
			*MESH_VERTEX 345	3.96989	-24.4942	125.31
			*MESH_VERTEX 346	34.5	1.02872	159.763
			*MESH_VERTEX 347	37.5083	-12.5582	156.231
			*MESH_VERTEX 348	37.6176	-6.20146	156.26
			*MESH_VERTEX 349	31.0609	8.86952	150.91
			*MESH_VERTEX 350	37.6055	7.40883	155.205
			*MESH_VERTEX 351	-0.0762124	9.04499	113.769
			*MESH_VERTEX 352	-0.00243023	-22.5569	121.584
			*MESH_VERTEX 353	-12.7112	-18.4615	122.264
			*MESH_VERTEX 354	0.00178995	-21.1983	121.366
			*MESH_VERTEX 355	20.4958	-7.88638	66.6523
			*MESH_VERTEX 356	0.044906	3.87155	154.493
			*MESH_VERTEX 357	-13.8614	-19.3536	122.474
			*MESH_VERTEX 358	13.5661	-19.3363	122.486
			*MESH_VERTEX 359	12.633	0.816165	84.338
			*MESH_VERTEX 360	34.8994	8.27699	166.27
			*MESH_VERTEX 361	21.8892	-20.1379	82.7408
			*MESH_VERTEX 362	-22.227	-20.206	84.574
			*MESH_VERTEX 363	18.492	6.97693	85.6235
			*MESH_VERTEX 364	12.8544	12.3566	12.487
			*MESH_VERTEX 365	-12.6254	-20.1281	108.036
			*MESH_VERTEX 366	-18.3736	-23.5882	67.8984
			*MESH_VERTEX 367	-33.2817	-8.78904	139.617
			*MESH_VERTEX 368	-9.22429	-9.69786	158.779
			*MESH_VERTEX 369	-13.1309	0.153246	160.993
			*MESH_VERTEX 370	28.4924	1.50576	142.961
			*MESH_VERTEX 371	0.0494426	2.30354	167.371
			*MESH_VERTEX 372	29.368	6.81863	121.477
			*MESH_VERTEX 373	12.6745	-19.9492	107.77
			*MESH_VERTEX 374	27.5775	-2.80758	89.4838
			*MESH_VERTEX 375	5.41341	-19.4152	113.349
			*MESH_VERTEX 376	17.7125	-21.0766	68.255
			*MESH_VERTEX 377	16.5878	-8.17764	129.336
			*MESH_VERTEX 378	-16.5942	-8.50668	130.927
			*MESH_VERTEX 379	-0.124017	-23.6844	112.941
			*MESH_VERTEX 380	13.0875	9.91266	31.4333
			*MESH_VERTEX 381	-13.9829	11.7	131.872
			*MESH_VERTEX 382	-30.6632	8.83317	151.024
			*MESH_VERTEX 383	-33.2594	-4.64716	91.6163
			*MESH_VERTEX 384	19.3811	-16.3328	136.442
			*MESH_VERTEX 385	15.7797	-9.73056	129.667
			*MESH_VERTEX 386	34.6385	2.36644	121.145
			*MESH_VERTEX 387	-7.94882	-17.5268	55.9923
			*MESH_VERTEX 388	-31.3819	1.61954	162.961
			*MESH_VERTEX 389	-5.24256	-25.4167	76.8121
			*MESH_VERTEX 390	-30.4513	1.94238	168.731
			*MESH_VERTEX 391	6.01421	-21.6737	113.279
			*MESH_VERTEX 392	32.7851	-4.66101	89.4938
			*MESH_VERTEX 393	33.7179	-5.5383	85.1065
			*MESH_VERTEX 394	-33.9307	-5.59707	86.9358
			*MESH_VERTEX 395	-29.8077	8.18299	165.905
			*MESH_VERTEX 396	-5.95516	-19.7138	113.094
			*MESH_VERTEX 397	-31.4012	-15.1442	93.7789
			*MESH_VERTEX 398	-19.8428	-6.08496	122.27
			*MESH_VERTEX 399	23.728	-6.7181	-0.488058
			*MESH_VERTEX 400	-34.1254	0.971096	159.859
			*MESH_VERTEX 401	30.0271	8.24564	165.788
			*MESH_VERTEX 402	0.00440995	-8.92825	162.328
			*MESH_VERTEX 403	-26.9841	-15.1097	132.061
			*MESH_VERTEX 404	31.5129	0.739649	157.324
			*MESH_VERTEX 405	8.45807	-14.6246	55.3168
			*MESH_VERTEX 406	-30.7342	-8.23605	152.373
			*MESH_VERTEX 407	19.6995	-17.2105	80.9712
			*MESH_VERTEX 408	-20.0647	-17.2921	82.7494
			*MESH_VERTEX 409	-28.8886	15.5235	155.663
			*MESH_VERTEX 410	32.4317	1.62105	139.374
			*MESH_VERTEX 411	-4.26383	-23.9145	125.601
			*MESH_VERTEX 412	-18.5042	-8.65434	119.112
			*MESH_VERTEX 413	0.0435069	11.8547	123.632
			*MESH_VERTEX 414	31.7453	1.68348	162.87
			*MESH_VERTEX 415	31.1409	-8.20952	152.299
			*MESH_VERTEX 416	20.183	-6.13887	100.457
			*MESH_VERTEX 417	-3.78109	1.98611	51.329
			*MESH_VERTEX 418	-34.7722	1.92534	123.1
			*MESH_VERTEX 419	-23.1279	3.14749	121.981
			*MESH_VERTEX 420	-29.5237	6.35573	123.358
			*MESH_VERTEX 421	-6.45901	-22.0828	112.883
			*MESH_VERTEX 422	-12.178	-20.241	100.357
			*MESH_VERTEX 423	8.91137	9.94429	44.3112
			*MESH_VERTEX 424	6.22805	-3.71956	154.381
			*MESH_VERTEX 425	-23.8751	-7.56064	-0.781467
			*MESH_VERTEX 426	-20.8802	-6.19102	100.392
			*MESH_VERTEX 427	-10.8891	-11.3326	-0.225731
			*MESH_VERTEX 428	30.668	2.00978	168.631
			*MESH_VERTEX 429	18.2732	-8.17916	117.449
			*MESH_VERTEX 430	-5.97394	-3.94249	154.317
