*3DSMAX_ASCIIEXPORT	110
*COMMENT "[ GothicSourcer v3.10 ] - August 2006"
*SCENE {
	*SCENE_FILENAME "ARMOR_NOV_L.MAX"
	*SCENE_FIRSTFRAME 0
	*SCENE_LASTFRAME 100
	*SCENE_FRAMESPEED 25
	*SCENE_TICKSPERFRAME 192
	*SCENE_BACKGROUND_STATIC 0	0	0
	*SCENE_AMBIENT_STATIC 0.2	0.2	0.2
}
*MATERIAL_LIST {
	*MATERIAL_COUNT 1
	*MATERIAL 0 {
		*MATERIAL_NAME "Compound Material #1"
		*MATERIAL_CLASS "Multi/Sub-Object"
		*NUMSUBMTLS 2
		*SUBMATERIAL 0 {
			*MATERIAL_NAME "PSINOVOBKP"
			*MATERIAL_CLASS "Standard"
			*MATERIAL_AMBIENT 0.152941	0.0666667	0.054902
			*MATERIAL_DIFFUSE 0.152941	0.0666667	0.054902
			*MATERIAL_SPECULAR 0.9	0.9	0.9
			*MATERIAL_SHINE 0.1
			*MATERIAL_SHINESTRENGTH 0
			*MATERIAL_TRANSPARENCY 0
			*MATERIAL_WIRESIZE 1
			*MATERIAL_SHADING Blinn
			*MATERIAL_XP_FALLOFF 0
			*MATERIAL_SELFILLUM 0
			*MATERIAL_FALLOFF In
			*MATERIAL_XP_TYPE Filter
			*MAP_DIFFUSE {
				*MAP_NAME "Map #1-1"
				*MAP_CLASS "Bitmap"
				*MAP_SUBNO 1
				*MAP_AMOUNT 1
				*BITMAP "HUM_NOV.TGA"
				*MAP_TYPE Screen
				*UVW_U_OFFSET 0
				*UVW_V_OFFSET 0
				*UVW_U_TILING 1
				*UVW_V_TILING 1
				*UVW_ANGLE 0
				*UVW_BLUR 1
				*UVW_BLUR_OFFSET 0
				*UVW_NOUSE_AMT 1
				*UVW_NOISE_SIZE 1
				*UVW_NOISE_LEVEL 1
				*UVW_NOISE_PHASE 0
				*BITMAP_FILTER Pyramidal
			}
		}
		*SUBMATERIAL 1 {
			*MATERIAL_NAME "NACKED_MUSCEL0"
			*MATERIAL_CLASS "Standard"
			*MATERIAL_AMBIENT 0.509804	0.407843	0.305882
			*MATERIAL_DIFFUSE 0.509804	0.407843	0.305882
			*MATERIAL_SPECULAR 0.9	0.9	0.9
			*MATERIAL_SHINE 0.1
			*MATERIAL_SHINESTRENGTH 0
			*MATERIAL_TRANSPARENCY 0
			*MATERIAL_WIRESIZE 1
			*MATERIAL_SHADING Blinn
			*MATERIAL_XP_FALLOFF 0
			*MATERIAL_SELFILLUM 0
			*MATERIAL_FALLOFF In
			*MATERIAL_XP_TYPE Filter
			*MAP_DIFFUSE {
				*MAP_NAME "Map #1-2"
				*MAP_CLASS "Bitmap"
				*MAP_SUBNO 1
				*MAP_AMOUNT 1
				*BITMAP "HUM_BODY_NAKED_V0_C0.TGA"
				*MAP_TYPE Screen
				*UVW_U_OFFSET 0
				*UVW_V_OFFSET 0
				*UVW_U_TILING 1
				*UVW_V_TILING 1
				*UVW_ANGLE 0
				*UVW_BLUR 1
				*UVW_BLUR_OFFSET 0
				*UVW_NOUSE_AMT 1
				*UVW_NOISE_SIZE 1
				*UVW_NOISE_LEVEL 1
				*UVW_NOISE_PHASE 0
				*BITMAP_FILTER Pyramidal
			}
		}
	}
}
*HELPEROBJECT {
	*NODE_NAME "Bip01"
	*NODE_TM {
		*NODE_NAME "Bip01"
		*TM_ROW0 6.27438e-006	-1	0
		*TM_ROW1 1	6.27438e-006	0
		*TM_ROW2 -0	-0	1
		*TM_ROW3 0	-7.37745	99.9496
		*TM_POS 0	-7.37745	99.9496
		*TM_ROTAXIS 0	0	1
		*TM_ROTANGLE 1.57079
		*TM_SCALE 1	1	1
		*TM_SCALEAXIS 0	0	0
		*TM_SCALEAXISANG 0	0	0
	}
}
*HELPEROBJECT {
	*NODE_NAME "Bip01 Pelvis"
	*NODE_PARENT "Bip01"
	*NODE_TM {
		*NODE_NAME "Bip01 Pelvis"
		*TM_ROW0 -5.96014e-008	1.79264e-006	1
		*TM_ROW1 -1.79264e-006	-1	1.79264e-006
		*TM_ROW2 1	-1.79264e-006	-5.96014e-008
		*TM_ROW3 1e-005	-8.0113	99.9496
		*TM_POS 1e-005	-8.0113	99.9496
		*TM_ROTAXIS 0.707107	0	0.707107
		*TM_ROTANGLE 3.1416
		*TM_SCALE 1	1	1
		*TM_SCALEAXIS 0	0	0
		*TM_SCALEAXISANG 0	0	0
	}
}
*HELPEROBJECT {
	*NODE_NAME "Bip01 Spine"
	*NODE_PARENT "Bip01 Pelvis"
	*NODE_TM {
		*NODE_NAME "Bip01 Spine"
		*TM_ROW0 6.6944e-008	-0.0205947	0.999788
		*TM_ROW1 5.48642e-006	-0.999788	-0.0205947
		*TM_ROW2 1	5.48642e-006	6.6944e-008
		*TM_ROW3 1e-005	-7.92216	102.35
		*TM_POS 1e-005	-7.92216	102.35
		*TM_ROTAXIS 0.707088	-0.00727998	0.707088
		*TM_ROTANGLE 3.12703
		*TM_SCALE 1	1	1
		*TM_SCALEAXIS 0	0	0
		*TM_SCALEAXISANG 0	0	0
	}
}
*HELPEROBJECT {
	*NODE_NAME "Bip01 Spine1"
	*NODE_PARENT "Bip01 Spine"
	*NODE_TM {
		*NODE_NAME "Bip01 Spine1"
		*TM_ROW0 6.76996e-008	-0.00276992	0.999996
		*TM_ROW1 -1.92621e-006	-0.999996	-0.00276991
		*TM_ROW2 1	-1.92621e-006	6.76996e-008
		*TM_ROW3 1e-005	-8.11442	112.175
		*TM_POS 1e-005	-8.11442	112.175
		*TM_ROTAXIS -0.707107	0.000979995	-0.707106
		*TM_ROTANGLE 3.14355
		*TM_SCALE 1	1	1
		*TM_SCALEAXIS 0	0	0
		*TM_SCALEAXISANG 0	0	0
	}
}
*HELPEROBJECT {
	*NODE_NAME "Bip01 Spine2"
	*NODE_PARENT "Bip01 Spine1"
	*NODE_TM {
		*NODE_NAME "Bip01 Spine2"
		*TM_ROW0 3.48622e-008	0.180243	0.983622
		*TM_ROW1 1.67638e-006	-0.983622	0.180243
		*TM_ROW2 1	1.67638e-006	3.48621e-008
		*TM_ROW3 1e-005	-8.1264	124.961
		*TM_POS 1e-005	-8.1264	124.961
		*TM_ROTAXIS 0.705652	0.0641202	0.705652
		*TM_ROTANGLE 3.26966
		*TM_SCALE 1	1	1
		*TM_SCALEAXIS 0	0	0
		*TM_SCALEAXISANG 0	0	0
	}
}
*HELPEROBJECT {
	*NODE_NAME "Bip01 Neck"
	*NODE_PARENT "Bip01 Spine2"
	*NODE_TM {
		*NODE_NAME "Bip01 Neck"
		*TM_ROW0 6.08698e-007	-0.167043	0.98595
		*TM_ROW1 4.70132e-006	-0.98595	-0.167043
		*TM_ROW2 1	4.70132e-006	6.08698e-007
		*TM_ROW3 -2.11471e-012	-2.71656	154.454
		*TM_POS -2.11471e-012	-2.71656	154.454
		*TM_ROTAXIS -0.70586	0.05937	-0.705859
		*TM_ROTANGLE 3.2602
		*TM_SCALE 1	1	1
		*TM_SCALEAXIS 0	0	0
		*TM_SCALEAXISANG 0	0	0
	}
}
*HELPEROBJECT {
	*NODE_NAME "Bip01 Head"
	*NODE_PARENT "Bip01 Neck"
	*NODE_TM {
		*NODE_NAME "Bip01 Head"
		*TM_ROW0 -5.96015e-008	1.76921e-006	1
		*TM_ROW1 -1.79264e-006	-1	1.77916e-006
		*TM_ROW2 1	-1.79264e-006	-5.96014e-008
		*TM_ROW3 1.63729e-011	-3.85901	161.198
		*TM_POS 1.63729e-011	-3.85901	161.198
		*TM_ROTAXIS -0.707107	4.76653e-009	-0.707107
		*TM_ROTANGLE 3.14159
		*TM_SCALE 1	1	1
		*TM_SCALEAXIS 0	0	0
		*TM_SCALEAXISANG 0	0	0
	}
}
*HELPEROBJECT {
	*NODE_NAME "ZS_HELMET"
	*NODE_PARENT "Bip01 Head"
	*NODE_TM {
		*NODE_NAME "ZS_HELMET"
		*TM_ROW0 1	5.73874e-013	4.35659e-014
		*TM_ROW1 -4.07319e-013	0.996917	-0.0784593
		*TM_ROW2 -4.76109e-014	0.0784593	0.996918
		*TM_ROW3 1e-005	-7.06248	173.704
		*TM_POS 1e-005	-7.06248	173.704
		*TM_ROTAXIS 1	5.81045e-013	-6.25288e-012
		*TM_ROTANGLE 0.078541
		*TM_SCALE 1	1	1
		*TM_SCALEAXIS 0	0	0
		*TM_SCALEAXISANG 0	0	0
	}
}
*HELPEROBJECT {
	*NODE_NAME "Bip01 L Clavicle"
	*NODE_PARENT "Bip01 Neck"
	*NODE_TM {
		*NODE_NAME "Bip01 L Clavicle"
		*TM_ROW0 0.935229	-0.203893	-0.289439
		*TM_ROW1 0.156435	0.971369	-0.178803
		*TM_ROW2 0.317608	0.121943	0.940348
		*TM_ROW3 7.96399	-1.25804	148.729
		*TM_POS 7.96399	-1.25804	148.729
		*TM_ROTAXIS 0.391939	-0.791119	0.469589
		*TM_ROTANGLE 0.39376
		*TM_SCALE 1	1	1
		*TM_SCALEAXIS 0	0	0
		*TM_SCALEAXISANG 0	0	0
	}
}
*HELPEROBJECT {
	*NODE_NAME "Bip01 L UpperArm"
	*NODE_PARENT "Bip01 L Clavicle"
	*NODE_TM {
		*NODE_NAME "Bip01 L UpperArm"
		*TM_ROW0 0.246229	0.0989026	-0.964152
		*TM_ROW1 0.412789	0.889345	0.196649
		*TM_ROW2 0.876913	-0.446412	0.178157
		*TM_ROW3 20.4269	-3.97508	144.872
		*TM_POS 20.4269	-3.97508	144.872
		*TM_ROTAXIS -0.325561	-0.932072	0.15891
		*TM_ROTANGLE 1.41328
		*TM_SCALE 1	1	1
		*TM_SCALEAXIS 0	0	0
		*TM_SCALEAXISANG 0	0	0
	}
}
*HELPEROBJECT {
	*NODE_NAME "Bip01 L Forearm"
	*NODE_PARENT "Bip01 L UpperArm"
	*NODE_TM {
		*NODE_NAME "Bip01 L Forearm"
		*TM_ROW0 0.0455122	-0.291882	-0.955371
		*TM_ROW1 0.478489	0.845886	-0.235638
		*TM_ROW2 0.876913	-0.44641	0.17816
		*TM_ROW3 27.2982	-1.21526	117.966
		*TM_POS 27.2982	-1.21526	117.966
		*TM_ROTAXIS -0.10545	-0.916697	0.385419
		*TM_ROTANGLE 1.53601
		*TM_SCALE 1	1	1
		*TM_SCALEAXIS 0	0	0
		*TM_SCALEAXISANG 0	0	0
	}
}
*HELPEROBJECT {
	*NODE_NAME "Bip01 L Hand"
	*NODE_PARENT "Bip01 L Forearm"
	*NODE_TM {
		*NODE_NAME "Bip01 L Hand"
		*TM_ROW0 0.0455132	-0.291886	-0.95537
		*TM_ROW1 -0.876533	0.44708	-0.17835
		*TM_ROW2 0.479185	0.845531	-0.2355
		*TM_ROW3 28.5642	-9.33439	91.391
		*TM_POS 28.5642	-9.33439	91.391
		*TM_ROTAXIS 0.551391	-0.772552	-0.314851
		*TM_ROTANGLE 1.95137
		*TM_SCALE 1	1	1
		*TM_SCALEAXIS 0	0	0
		*TM_SCALEAXISANG 0	0	0
	}
}
*HELPEROBJECT {
	*NODE_NAME "Bip01 L Finger0"
	*NODE_PARENT "Bip01 L Hand"
	*NODE_TM {
		*NODE_NAME "Bip01 L Finger0"
		*TM_ROW0 0.0455152	-0.291888	-0.955369
		*TM_ROW1 -0.876915	0.446405	-0.178165
		*TM_ROW2 0.478485	0.845886	-0.235643
		*TM_ROW3 29.15	-13.0909	79.0956
		*TM_POS 29.15	-13.0909	79.0956
		*TM_ROTAXIS 0.551581	-0.772311	-0.31511
		*TM_ROTANGLE 1.95181
		*TM_SCALE 1	1	1
		*TM_SCALEAXIS 0	0	0
		*TM_SCALEAXISANG 0	0	0
	}
}
*HELPEROBJECT {
	*NODE_NAME "ZS_LEFTHAND"
	*NODE_PARENT "Bip01 L Hand"
	*NODE_TM {
		*NODE_NAME "ZS_LEFTHAND"
		*TM_ROW0 0.435606	0.890062	-0.134303
		*TM_ROW1 0.180312	-0.232461	-0.955745
		*TM_ROW2 -0.881893	0.392112	-0.261751
		*TM_ROW3 26.7605	-11.5468	82.7857
		*TM_POS 26.7605	-11.5468	82.7857
		*TM_ROTAXIS 0.794322	0.440571	-0.418271
		*TM_ROTANGLE 2.12858
		*TM_SCALE 1	1	1
		*TM_SCALEAXIS 0	0	0
		*TM_SCALEAXISANG 0	0	0
	}
}
*HELPEROBJECT {
	*NODE_NAME "ZS_LEFTARM"
	*NODE_PARENT "Bip01 L Forearm"
	*NODE_TM {
		*NODE_NAME "ZS_LEFTARM"
		*TM_ROW0 0.0759923	-0.150176	-0.985735
		*TM_ROW1 0.524499	0.846792	-0.0885736
		*TM_ROW2 0.848013	-0.510285	0.143117
		*TM_ROW3 26.9101	-7.67833	110.055
		*TM_POS 26.9101	-7.67833	110.055
		*TM_ROTAXIS -0.21097	-0.917372	0.337521
		*TM_ROTANGLE 1.53784
		*TM_SCALE 1	1	1
		*TM_SCALEAXIS 0	0	0
		*TM_SCALEAXISANG 0	0	0
	}
}
*HELPEROBJECT {
	*NODE_NAME "Bip01 R Clavicle"
	*NODE_PARENT "Bip01 Neck"
	*NODE_TM {
		*NODE_NAME "Bip01 R Clavicle"
		*TM_ROW0 -0.935227	-0.203899	-0.28944
		*TM_ROW1 -0.156442	0.971369	-0.178799
		*TM_ROW2 0.317609	-0.121937	-0.940349
		*TM_ROW3 -7.96398	-1.25806	148.729
		*TM_POS -7.96398	-1.25806	148.729
		*TM_ROTAXIS -0.0929799	0.992639	-0.0775999
		*TM_ROTANGLE 3.45235
		*TM_SCALE 1	1	1
		*TM_SCALEAXIS 0	0	0
		*TM_SCALEAXISANG 0	0	0
	}
}
*HELPEROBJECT {
	*NODE_NAME "Bip01 R UpperArm"
	*NODE_PARENT "Bip01 R Clavicle"
	*NODE_TM {
		*NODE_NAME "Bip01 R UpperArm"
		*TM_ROW0 -0.246232	0.0988932	-0.964153
		*TM_ROW1 -0.412793	0.889345	0.196642
		*TM_ROW2 0.876911	0.446415	-0.178163
		*TM_ROW3 -20.4269	-3.97513	144.872
		*TM_POS -20.4269	-3.97513	144.872
		*TM_ROTAXIS 0.12961	-0.955353	-0.265521
		*TM_ROTANGLE 1.84162
		*TM_SCALE 1	1	1
		*TM_SCALEAXIS 0	0	0
		*TM_SCALEAXISANG 0	0	0
	}
}
*HELPEROBJECT {
	*NODE_NAME "Bip01 R Forearm"
	*NODE_PARENT "Bip01 R UpperArm"
	*NODE_TM {
		*NODE_NAME "Bip01 R Forearm"
		*TM_ROW0 -0.0455087	-0.291889	-0.955369
		*TM_ROW1 -0.478487	0.845885	-0.235646
		*TM_ROW2 0.876915	0.446408	-0.17816
		*TM_ROW3 -27.2982	-1.21534	117.966
		*TM_POS -27.2982	-1.21534	117.966
		*TM_ROTAXIS 0.347279	-0.932937	-0.0950097
		*TM_ROTANGLE 1.76083
		*TM_SCALE 1	1	1
		*TM_SCALEAXIS 0	0	0
		*TM_SCALEAXISANG 0	0	0
	}
}
*HELPEROBJECT {
	*NODE_NAME "Bip01 R Hand"
	*NODE_PARENT "Bip01 R Forearm"
	*NODE_TM {
		*NODE_NAME "Bip01 R Hand"
		*TM_ROW0 -0.0455115	-0.291885	-0.95537
		*TM_ROW1 0.87653	0.447088	-0.17835
		*TM_ROW2 0.479192	-0.845527	0.235499
		*TM_ROW3 -28.5642	-9.33445	91.3911
		*TM_POS -28.5642	-9.33445	91.3911
		*TM_ROTAXIS -0.33922	-0.72939	0.59407
		*TM_ROTANGLE 1.75327
		*TM_SCALE 1	1	1
		*TM_SCALEAXIS 0	0	0
		*TM_SCALEAXISANG 0	0	0
	}
}
*HELPEROBJECT {
	*NODE_NAME "Bip01 R Finger0"
	*NODE_PARENT "Bip01 R Hand"
	*NODE_TM {
		*NODE_NAME "Bip01 R Finger0"
		*TM_ROW0 -0.0455056	-0.291877	-0.955373
		*TM_ROW1 0.876914	0.446413	-0.178152
		*TM_ROW2 0.478489	-0.845886	0.235636
		*TM_ROW3 -29.1499	-13.0909	79.0956
		*TM_POS -29.1499	-13.0909	79.0956
		*TM_ROTAXIS -0.33952	-0.729071	0.594291
		*TM_ROTANGLE 1.75354
		*TM_SCALE 1	1	1
		*TM_SCALEAXIS 0	0	0
		*TM_SCALEAXISANG 0	0	0
	}
}
*HELPEROBJECT {
	*NODE_NAME "ZS_RIGHTHAND"
	*NODE_PARENT "Bip01 R Hand"
	*NODE_TM {
		*NODE_NAME "ZS_RIGHTHAND"
		*TM_ROW0 -0.464344	0.856417	-0.225687
		*TM_ROW1 0.177861	0.339806	0.923525
		*TM_ROW2 0.867612	0.388692	-0.31011
		*TM_ROW3 -20.9389	-19.9852	85.8932
		*TM_POS -20.9389	-19.9852	85.8932
		*TM_ROTAXIS 0.383811	0.784581	0.486951
		*TM_ROTANGLE 3.91244
		*TM_SCALE 1	1	1
		*TM_SCALEAXIS 0	0	0
		*TM_SCALEAXISANG 0	0	0
	}
}
*HELPEROBJECT {
	*NODE_NAME "ZS_CROSSBOW"
	*NODE_PARENT "Bip01 Spine2"
	*NODE_TM {
		*NODE_NAME "ZS_CROSSBOW"
		*TM_ROW0 -0.382687	-0.111464	0.91713
		*TM_ROW1 -0.923878	0.0461715	-0.379891
		*TM_ROW2 -1.2517e-006	-0.992695	-0.120648
		*TM_ROW3 -14.434	10.5915	165.98
		*TM_POS -14.434	10.5915	165.98
		*TM_ROTAXIS -0.447329	0.669479	-0.593039
		*TM_ROTANGLE 2.38705
		*TM_SCALE 1	1	1
		*TM_SCALEAXIS 0	0	0
		*TM_SCALEAXISANG 0	0	0
	}
}
*HELPEROBJECT {
	*NODE_NAME "ZS_LONGSWORD"
	*NODE_PARENT "Bip01 Spine2"
	*NODE_TM {
		*NODE_NAME "ZS_LONGSWORD"
		*TM_ROW0 -0.499829	-0.0915011	0.861277
		*TM_ROW1 -0.865729	0.0828188	-0.493614
		*TM_ROW2 -0.0261636	-0.992355	-0.12061
		*TM_ROW3 -18.1593	6.92629	157.64
		*TM_POS -18.1593	6.92629	157.64
		*TM_ROTAXIS -0.38996	0.69388	-0.60536
		*TM_ROTANGLE 2.44778
		*TM_SCALE 1	1	1
		*TM_SCALEAXIS 0	0	0
		*TM_SCALEAXISANG 0	0	0
	}
}
*HELPEROBJECT {
	*NODE_NAME "ZS_SHIELD"
	*NODE_PARENT "Bip01 Spine2"
	*NODE_TM {
		*NODE_NAME "ZS_SHIELD"
		*TM_ROW0 -0.0138681	0.114196	-0.993362
		*TM_ROW1 -0.908393	0.413755	0.0602465
		*TM_ROW2 0.417888	0.903198	0.0979964
		*TM_ROW3 8.76511	9.5282	131.875
		*TM_POS 8.76511	9.5282	131.875
		*TM_ROTAXIS 0.435421	-0.728972	-0.528212
		*TM_ROTANGLE 1.82457
		*TM_SCALE 1	1	1
		*TM_SCALEAXIS 0	0	0
		*TM_SCALEAXISANG 0	0	0
	}
}
*HELPEROBJECT {
	*NODE_NAME "ZS_BOW"
	*NODE_PARENT "Bip01 Spine2"
	*NODE_TM {
		*NODE_NAME "ZS_BOW"
		*TM_ROW0 -0.341816	-0.0868229	0.935748
		*TM_ROW1 0.0119438	0.995242	0.0967059
		*TM_ROW2 -0.939691	0.044232	-0.339153
		*TM_ROW3 0.5012	12.4143	124.55
		*TM_POS 0.5012	12.4143	124.55
		*TM_ROTAXIS -0.0279299	0.998227	0.0525698
		*TM_ROTANGLE 1.92076
		*TM_SCALE 1	1	1
		*TM_SCALEAXIS 0	0	0
		*TM_SCALEAXISANG 0	0	0
	}
}
*HELPEROBJECT {
	*NODE_NAME "ZS_SWORD"
	*NODE_PARENT "Bip01 Spine"
	*NODE_TM {
		*NODE_NAME "ZS_SWORD"
		*TM_ROW0 5.79068e-007	-0.347172	0.937802
		*TM_ROW1 1.04308e-007	0.937802	0.347172
		*TM_ROW2 -1	-1.04308e-007	5.79068e-007
		*TM_ROW3 17.5015	-4.36211	106.367
		*TM_POS 17.5015	-4.36211	106.367
		*TM_ROTAXIS -0.17367	0.96937	0.17367
		*TM_ROTANGLE 1.6019
		*TM_SCALE 1	1	1
		*TM_SCALEAXIS 0	0	0
		*TM_SCALEAXISANG 0	0	0
	}
}
*HELPEROBJECT {
	*NODE_NAME "Bip01 L Thigh"
	*NODE_PARENT "Bip01 Pelvis"
	*NODE_TM {
		*NODE_NAME "Bip01 L Thigh"
		*TM_ROW0 0.0534879	-0.0367886	-0.997891
		*TM_ROW1 -0.00216181	-0.999323	0.0367256
		*TM_ROW2 -0.998566	0.000192882	-0.0535313
		*TM_ROW3 9.01023	-8.01129	99.9496
		*TM_POS 9.01023	-8.01129	99.9496
		*TM_ROTAXIS 0.72572	-0.01342	-0.68786
		*TM_ROTANGLE 3.16677
		*TM_SCALE 1	1	1
		*TM_SCALEAXIS 0	0	0
		*TM_SCALEAXISANG 0	0	0
	}
}
*HELPEROBJECT {
	*NODE_NAME "Bip01 L Calf"
	*NODE_PARENT "Bip01 L Thigh"
	*NODE_TM {
		*NODE_NAME "Bip01 L Calf"
		*TM_ROW0 0.0525131	0.197552	-0.978885
		*TM_ROW1 0.0103904	-0.980292	-0.197278
		*TM_ROW2 -0.998566	0.000188708	-0.0535307
		*TM_ROW3 11.1149	-9.45845	60.6877
		*TM_POS 11.1149	-9.45845	60.6877
		*TM_ROTAXIS 0.723901	0.0721501	-0.686121
		*TM_ROTANGLE 3.00478
		*TM_SCALE 1	1	1
		*TM_SCALEAXIS 0	0	0
		*TM_SCALEAXISANG 0	0	0
	}
}
*HELPEROBJECT {
	*NODE_NAME "Bip01 L Foot"
	*NODE_PARENT "Bip01 L Calf"
	*NODE_TM {
		*NODE_NAME "Bip01 L Foot"
		*TM_ROW0 -6.00563e-007	7.23674e-006	-1
		*TM_ROW1 0.173652	-0.984807	-7.2672e-006
		*TM_ROW2 -0.984807	-0.173652	-5.93313e-007
		*TM_ROW3 13.6935	0.240668	12.6267
		*TM_POS 13.6935	0.240668	12.6267
		*TM_ROTAXIS 0.705757	0.0617498	-0.705757
		*TM_ROTANGLE 3.26493
		*TM_SCALE 1	1	1
		*TM_SCALEAXIS 0	0	0
		*TM_SCALEAXISANG 0	0	0
	}
}
*HELPEROBJECT {
	*NODE_NAME "Bip01 L Toe0"
	*NODE_PARENT "Bip01 L Foot"
	*NODE_TM {
		*NODE_NAME "Bip01 L Toe0"
		*TM_ROW0 0.173646	-0.984808	5.05606e-006
		*TM_ROW1 5.06961e-006	5.93591e-006	1
		*TM_ROW2 -0.984808	-0.173646	5.91983e-006
		*TM_ROW3 17.6256	-22.0591	-2.43328e-006
		*TM_POS 17.6256	-22.0591	-2.43328e-006
		*TM_ROTAXIS -0.644398	0.540718	0.540718
		*TM_ROTANGLE 1.99673
		*TM_SCALE 1	1	1
		*TM_SCALEAXIS 0	0	0
		*TM_SCALEAXISANG 0	0	0
	}
}
*HELPEROBJECT {
	*NODE_NAME "Bip01 R Thigh"
	*NODE_PARENT "Bip01 Pelvis"
	*NODE_TM {
		*NODE_NAME "Bip01 R Thigh"
		*TM_ROW0 -0.0535034	-0.0367749	-0.99789
		*TM_ROW1 0.00205776	-0.999324	0.0367174
		*TM_ROW2 -0.998566	-8.89041e-005	0.0535432
		*TM_ROW3 -9.01021	-8.01132	99.9496
		*TM_POS -9.01021	-8.01132	99.9496
		*TM_ROTAXIS 0.687862	-0.01262	-0.725732
		*TM_ROTANGLE 3.16835
		*TM_SCALE 1	1	1
		*TM_SCALEAXIS 0	0	0
		*TM_SCALEAXISANG 0	0	0
	}
}
*HELPEROBJECT {
	*NODE_NAME "Bip01 R Calf"
	*NODE_PARENT "Bip01 R Thigh"
	*NODE_TM {
		*NODE_NAME "Bip01 R Calf"
		*TM_ROW0 -0.0525024	0.197539	-0.978888
		*TM_ROW1 -0.0104967	-0.980295	-0.19726
		*TM_ROW2 -0.998566	-8.16062e-005	0.0535415
		*TM_ROW3 -11.1154	-9.45856	60.6878
		*TM_POS -11.1154	-9.45856	60.6878
		*TM_ROTAXIS 0.686298	0.0684898	-0.724088
		*TM_ROTANGLE 2.99744
		*TM_SCALE 1	1	1
		*TM_SCALEAXIS 0	0	0
		*TM_SCALEAXISANG 0	0	0
	}
}
*HELPEROBJECT {
	*NODE_NAME "Bip01 R Foot"
	*NODE_PARENT "Bip01 R Calf"
	*NODE_TM {
		*NODE_NAME "Bip01 R Foot"
		*TM_ROW0 -5.86066e-007	-7.25461e-006	-1
		*TM_ROW1 -0.173652	-0.984807	7.24331e-006
		*TM_ROW2 -0.984807	0.173652	-5.91966e-007
		*TM_ROW3 -13.6935	0.24065	12.6267
		*TM_POS -13.6935	0.24065	12.6267
		*TM_ROTAXIS 0.705757	-0.0617498	-0.705757
		*TM_ROTANGLE 3.01826
		*TM_SCALE 1	1	1
		*TM_SCALEAXIS 0	0	0
		*TM_SCALEAXISANG 0	0	0
	}
}
*HELPEROBJECT {
	*NODE_NAME "Bip01 R Toe0"
	*NODE_PARENT "Bip01 R Foot"
	*NODE_TM {
		*NODE_NAME "Bip01 R Toe0"
		*TM_ROW0 -0.173651	-0.984807	3.50312e-006
		*TM_ROW1 3.50539e-006	3.00781e-006	1
		*TM_ROW2 -0.984808	0.173651	3.01546e-006
		*TM_ROW3 -17.6255	-22.0592	3.52698e-005
		*TM_POS -17.6255	-22.0592	3.52698e-005
		*TM_ROTAXIS 0.510271	-0.608121	-0.608121
		*TM_ROTANGLE 4.08526
		*TM_SCALE 1	1	1
		*TM_SCALEAXIS 0	0	0
		*TM_SCALEAXISANG 0	0	0
	}
}
*HELPEROBJECT {
	*NODE_NAME "Dummy"
	*NODE_PARENT "Bip01 L Finger0"
	*NODE_TM {
		*NODE_NAME "Dummy"
		*TM_ROW0 -1	-0	0
		*TM_ROW1 -0	-1	0
		*TM_ROW2 -0	-0	1
		*TM_ROW3 29.4428	-14.9691	72.9478
		*TM_POS 29.4428	-14.9691	72.9478
		*TM_ROTAXIS 0	0	-1
		*TM_ROTANGLE 3.14159
		*TM_SCALE 1	1	1
		*TM_SCALEAXIS 0	0	0
		*TM_SCALEAXISANG 0	0	0
	}
}
*HELPEROBJECT {
	*NODE_NAME "Dummy1"
	*NODE_PARENT "Bip01 R Finger0"
	*NODE_TM {
		*NODE_NAME "Dummy1"
		*TM_ROW0 -1	-0	0
		*TM_ROW1 -0	-1	0
		*TM_ROW2 -0	-0	1
		*TM_ROW3 -29.4428	-14.9692	72.9479
		*TM_POS -29.4428	-14.9692	72.9479
		*TM_ROTAXIS 0	0	-1
		*TM_ROTANGLE 3.14159
		*TM_SCALE 1	1	1
		*TM_SCALEAXIS 0	0	0
		*TM_SCALEAXISANG 0	0	0
	}
}
*HELPEROBJECT {
	*NODE_NAME "Dummy2"
	*NODE_PARENT "Bip01 L Toe0"
	*NODE_TM {
		*NODE_NAME "Dummy2"
		*TM_ROW0 -1	-0	0
		*TM_ROW1 -0	-1	0
		*TM_ROW2 -0	-0	1
		*TM_ROW3 19.5916	-33.209	-6.31336
		*TM_POS 19.5916	-33.209	-6.31336
		*TM_ROTAXIS 0	0	-1
		*TM_ROTANGLE 3.14159
		*TM_SCALE 1	1	1
		*TM_SCALEAXIS 0	0	0
		*TM_SCALEAXISANG 0	0	0
	}
}
*HELPEROBJECT {
	*NODE_NAME "Dummy3"
	*NODE_PARENT "Bip01 R Toe0"
	*NODE_TM {
		*NODE_NAME "Dummy3"
		*TM_ROW0 -1	-0	0
		*TM_ROW1 -0	-1	0
		*TM_ROW2 -0	-0	1
		*TM_ROW3 -19.5915	-33.2091	-6.31332
		*TM_POS -19.5915	-33.2091	-6.31332
		*TM_ROTAXIS 0	0	-1
		*TM_ROTANGLE 3.14159
		*TM_SCALE 1	1	1
		*TM_SCALEAXIS 0	0	0
		*TM_SCALEAXISANG 0	0	0
	}
}
*GEOMOBJECT {
	*NODE_NAME "zm_Skin"
	*NODE_PARENT "Bip01"
	*NODE_TM {
		*NODE_NAME "zm_Skin"
		*TM_ROW0 -1	-0	0
		*TM_ROW1 -0	-1	0
		*TM_ROW2 -0	-0	1
		*TM_ROW3 -0	-0	0
		*TM_POS -0	-0	0
		*TM_ROTAXIS 0	0	-1
		*TM_ROTANGLE 3.14159
		*TM_SCALE 1	1	1
		*TM_SCALEAXIS 0	0	0
		*TM_SCALEAXISANG 0	0	0
	}
	*MATERIAL_REF 0
	*MESH_SOFTSKIN {
		*TIMEVALUE 0
		*MESH_NUMVERTEX 339
		*MESH_NUMFACES 576
		*MESH_VERTEX_LIST {
			*MESH_VERTEX 0	17.2799	-19.672	60.3276
			*MESH_VERTEX 1	0.012451	6.77225	115.3
			*MESH_VERTEX 2	-23.0978	-9.52564	60.0944
			*MESH_VERTEX 3	-31.6429	-4.85198	158.212
			*MESH_VERTEX 4	32.3456	-4.61402	157.879
			*MESH_VERTEX 5	-15.0086	-6.57667	113.484
			*MESH_VERTEX 6	-9.52108	7.18308	2.48237
			*MESH_VERTEX 7	-13.3847	-18.9094	62.8614
			*MESH_VERTEX 8	-12.708	-23.5344	1.37736
			*MESH_VERTEX 9	14.3819	-6.193	113.722
			*MESH_VERTEX 10	7.35355	-16.3358	63.1042
			*MESH_VERTEX 11	16.4473	9.21002	2.3737
			*MESH_VERTEX 12	22.5909	-18.3802	1.50812
			*MESH_VERTEX 13	4.60563	16.0348	56.6255
			*MESH_VERTEX 14	20.7478	-8.64019	109.52
			*MESH_VERTEX 15	33.3506	-6.35354	88.1283
			*MESH_VERTEX 16	35.2041	0.471095	107.882
			*MESH_VERTEX 17	-20.7486	-8.63988	109.52
			*MESH_VERTEX 18	-33.3271	-6.43523	88.0235
			*MESH_VERTEX 19	-35.2032	0.470519	107.882
			*MESH_VERTEX 20	15.4118	-1.60545	62.4915
			*MESH_VERTEX 21	-7.41532	-3.39404	62.6438
			*MESH_VERTEX 22	-17.1563	4.32248	145.166
			*MESH_VERTEX 23	-21.6371	-8.12301	107.229
			*MESH_VERTEX 24	-18.5628	-11.769	141.69
			*MESH_VERTEX 25	34.0213	-0.623899	106.325
			*MESH_VERTEX 26	17.9229	4.49941	143.19
			*MESH_VERTEX 27	17.8257	-11.6746	142.937
			*MESH_VERTEX 28	30.6633	-19.1945	80.7149
			*MESH_VERTEX 29	29.6202	-6.62276	88.9209
			*MESH_VERTEX 30	36.3609	-10.7067	80.3365
			*MESH_VERTEX 31	-30.6092	-19.2814	80.8107
			*MESH_VERTEX 32	-29.6042	-6.67662	88.8571
			*MESH_VERTEX 33	-36.3584	-10.7174	80.3223
			*MESH_VERTEX 34	30.0625	13.0954	142.814
			*MESH_VERTEX 35	-24.631	13.0261	133.588
			*MESH_VERTEX 36	-0.000278631	-19.8839	113.555
			*MESH_VERTEX 37	0.12439	10.9783	156.819
			*MESH_VERTEX 38	-16.5527	-6.70311	115.281
			*MESH_VERTEX 39	0.0157258	-22.107	115.384
			*MESH_VERTEX 40	15.838	-6.27379	115.538
			*MESH_VERTEX 41	7.35695	1.90369	156.75
			*MESH_VERTEX 42	0.048107	-10.2523	148.523
			*MESH_VERTEX 43	-7.13546	1.64354	156.66
			*MESH_VERTEX 44	4.71532	-8.07774	163.398
			*MESH_VERTEX 45	-4.79694	-28.2424	59.8468
			*MESH_VERTEX 46	23.2217	2.8495	106.541
			*MESH_VERTEX 47	-23.2221	2.84867	106.541
			*MESH_VERTEX 48	-34.0109	-0.541139	106.365
			*MESH_VERTEX 49	-24.446	1.24944	104.626
			*MESH_VERTEX 50	21.6693	-8.25893	107.21
			*MESH_VERTEX 51	24.4627	1.16938	104.627
			*MESH_VERTEX 52	-0.0142102	5.2382	113.503
			*MESH_VERTEX 53	19.1476	5.61684	59.2791
			*MESH_VERTEX 54	7.47619	-1.2289	62.4365
			*MESH_VERTEX 55	-15.0117	-3.69419	62.8453
			*MESH_VERTEX 56	-32.609	-9.30968	110.389
			*MESH_VERTEX 57	32.6095	-9.31007	110.389
			*MESH_VERTEX 58	-3.54182	0.743875	167.104
			*MESH_VERTEX 59	-4.73772	-7.85808	163.321
			*MESH_VERTEX 60	31.503	-8.84038	108.645
			*MESH_VERTEX 61	-18.4192	-0.201189	14.7402
			*MESH_VERTEX 62	-15.0851	-9.10837	12.4921
			*MESH_VERTEX 63	-23.0313	-18.373	1.26643
			*MESH_VERTEX 64	-31.6112	-8.73956	108.606
			*MESH_VERTEX 65	-12.686	-4.16858	138.513
			*MESH_VERTEX 66	3.77985	0.499626	167.114
			*MESH_VERTEX 67	26.5548	-16.4192	90.7903
			*MESH_VERTEX 68	-26.5285	-16.4233	90.9517
			*MESH_VERTEX 69	24.6751	-15.4687	77.3262
			*MESH_VERTEX 70	-24.6024	-15.593	77.4259
			*MESH_VERTEX 71	8.28867	0.592646	13.9866
			*MESH_VERTEX 72	13.7076	-6.58943	16.4858
			*MESH_VERTEX 73	11.7896	-22.5426	1.44142
			*MESH_VERTEX 74	26.0362	-17.2412	146.285
			*MESH_VERTEX 75	-25.5648	-16.9901	146.239
			*MESH_VERTEX 76	0.145712	-22.9935	140.105
			*MESH_VERTEX 77	22.6849	-5.9391	146.885
			*MESH_VERTEX 78	-22.9341	-6.23148	146.266
			*MESH_VERTEX 79	13.5138	-16.7273	63.5264
			*MESH_VERTEX 80	-30.9189	-7.96276	77.3274
			*MESH_VERTEX 81	30.934	-7.93262	77.3253
			*MESH_VERTEX 82	-7.47236	-18.551	62.2903
			*MESH_VERTEX 83	27.6643	-14.3956	90.9577
			*MESH_VERTEX 84	-27.6455	-14.4001	91.068
			*MESH_VERTEX 85	-25.1393	-10.6214	88.642
			*MESH_VERTEX 86	25.1695	-10.5756	88.584
			*MESH_VERTEX 87	14.3227	-10.1559	139.75
			*MESH_VERTEX 88	-18.8485	4.92972	59.3661
			*MESH_VERTEX 89	22.1277	-4.54813	117.072
			*MESH_VERTEX 90	10.5768	-4.26555	158.936
			*MESH_VERTEX 91	31.3645	-14.1312	91.6412
			*MESH_VERTEX 92	-31.3525	-14.1336	91.7106
			*MESH_VERTEX 93	13.4128	9.94637	123.918
			*MESH_VERTEX 94	24.1529	13.4768	133.524
			*MESH_VERTEX 95	10.2352	-14.0662	113.652
			*MESH_VERTEX 96	-32.6258	6.46621	152.775
			*MESH_VERTEX 97	10.0583	3.93131	-2.12928
			*MESH_VERTEX 98	16.4311	-14.8656	131.06
			*MESH_VERTEX 99	-19.9074	-2.18921	50.5012
			*MESH_VERTEX 100	-30.5697	-17.1835	91.7004
			*MESH_VERTEX 101	30.5914	-17.1826	91.5624
			*MESH_VERTEX 102	18.5893	0.985373	14.4971
			*MESH_VERTEX 103	-22.8421	-4.94972	115.836
			*MESH_VERTEX 104	-19.072	-19.0398	137.995
			*MESH_VERTEX 105	-10.3517	-21.9119	134.484
			*MESH_VERTEX 106	13.7005	7.06976	16.1521
			*MESH_VERTEX 107	-16.4534	4.11917	-1.46714
			*MESH_VERTEX 108	-8.2132	-0.719733	14.0431
			*MESH_VERTEX 109	20.1001	-19.313	138.152
			*MESH_VERTEX 110	-24.0107	-12.9741	86.3188
			*MESH_VERTEX 111	24.0329	-12.9459	86.2533
			*MESH_VERTEX 112	-29.2205	-5.62675	87.2579
			*MESH_VERTEX 113	-32.4307	-7.40436	89.1941
			*MESH_VERTEX 114	29.2486	-5.54177	87.3395
			*MESH_VERTEX 115	32.4459	-7.34893	89.2705
			*MESH_VERTEX 116	-7.9309	2.42985	-1.70892
			*MESH_VERTEX 117	18.7638	4.61779	-1.61268
			*MESH_VERTEX 118	4.27728	-0.655633	47.8283
			*MESH_VERTEX 119	4.91864	-6.38022	61.5188
			*MESH_VERTEX 120	0.148533	9.38705	121.128
			*MESH_VERTEX 121	24.3227	5.98281	136.43
			*MESH_VERTEX 122	31.4132	-2.72716	118.892
			*MESH_VERTEX 123	28.6892	-4.87817	136.688
			*MESH_VERTEX 124	21.9085	0.357452	146.871
			*MESH_VERTEX 125	16.4522	-7.6544	130.664
			*MESH_VERTEX 126	16.5005	-9.72191	134.981
			*MESH_VERTEX 127	-10.1992	-4.22715	158.925
			*MESH_VERTEX 128	11.2891	3.29706	47.5703
			*MESH_VERTEX 129	7.43318	4.91098	159.861
			*MESH_VERTEX 130	18.4701	9.47602	152.592
			*MESH_VERTEX 131	-18.0798	9.31788	152.837
			*MESH_VERTEX 132	-7.11334	4.94718	159.83
			*MESH_VERTEX 133	24.1116	4.16821	116.951
			*MESH_VERTEX 134	17.0035	2.93339	136.633
			*MESH_VERTEX 135	13.6039	-4.78779	137.561
			*MESH_VERTEX 136	21.511	-7.45333	59.5162
			*MESH_VERTEX 137	-16.2863	-21.8634	60.8559
			*MESH_VERTEX 138	26.5637	-6.44406	118.111
			*MESH_VERTEX 139	-15.9536	-24.6465	1.6509
			*MESH_VERTEX 140	-16.4729	-23.0396	6.99823
			*MESH_VERTEX 141	-13.4271	5.65858	16.4568
			*MESH_VERTEX 142	-21.784	-0.136111	147.517
			*MESH_VERTEX 143	-21.4534	-12.0385	8.95655
			*MESH_VERTEX 144	-11.6162	1.92839	48.3118
			*MESH_VERTEX 145	-20.422	-1.63577	107.597
			*MESH_VERTEX 146	-4.22551	-2.04889	46.8958
			*MESH_VERTEX 147	-12.2551	-15.1944	115.222
			*MESH_VERTEX 148	11.2531	-15.3858	115.49
			*MESH_VERTEX 149	20.4213	-1.63539	107.597
			*MESH_VERTEX 150	-6.40002	-4.38345	164.985
			*MESH_VERTEX 151	3.98127	-26.3748	59.0762
			*MESH_VERTEX 152	26.8704	-11.1391	110.554
			*MESH_VERTEX 153	-26.8704	-11.1385	110.553
			*MESH_VERTEX 154	19.2714	-0.980191	49.7456
			*MESH_VERTEX 155	6.37762	-4.79828	164.991
			*MESH_VERTEX 156	-15.5173	-5.10389	156.067
			*MESH_VERTEX 157	-27.1247	-9.57629	89.6607
			*MESH_VERTEX 158	-29.4192	-6.08699	82.6771
			*MESH_VERTEX 159	-30.6421	-7.28298	85.71
			*MESH_VERTEX 160	-11.1138	-13.9086	113.412
			*MESH_VERTEX 161	34.0044	-12.2699	90.2767
			*MESH_VERTEX 162	-33.9842	-12.3087	90.2838
			*MESH_VERTEX 163	-27.1837	-16.4338	78.3552
			*MESH_VERTEX 164	-25.4894	-14.5304	77.4754
			*MESH_VERTEX 165	-24.2082	-15.8757	77.0275
			*MESH_VERTEX 166	-27.5521	-17.3314	83.4644
			*MESH_VERTEX 167	-25.901	-17.7779	77.9069
			*MESH_VERTEX 168	27.2533	-16.3149	78.26
			*MESH_VERTEX 169	25.5614	-14.4039	77.3905
			*MESH_VERTEX 170	24.283	-15.7485	76.9226
			*MESH_VERTEX 171	27.5902	-17.2779	83.3696
			*MESH_VERTEX 172	25.9734	-17.6584	77.7918
			*MESH_VERTEX 173	-14.2231	-17.834	53.1619
			*MESH_VERTEX 174	-13.0274	-7.93921	16.233
			*MESH_VERTEX 175	27.142	-9.54553	89.6424
			*MESH_VERTEX 176	29.4212	-6.07602	82.6954
			*MESH_VERTEX 177	30.6393	-7.28463	85.7209
			*MESH_VERTEX 178	-11.1571	0.667619	115.321
			*MESH_VERTEX 179	-4.78199	10.5269	99.8387
			*MESH_VERTEX 180	9.92196	0.791822	115.49
			*MESH_VERTEX 181	4.71217	10.5037	100.1
			*MESH_VERTEX 182	-0.0534852	6.72024	107.741
			*MESH_VERTEX 183	14.9169	-23.961	1.80439
			*MESH_VERTEX 184	15.1568	-22.2065	7.19446
			*MESH_VERTEX 185	14.845	-8.06308	12.6393
			*MESH_VERTEX 186	10.0384	-12.8631	7.59797
			*MESH_VERTEX 187	33.4602	-11.2846	90.8773
			*MESH_VERTEX 188	0.132599	-12.3225	151.486
			*MESH_VERTEX 189	15.7831	-5.05939	156.089
			*MESH_VERTEX 190	-4.9014	14.6207	56.1529
			*MESH_VERTEX 191	-33.4488	-11.3098	90.8697
			*MESH_VERTEX 192	21.1023	-11.7218	9.03147
			*MESH_VERTEX 193	24.1199	2.15108	144.304
			*MESH_VERTEX 194	-10.109	-0.125228	113.527
			*MESH_VERTEX 195	0.120521	12.123	141.861
			*MESH_VERTEX 196	-13.1208	9.93587	123.946
			*MESH_VERTEX 197	-18.9521	-3.73145	123.724
			*MESH_VERTEX 198	-26.7407	-10.2555	108.469
			*MESH_VERTEX 199	33.2337	6.63581	152.121
			*MESH_VERTEX 200	22.8067	-3.49251	140.991
			*MESH_VERTEX 201	26.6268	-10.3325	108.455
			*MESH_VERTEX 202	-30.0326	12.7781	143.198
			*MESH_VERTEX 203	-26.7595	-6.34309	117.537
			*MESH_VERTEX 204	-16.4478	-14.4196	131.059
			*MESH_VERTEX 205	-10.535	-14.2534	7.62464
			*MESH_VERTEX 206	-14.6995	-8.5881	139.594
			*MESH_VERTEX 207	-15.5663	-2.49142	131.223
			*MESH_VERTEX 208	-15.6195	-4.87993	135.158
			*MESH_VERTEX 209	-16.7851	2.81517	136.756
			*MESH_VERTEX 210	-23.3778	4.49041	136.252
			*MESH_VERTEX 211	10.6705	-22.0305	134.624
			*MESH_VERTEX 212	-16.1425	14.7703	140.648
			*MESH_VERTEX 213	15.8184	-2.4661	131.234
			*MESH_VERTEX 214	-3.88467	-8.20458	46.5821
			*MESH_VERTEX 215	8.55491	-16.0605	53.207
			*MESH_VERTEX 216	-5.79642	-8.69938	61.4504
			*MESH_VERTEX 217	-8.69585	-17.7177	52.5535
			*MESH_VERTEX 218	20.6711	-8.17042	89.7113
			*MESH_VERTEX 219	15.8477	-5.20132	107.363
			*MESH_VERTEX 220	0.0449216	3.82512	156.693
			*MESH_VERTEX 221	-27.2697	2.7115	137.033
			*MESH_VERTEX 222	-28.6411	-4.83192	136.244
			*MESH_VERTEX 223	-30.2184	-4.89064	118.347
			*MESH_VERTEX 224	9.0165	-0.0113109	113.679
			*MESH_VERTEX 225	19.2218	-3.82879	123.681
			*MESH_VERTEX 226	-22.5918	-10.9317	141.368
			*MESH_VERTEX 227	0.0106794	-22.1286	107.837
			*MESH_VERTEX 228	18.9356	-6.94982	50.032
			*MESH_VERTEX 229	-25.6258	-9.40621	122.872
			*MESH_VERTEX 230	0.164461	-22.1616	121.879
			*MESH_VERTEX 231	0.0522178	1.91613	167.553
			*MESH_VERTEX 232	-23.1763	-1.73989	141.282
			*MESH_VERTEX 233	-25.0717	-17.4528	82.8754
			*MESH_VERTEX 234	22.4015	-10.7468	141.784
			*MESH_VERTEX 235	-21.7847	-2.42926	105.455
			*MESH_VERTEX 236	25.1124	-17.3976	82.7662
			*MESH_VERTEX 237	3.83801	-6.79015	47.9582
			*MESH_VERTEX 238	-16.0138	-9.25022	61.9976
			*MESH_VERTEX 239	-19.6878	-8.14272	50.37
			*MESH_VERTEX 240	-0.248623	-7.47864	63.1128
			*MESH_VERTEX 241	21.8363	-2.50465	105.442
			*MESH_VERTEX 242	-22.8263	-1.15618	115.025
			*MESH_VERTEX 243	17.1125	14.7183	140.435
			*MESH_VERTEX 244	-23.0519	-15.3711	81.4479
			*MESH_VERTEX 245	23.1033	-15.2925	81.3424
			*MESH_VERTEX 246	-12.3599	0.985095	107.539
			*MESH_VERTEX 247	-0.239599	-7.67569	117.636
			*MESH_VERTEX 248	-10.3052	-20.5277	143.152
			*MESH_VERTEX 249	26.0423	-15.9701	87.7298
			*MESH_VERTEX 250	15.7201	-4.75256	135.228
			*MESH_VERTEX 251	-26.0278	-15.979	87.8075
			*MESH_VERTEX 252	-16.4791	-9.83665	134.758
			*MESH_VERTEX 253	-35.1069	-4.73786	109.291
			*MESH_VERTEX 254	35.1077	-4.7378	109.292
			*MESH_VERTEX 255	0.0032945	-9.31861	162.502
			*MESH_VERTEX 256	30.0367	-5.01828	118.745
			*MESH_VERTEX 257	16.3612	-7.1964	61.8687
			*MESH_VERTEX 258	13.4846	-16.1834	53.5408
			*MESH_VERTEX 259	6.2284	-3.75021	156.184
			*MESH_VERTEX 260	-33.8224	-4.93115	107.632
			*MESH_VERTEX 261	31.8238	0.638213	116.102
			*MESH_VERTEX 262	30.3614	1.20822	105.243
			*MESH_VERTEX 263	-20.7189	-11.3459	137.758
			*MESH_VERTEX 264	-16.2792	-7.67553	130.488
			*MESH_VERTEX 265	10.5484	-20.6671	143.422
			*MESH_VERTEX 266	33.7499	-5.05694	107.655
			*MESH_VERTEX 267	-30.3533	1.25673	105.331
			*MESH_VERTEX 268	-24.883	2.95674	114.506
			*MESH_VERTEX 269	29.7357	-18.8557	79.1417
			*MESH_VERTEX 270	-29.675	-18.9553	79.2405
			*MESH_VERTEX 271	-5.97424	-3.96945	156.108
			*MESH_VERTEX 272	-31.5174	-2.91418	116.703
			*MESH_VERTEX 273	12.099	1.49225	107.913
			*MESH_VERTEX 274	-16.6195	-4.92296	107.071
			*MESH_VERTEX 275	22.9022	-1.19046	114.907
			*MESH_VERTEX 276	30.7993	2.60396	107.047
			*MESH_VERTEX 277	-30.7989	2.60316	107.047
			*MESH_VERTEX 278	15.8897	3.86897	89.4892
			*MESH_VERTEX 279	-12.3795	-15.9357	107.379
			*MESH_VERTEX 280	-19.4955	-6.9209	99.3983
			*MESH_VERTEX 281	28.3648	4.37507	117.905
			*MESH_VERTEX 282	25.0063	2.90822	114.457
			*MESH_VERTEX 283	-33.883	-7.89785	85.3987
			*MESH_VERTEX 284	33.8762	-7.90623	85.4113
			*MESH_VERTEX 285	25.3301	-9.72283	135.686
			*MESH_VERTEX 286	24.8609	-9.20136	123.461
			*MESH_VERTEX 287	27.419	2.69496	137.249
			*MESH_VERTEX 288	12.0125	-15.8678	107.673
			*MESH_VERTEX 289	19.117	-7.02943	99.7502
			*MESH_VERTEX 290	-35.5596	-10.1725	79.0011
			*MESH_VERTEX 291	35.564	-10.1598	79.0107
			*MESH_VERTEX 292	-31.7798	0.721009	115.841
			*MESH_VERTEX 293	-25.3259	-9.70903	135.216
			*MESH_VERTEX 294	-22.6768	-12.4441	0.569421
			*MESH_VERTEX 295	22.7927	-5.05506	115.863
			*MESH_VERTEX 296	12.9324	-15.3958	149.831
			*MESH_VERTEX 297	-15.2305	-15.8776	100.223
			*MESH_VERTEX 298	-17.6076	3.83981	133.166
			*MESH_VERTEX 299	20.6298	-11.2223	138.133
			*MESH_VERTEX 300	-14.9809	2.37876	99.0049
			*MESH_VERTEX 301	22.8285	-12.4549	0.748017
			*MESH_VERTEX 302	17.9025	3.87307	133.077
			*MESH_VERTEX 303	-22.3095	-4.49203	116.637
			*MESH_VERTEX 304	12.0784	-17.0574	123.305
			*MESH_VERTEX 305	-12.6782	-15.3605	149.658
			*MESH_VERTEX 306	-4.49235	-21.2893	100.45
			*MESH_VERTEX 307	4.72243	-21.275	100.539
			*MESH_VERTEX 308	14.6181	-15.914	100.028
			*MESH_VERTEX 309	14.7067	-16.6776	90.4392
			*MESH_VERTEX 310	-28.3018	4.49654	118.362
			*MESH_VERTEX 311	-24.0308	4.2633	117.408
			*MESH_VERTEX 312	31.662	1.56758	118.592
			*MESH_VERTEX 313	-29.1667	3.13197	115.063
			*MESH_VERTEX 314	-24.8546	0.751903	143.134
			*MESH_VERTEX 315	-31.6541	1.71948	118.865
			*MESH_VERTEX 316	14.7123	2.37532	99.5707
			*MESH_VERTEX 317	29.2613	3.06308	115.211
			*MESH_VERTEX 318	-15.3368	-18.1813	90.9087
			*MESH_VERTEX 319	-26.5388	-6.59051	116.768
			*MESH_VERTEX 320	-30.1033	-5.18224	116.99
			*MESH_VERTEX 321	-21.0593	-8.21831	89.8696
			*MESH_VERTEX 322	-11.7638	-17.0427	123.31
			*MESH_VERTEX 323	-16.1273	3.80318	89.5957
			*MESH_VERTEX 324	-6.61396	-21.7351	91.9658
			*MESH_VERTEX 325	5.30669	-22.2337	92.3435
			*MESH_VERTEX 326	31.5056	-2.9977	116.948
			*MESH_VERTEX 327	30.0142	-5.33282	117.24
			*MESH_VERTEX 328	-31.5221	-2.58592	118.755
			*MESH_VERTEX 329	26.4417	-6.70928	116.949
			*MESH_VERTEX 330	-25.2482	-6.15766	142.445
			*MESH_VERTEX 331	22.0467	-0.748701	116.758
			*MESH_VERTEX 332	4.24752	12.1066	88.1456
			*MESH_VERTEX 333	-3.96149	11.635	87.9184
			*MESH_VERTEX 334	-21.9744	-10.5042	132.224
			*MESH_VERTEX 335	25.0997	-5.99362	142.819
			*MESH_VERTEX 336	-22.11	-0.680645	116.711
			*MESH_VERTEX 337	22.0446	-10.5341	132.629
			*MESH_VERTEX 338	-22.5356	-3.36891	141.167
		}
		*MESH_FACE_LIST {
			*MESH_FACE    0:    A:    88 B:    333 C:    190 AB:    1 BC:    1 CA:    1	 *MESH_SMOOTHING 1 	*MESH_MTLID 0
			*MESH_FACE    1:    A:    45 B:    151 C:    325 AB:    1 BC:    1 CA:    1	 *MESH_SMOOTHING 1 	*MESH_MTLID 0
			*MESH_FACE    2:    A:    230 B:    211 C:    76 AB:    1 BC:    1 CA:    1	 *MESH_SMOOTHING 1 	*MESH_MTLID 0
			*MESH_FACE    3:    A:    93 B:    195 C:    243 AB:    1 BC:    1 CA:    1	 *MESH_SMOOTHING 1 	*MESH_MTLID 0
			*MESH_FACE    4:    A:    146 B:    108 C:    141 AB:    1 BC:    1 CA:    1	 *MESH_SMOOTHING 1 	*MESH_MTLID 0
			*MESH_FACE    5:    A:    173 B:    61 C:    174 AB:    1 BC:    1 CA:    1	 *MESH_SMOOTHING 1 	*MESH_MTLID 0
			*MESH_FACE    6:    A:    194 B:    196 C:    120 AB:    1 BC:    1 CA:    1	 *MESH_SMOOTHING 1 	*MESH_MTLID 0
			*MESH_FACE    7:    A:    230 B:    105 C:    322 AB:    1 BC:    1 CA:    1	 *MESH_SMOOTHING 1 	*MESH_MTLID 0
			*MESH_FACE    8:    A:    102 B:    106 C:    154 AB:    1 BC:    1 CA:    1	 *MESH_SMOOTHING 1 	*MESH_MTLID 0
			*MESH_FACE    9:    A:    71 B:    72 C:    215 AB:    1 BC:    1 CA:    1	 *MESH_SMOOTHING 1 	*MESH_MTLID 0
			*MESH_FACE    10:    A:    53 B:    278 C:    136 AB:    1 BC:    1 CA:    1	 *MESH_SMOOTHING 1 	*MESH_MTLID 0
			*MESH_FACE    11:    A:    53 B:    136 C:    240 AB:    1 BC:    1 CA:    1	 *MESH_SMOOTHING 1 	*MESH_MTLID 0
			*MESH_FACE    12:    A:    114 B:    46 C:    276 AB:    1 BC:    1 CA:    1	 *MESH_SMOOTHING 1 	*MESH_MTLID 0
			*MESH_FACE    13:    A:    14 B:    67 C:    152 AB:    1 BC:    1 CA:    1	 *MESH_SMOOTHING 1 	*MESH_MTLID 0
			*MESH_FACE    14:    A:    112 B:    277 C:    47 AB:    1 BC:    1 CA:    1	 *MESH_SMOOTHING 1 	*MESH_MTLID 0
			*MESH_FACE    15:    A:    17 B:    153 C:    68 AB:    1 BC:    1 CA:    1	 *MESH_SMOOTHING 1 	*MESH_MTLID 0
			*MESH_FACE    16:    A:    102 B:    154 C:    228 AB:    1 BC:    1 CA:    1	 *MESH_SMOOTHING 1 	*MESH_MTLID 0
			*MESH_FACE    17:    A:    237 B:    71 C:    215 AB:    1 BC:    1 CA:    1	 *MESH_SMOOTHING 1 	*MESH_MTLID 0
			*MESH_FACE    18:    A:    108 B:    146 C:    214 AB:    1 BC:    1 CA:    1	 *MESH_SMOOTHING 1 	*MESH_MTLID 0
			*MESH_FACE    19:    A:    61 B:    173 C:    239 AB:    1 BC:    1 CA:    1	 *MESH_SMOOTHING 1 	*MESH_MTLID 0
			*MESH_FACE    20:    A:    200 B:    199 C:    4 AB:    1 BC:    1 CA:    1	 *MESH_SMOOTHING 1 	*MESH_MTLID 0
			*MESH_FACE    21:    A:    199 B:    130 C:    4 AB:    1 BC:    1 CA:    1	 *MESH_SMOOTHING 1 	*MESH_MTLID 0
			*MESH_FACE    22:    A:    204 B:    232 C:    197 AB:    1 BC:    1 CA:    1	 *MESH_SMOOTHING 1 	*MESH_MTLID 0
			*MESH_FACE    23:    A:    195 B:    120 C:    196 AB:    1 BC:    1 CA:    1	 *MESH_SMOOTHING 1 	*MESH_MTLID 0
			*MESH_FACE    24:    A:    304 B:    211 C:    230 AB:    1 BC:    1 CA:    1	 *MESH_SMOOTHING 1 	*MESH_MTLID 0
			*MESH_FACE    25:    A:    212 B:    35 C:    202 AB:    1 BC:    1 CA:    1	 *MESH_SMOOTHING 1 	*MESH_MTLID 0
			*MESH_FACE    26:    A:    90 B:    129 C:    132 AB:    1 BC:    1 CA:    1	 *MESH_SMOOTHING 1 	*MESH_MTLID 0
			*MESH_FACE    27:    A:    333 B:    88 C:    323 AB:    1 BC:    1 CA:    1	 *MESH_SMOOTHING 1 	*MESH_MTLID 0
			*MESH_FACE    28:    A:    325 B:    151 C:    309 AB:    1 BC:    1 CA:    1	 *MESH_SMOOTHING 1 	*MESH_MTLID 0
			*MESH_FACE    29:    A:    39 B:    247 C:    147 AB:    1 BC:    1 CA:    1	 *MESH_SMOOTHING 1 	*MESH_MTLID 0
			*MESH_FACE    30:    A:    45 B:    324 C:    318 AB:    1 BC:    1 CA:    1	 *MESH_SMOOTHING 1 	*MESH_MTLID 0
			*MESH_FACE    31:    A:    247 B:    1 C:    178 AB:    1 BC:    1 CA:    1	 *MESH_SMOOTHING 1 	*MESH_MTLID 0
			*MESH_FACE    32:    A:    332 B:    278 C:    53 AB:    1 BC:    1 CA:    1	 *MESH_SMOOTHING 1 	*MESH_MTLID 0
			*MESH_FACE    33:    A:    45 B:    318 C:    137 AB:    1 BC:    1 CA:    1	 *MESH_SMOOTHING 1 	*MESH_MTLID 0
			*MESH_FACE    34:    A:    240 B:    151 C:    45 AB:    1 BC:    1 CA:    1	 *MESH_SMOOTHING 1 	*MESH_MTLID 0
			*MESH_FACE    35:    A:    149 B:    14 C:    152 AB:    1 BC:    1 CA:    1	 *MESH_SMOOTHING 1 	*MESH_MTLID 0
			*MESH_FACE    36:    A:    149 B:    67 C:    14 AB:    1 BC:    1 CA:    1	 *MESH_SMOOTHING 1 	*MESH_MTLID 0
			*MESH_FACE    37:    A:    145 B:    153 C:    17 AB:    1 BC:    1 CA:    1	 *MESH_SMOOTHING 1 	*MESH_MTLID 0
			*MESH_FACE    38:    A:    145 B:    17 C:    68 AB:    1 BC:    1 CA:    1	 *MESH_SMOOTHING 1 	*MESH_MTLID 0
			*MESH_FACE    39:    A:    93 B:    94 C:    225 AB:    1 BC:    1 CA:    1	 *MESH_SMOOTHING 1 	*MESH_MTLID 0
			*MESH_FACE    40:    A:    13 B:    53 C:    240 AB:    1 BC:    1 CA:    1	 *MESH_SMOOTHING 1 	*MESH_MTLID 0
			*MESH_FACE    41:    A:    53 B:    13 C:    332 AB:    1 BC:    1 CA:    1	 *MESH_SMOOTHING 1 	*MESH_MTLID 0
			*MESH_FACE    42:    A:    128 B:    154 C:    106 AB:    1 BC:    1 CA:    1	 *MESH_SMOOTHING 1 	*MESH_MTLID 0
			*MESH_FACE    43:    A:    144 B:    141 C:    99 AB:    1 BC:    1 CA:    1	 *MESH_SMOOTHING 1 	*MESH_MTLID 0
			*MESH_FACE    44:    A:    277 B:    253 C:    145 AB:    1 BC:    1 CA:    1	 *MESH_SMOOTHING 1 	*MESH_MTLID 0
			*MESH_FACE    45:    A:    253 B:    19 C:    162 AB:    1 BC:    1 CA:    1	 *MESH_SMOOTHING 1 	*MESH_MTLID 0
			*MESH_FACE    46:    A:    276 B:    149 C:    254 AB:    1 BC:    1 CA:    1	 *MESH_SMOOTHING 1 	*MESH_MTLID 0
			*MESH_FACE    47:    A:    254 B:    161 C:    16 AB:    1 BC:    1 CA:    1	 *MESH_SMOOTHING 1 	*MESH_MTLID 0
			*MESH_FACE    48:    A:    61 B:    99 C:    141 AB:    1 BC:    1 CA:    1	 *MESH_SMOOTHING 1 	*MESH_MTLID 0
			*MESH_FACE    49:    A:    143 B:    61 C:    107 AB:    1 BC:    1 CA:    1	 *MESH_SMOOTHING 1 	*MESH_MTLID 0
			*MESH_FACE    50:    A:    143 B:    62 C:    61 AB:    1 BC:    1 CA:    1	 *MESH_SMOOTHING 1 	*MESH_MTLID 0
			*MESH_FACE    51:    A:    108 B:    205 C:    116 AB:    1 BC:    1 CA:    1	 *MESH_SMOOTHING 1 	*MESH_MTLID 0
