*3DSMAX_ASCIIEXPORT	110
*COMMENT "[ GothicSourcer v3.10 ] - August 2006"
*SCENE {
	*SCENE_FILENAME "ARMOR_SMITH.MAX"
	*SCENE_FIRSTFRAME 0
	*SCENE_LASTFRAME 100
	*SCENE_FRAMESPEED 25
	*SCENE_TICKSPERFRAME 192
	*SCENE_BACKGROUND_STATIC 0	0	0
	*SCENE_AMBIENT_STATIC 0.2	0.2	0.2
}
*MATERIAL_LIST {
	*MATERIAL_COUNT 1
	*MATERIAL 0 {
		*MATERIAL_NAME "Compound Material #1"
		*MATERIAL_CLASS "Multi/Sub-Object"
		*NUMSUBMTLS 2
		*SUBMATERIAL 0 {
			*MATERIAL_NAME "SCHMIED"
			*MATERIAL_CLASS "Standard"
			*MATERIAL_AMBIENT 0.278431	0.223529	0.192157
			*MATERIAL_DIFFUSE 0.278431	0.223529	0.192157
			*MATERIAL_SPECULAR 0.9	0.9	0.9
			*MATERIAL_SHINE 0.1
			*MATERIAL_SHINESTRENGTH 0
			*MATERIAL_TRANSPARENCY 0
			*MATERIAL_WIRESIZE 1
			*MATERIAL_SHADING Blinn
			*MATERIAL_XP_FALLOFF 0
			*MATERIAL_SELFILLUM 0
			*MATERIAL_FALLOFF In
			*MATERIAL_XP_TYPE Filter
			*MAP_DIFFUSE {
				*MAP_NAME "Map #1-1"
				*MAP_CLASS "Bitmap"
				*MAP_SUBNO 1
				*MAP_AMOUNT 1
				*BITMAP "SCHMIED.TGA"
				*MAP_TYPE Screen
				*UVW_U_OFFSET 0
				*UVW_V_OFFSET 0
				*UVW_U_TILING 1
				*UVW_V_TILING 1
				*UVW_ANGLE 0
				*UVW_BLUR 1
				*UVW_BLUR_OFFSET 0
				*UVW_NOUSE_AMT 1
				*UVW_NOISE_SIZE 1
				*UVW_NOISE_LEVEL 1
				*UVW_NOISE_PHASE 0
				*BITMAP_FILTER Pyramidal
			}
		}
		*SUBMATERIAL 1 {
			*MATERIAL_NAME "MATERIAL #334"
			*MATERIAL_CLASS "Standard"
			*MATERIAL_AMBIENT 0.509804	0.407843	0.305882
			*MATERIAL_DIFFUSE 0.509804	0.407843	0.305882
			*MATERIAL_SPECULAR 0.9	0.9	0.9
			*MATERIAL_SHINE 0.1
			*MATERIAL_SHINESTRENGTH 0
			*MATERIAL_TRANSPARENCY 0
			*MATERIAL_WIRESIZE 1
			*MATERIAL_SHADING Blinn
			*MATERIAL_XP_FALLOFF 0
			*MATERIAL_SELFILLUM 0
			*MATERIAL_FALLOFF In
			*MATERIAL_XP_TYPE Filter
			*MAP_DIFFUSE {
				*MAP_NAME "Map #1-2"
				*MAP_CLASS "Bitmap"
				*MAP_SUBNO 1
				*MAP_AMOUNT 1
				*BITMAP "HUM_BODY_NAKED_V0_C0.TGA"
				*MAP_TYPE Screen
				*UVW_U_OFFSET 0
				*UVW_V_OFFSET 0
				*UVW_U_TILING 1
				*UVW_V_TILING 1
				*UVW_ANGLE 0
				*UVW_BLUR 1
				*UVW_BLUR_OFFSET 0
				*UVW_NOUSE_AMT 1
				*UVW_NOISE_SIZE 1
				*UVW_NOISE_LEVEL 1
				*UVW_NOISE_PHASE 0
				*BITMAP_FILTER Pyramidal
			}
		}
	}
}
*HELPEROBJECT {
	*NODE_NAME "Bip01"
	*NODE_TM {
		*NODE_NAME "Bip01"
		*TM_ROW0 6.27438e-006	-1	0
		*TM_ROW1 1	6.27438e-006	0
		*TM_ROW2 -0	-0	1
		*TM_ROW3 0	-7.37745	99.9496
		*TM_POS 0	-7.37745	99.9496
		*TM_ROTAXIS 0	0	1
		*TM_ROTANGLE 1.57079
		*TM_SCALE 1	1	1
		*TM_SCALEAXIS 0	0	0
		*TM_SCALEAXISANG 0	0	0
	}
}
*HELPEROBJECT {
	*NODE_NAME "Bip01 Pelvis"
	*NODE_PARENT "Bip01"
	*NODE_TM {
		*NODE_NAME "Bip01 Pelvis"
		*TM_ROW0 -5.96014e-008	1.79264e-006	1
		*TM_ROW1 -1.79264e-006	-1	1.79264e-006
		*TM_ROW2 1	-1.79264e-006	-5.96014e-008
		*TM_ROW3 1e-005	-8.0113	99.9496
		*TM_POS 1e-005	-8.0113	99.9496
		*TM_ROTAXIS 0.707107	0	0.707107
		*TM_ROTANGLE 3.1416
		*TM_SCALE 1	1	1
		*TM_SCALEAXIS 0	0	0
		*TM_SCALEAXISANG 0	0	0
	}
}
*HELPEROBJECT {
	*NODE_NAME "Bip01 Spine"
	*NODE_PARENT "Bip01 Pelvis"
	*NODE_TM {
		*NODE_NAME "Bip01 Spine"
		*TM_ROW0 6.6944e-008	-0.0205947	0.999788
		*TM_ROW1 5.48642e-006	-0.999788	-0.0205947
		*TM_ROW2 1	5.48642e-006	6.6944e-008
		*TM_ROW3 1e-005	-7.92216	102.35
		*TM_POS 1e-005	-7.92216	102.35
		*TM_ROTAXIS 0.707088	-0.00727998	0.707088
		*TM_ROTANGLE 3.12703
		*TM_SCALE 1	1	1
		*TM_SCALEAXIS 0	0	0
		*TM_SCALEAXISANG 0	0	0
	}
}
*HELPEROBJECT {
	*NODE_NAME "Bip01 Spine1"
	*NODE_PARENT "Bip01 Spine"
	*NODE_TM {
		*NODE_NAME "Bip01 Spine1"
		*TM_ROW0 6.76996e-008	-0.00276992	0.999996
		*TM_ROW1 -1.92621e-006	-0.999996	-0.00276991
		*TM_ROW2 1	-1.92621e-006	6.76996e-008
		*TM_ROW3 1e-005	-8.11442	112.175
		*TM_POS 1e-005	-8.11442	112.175
		*TM_ROTAXIS -0.707107	0.000979995	-0.707106
		*TM_ROTANGLE 3.14355
		*TM_SCALE 1	1	1
		*TM_SCALEAXIS 0	0	0
		*TM_SCALEAXISANG 0	0	0
	}
}
*HELPEROBJECT {
	*NODE_NAME "Bip01 Spine2"
	*NODE_PARENT "Bip01 Spine1"
	*NODE_TM {
		*NODE_NAME "Bip01 Spine2"
		*TM_ROW0 3.48622e-008	0.180243	0.983622
		*TM_ROW1 1.67638e-006	-0.983622	0.180243
		*TM_ROW2 1	1.67638e-006	3.48621e-008
		*TM_ROW3 1e-005	-8.1264	124.961
		*TM_POS 1e-005	-8.1264	124.961
		*TM_ROTAXIS 0.705652	0.0641202	0.705652
		*TM_ROTANGLE 3.26966
		*TM_SCALE 1	1	1
		*TM_SCALEAXIS 0	0	0
		*TM_SCALEAXISANG 0	0	0
	}
}
*HELPEROBJECT {
	*NODE_NAME "Bip01 Neck"
	*NODE_PARENT "Bip01 Spine2"
	*NODE_TM {
		*NODE_NAME "Bip01 Neck"
		*TM_ROW0 6.08698e-007	-0.167043	0.98595
		*TM_ROW1 4.70132e-006	-0.98595	-0.167043
		*TM_ROW2 1	4.70132e-006	6.08698e-007
		*TM_ROW3 -2.11471e-012	-2.71656	154.454
		*TM_POS -2.11471e-012	-2.71656	154.454
		*TM_ROTAXIS -0.70586	0.05937	-0.705859
		*TM_ROTANGLE 3.2602
		*TM_SCALE 1	1	1
		*TM_SCALEAXIS 0	0	0
		*TM_SCALEAXISANG 0	0	0
	}
}
*HELPEROBJECT {
	*NODE_NAME "Bip01 Head"
	*NODE_PARENT "Bip01 Neck"
	*NODE_TM {
		*NODE_NAME "Bip01 Head"
		*TM_ROW0 -5.96015e-008	1.76921e-006	1
		*TM_ROW1 -1.79264e-006	-1	1.77916e-006
		*TM_ROW2 1	-1.79264e-006	-5.96014e-008
		*TM_ROW3 1.63729e-011	-3.85901	161.198
		*TM_POS 1.63729e-011	-3.85901	161.198
		*TM_ROTAXIS -0.707107	4.76653e-009	-0.707107
		*TM_ROTANGLE 3.14159
		*TM_SCALE 1	1	1
		*TM_SCALEAXIS 0	0	0
		*TM_SCALEAXISANG 0	0	0
	}
}
*HELPEROBJECT {
	*NODE_NAME "ZS_HELMET"
	*NODE_PARENT "Bip01 Head"
	*NODE_TM {
		*NODE_NAME "ZS_HELMET"
		*TM_ROW0 1	5.73874e-013	4.35659e-014
		*TM_ROW1 -4.07319e-013	0.996917	-0.0784593
		*TM_ROW2 -4.76109e-014	0.0784593	0.996918
		*TM_ROW3 1e-005	-7.06248	173.704
		*TM_POS 1e-005	-7.06248	173.704
		*TM_ROTAXIS 1	5.81045e-013	-6.25288e-012
		*TM_ROTANGLE 0.078541
		*TM_SCALE 1	1	1
		*TM_SCALEAXIS 0	0	0
		*TM_SCALEAXISANG 0	0	0
	}
}
*HELPEROBJECT {
	*NODE_NAME "Bip01 L Clavicle"
	*NODE_PARENT "Bip01 Neck"
	*NODE_TM {
		*NODE_NAME "Bip01 L Clavicle"
		*TM_ROW0 0.935229	-0.203893	-0.289439
		*TM_ROW1 0.156435	0.971369	-0.178803
		*TM_ROW2 0.317608	0.121943	0.940348
		*TM_ROW3 7.96399	-1.25804	148.729
		*TM_POS 7.96399	-1.25804	148.729
		*TM_ROTAXIS 0.391939	-0.791119	0.469589
		*TM_ROTANGLE 0.39376
		*TM_SCALE 1	1	1
		*TM_SCALEAXIS 0	0	0
		*TM_SCALEAXISANG 0	0	0
	}
}
*HELPEROBJECT {
	*NODE_NAME "Bip01 L UpperArm"
	*NODE_PARENT "Bip01 L Clavicle"
	*NODE_TM {
		*NODE_NAME "Bip01 L UpperArm"
		*TM_ROW0 0.246229	0.0989026	-0.964152
		*TM_ROW1 0.412789	0.889345	0.196649
		*TM_ROW2 0.876913	-0.446412	0.178157
		*TM_ROW3 20.4269	-3.97508	144.872
		*TM_POS 20.4269	-3.97508	144.872
		*TM_ROTAXIS -0.325561	-0.932072	0.15891
		*TM_ROTANGLE 1.41328
		*TM_SCALE 1	1	1
		*TM_SCALEAXIS 0	0	0
		*TM_SCALEAXISANG 0	0	0
	}
}
*HELPEROBJECT {
	*NODE_NAME "Bip01 L Forearm"
	*NODE_PARENT "Bip01 L UpperArm"
	*NODE_TM {
		*NODE_NAME "Bip01 L Forearm"
		*TM_ROW0 0.0455122	-0.291882	-0.955371
		*TM_ROW1 0.478489	0.845886	-0.235638
		*TM_ROW2 0.876913	-0.44641	0.17816
		*TM_ROW3 27.2982	-1.21526	117.966
		*TM_POS 27.2982	-1.21526	117.966
		*TM_ROTAXIS -0.10545	-0.916697	0.385419
		*TM_ROTANGLE 1.53601
		*TM_SCALE 1	1	1
		*TM_SCALEAXIS 0	0	0
		*TM_SCALEAXISANG 0	0	0
	}
}
*HELPEROBJECT {
	*NODE_NAME "Bip01 L Hand"
	*NODE_PARENT "Bip01 L Forearm"
	*NODE_TM {
		*NODE_NAME "Bip01 L Hand"
		*TM_ROW0 0.0455132	-0.291886	-0.95537
		*TM_ROW1 -0.876533	0.44708	-0.17835
		*TM_ROW2 0.479185	0.845531	-0.2355
		*TM_ROW3 28.5642	-9.33439	91.391
		*TM_POS 28.5642	-9.33439	91.391
		*TM_ROTAXIS 0.551391	-0.772552	-0.314851
		*TM_ROTANGLE 1.95137
		*TM_SCALE 1	1	1
		*TM_SCALEAXIS 0	0	0
		*TM_SCALEAXISANG 0	0	0
	}
}
*HELPEROBJECT {
	*NODE_NAME "Bip01 L Finger0"
	*NODE_PARENT "Bip01 L Hand"
	*NODE_TM {
		*NODE_NAME "Bip01 L Finger0"
		*TM_ROW0 0.0455152	-0.291888	-0.955369
		*TM_ROW1 -0.876915	0.446405	-0.178165
		*TM_ROW2 0.478485	0.845886	-0.235643
		*TM_ROW3 29.15	-13.0909	79.0956
		*TM_POS 29.15	-13.0909	79.0956
		*TM_ROTAXIS 0.551581	-0.772311	-0.31511
		*TM_ROTANGLE 1.95181
		*TM_SCALE 1	1	1
		*TM_SCALEAXIS 0	0	0
		*TM_SCALEAXISANG 0	0	0
	}
}
*HELPEROBJECT {
	*NODE_NAME "ZS_LEFTHAND"
	*NODE_PARENT "Bip01 L Hand"
	*NODE_TM {
		*NODE_NAME "ZS_LEFTHAND"
		*TM_ROW0 0.435606	0.890062	-0.134303
		*TM_ROW1 0.180312	-0.232461	-0.955745
		*TM_ROW2 -0.881893	0.392112	-0.261751
		*TM_ROW3 26.7605	-11.5468	82.7857
		*TM_POS 26.7605	-11.5468	82.7857
		*TM_ROTAXIS 0.794322	0.440571	-0.418271
		*TM_ROTANGLE 2.12858
		*TM_SCALE 1	1	1
		*TM_SCALEAXIS 0	0	0
		*TM_SCALEAXISANG 0	0	0
	}
}
*HELPEROBJECT {
	*NODE_NAME "ZS_LEFTARM"
	*NODE_PARENT "Bip01 L Forearm"
	*NODE_TM {
		*NODE_NAME "ZS_LEFTARM"
		*TM_ROW0 0.0759923	-0.150176	-0.985735
		*TM_ROW1 0.524499	0.846792	-0.0885736
		*TM_ROW2 0.848013	-0.510285	0.143117
		*TM_ROW3 26.9101	-7.67833	110.055
		*TM_POS 26.9101	-7.67833	110.055
		*TM_ROTAXIS -0.21097	-0.917372	0.337521
		*TM_ROTANGLE 1.53784
		*TM_SCALE 1	1	1
		*TM_SCALEAXIS 0	0	0
		*TM_SCALEAXISANG 0	0	0
	}
}
*HELPEROBJECT {
	*NODE_NAME "Bip01 R Clavicle"
	*NODE_PARENT "Bip01 Neck"
	*NODE_TM {
		*NODE_NAME "Bip01 R Clavicle"
		*TM_ROW0 -0.935227	-0.203899	-0.28944
		*TM_ROW1 -0.156442	0.971369	-0.178799
		*TM_ROW2 0.317609	-0.121937	-0.940349
		*TM_ROW3 -7.96398	-1.25806	148.729
		*TM_POS -7.96398	-1.25806	148.729
		*TM_ROTAXIS -0.0929799	0.992639	-0.0775999
		*TM_ROTANGLE 3.45235
		*TM_SCALE 1	1	1
		*TM_SCALEAXIS 0	0	0
		*TM_SCALEAXISANG 0	0	0
	}
}
*HELPEROBJECT {
	*NODE_NAME "Bip01 R UpperArm"
	*NODE_PARENT "Bip01 R Clavicle"
	*NODE_TM {
		*NODE_NAME "Bip01 R UpperArm"
		*TM_ROW0 -0.246232	0.0988932	-0.964153
		*TM_ROW1 -0.412793	0.889345	0.196642
		*TM_ROW2 0.876911	0.446415	-0.178163
		*TM_ROW3 -20.4269	-3.97513	144.872
		*TM_POS -20.4269	-3.97513	144.872
		*TM_ROTAXIS 0.12961	-0.955353	-0.265521
		*TM_ROTANGLE 1.84162
		*TM_SCALE 1	1	1
		*TM_SCALEAXIS 0	0	0
		*TM_SCALEAXISANG 0	0	0
	}
}
*HELPEROBJECT {
	*NODE_NAME "Bip01 R Forearm"
	*NODE_PARENT "Bip01 R UpperArm"
	*NODE_TM {
		*NODE_NAME "Bip01 R Forearm"
		*TM_ROW0 -0.0455087	-0.291889	-0.955369
		*TM_ROW1 -0.478487	0.845885	-0.235646
		*TM_ROW2 0.876915	0.446408	-0.17816
		*TM_ROW3 -27.2982	-1.21534	117.966
		*TM_POS -27.2982	-1.21534	117.966
		*TM_ROTAXIS 0.347279	-0.932937	-0.0950097
		*TM_ROTANGLE 1.76083
		*TM_SCALE 1	1	1
		*TM_SCALEAXIS 0	0	0
		*TM_SCALEAXISANG 0	0	0
	}
}
*HELPEROBJECT {
	*NODE_NAME "Bip01 R Hand"
	*NODE_PARENT "Bip01 R Forearm"
	*NODE_TM {
		*NODE_NAME "Bip01 R Hand"
		*TM_ROW0 -0.0455115	-0.291885	-0.95537
		*TM_ROW1 0.87653	0.447088	-0.17835
		*TM_ROW2 0.479192	-0.845527	0.235499
		*TM_ROW3 -28.5642	-9.33445	91.3911
		*TM_POS -28.5642	-9.33445	91.3911
		*TM_ROTAXIS -0.33922	-0.72939	0.59407
		*TM_ROTANGLE 1.75327
		*TM_SCALE 1	1	1
		*TM_SCALEAXIS 0	0	0
		*TM_SCALEAXISANG 0	0	0
	}
}
*HELPEROBJECT {
	*NODE_NAME "Bip01 R Finger0"
	*NODE_PARENT "Bip01 R Hand"
	*NODE_TM {
		*NODE_NAME "Bip01 R Finger0"
		*TM_ROW0 -0.0455056	-0.291877	-0.955373
		*TM_ROW1 0.876914	0.446413	-0.178152
		*TM_ROW2 0.478489	-0.845886	0.235636
		*TM_ROW3 -29.1499	-13.0909	79.0956
		*TM_POS -29.1499	-13.0909	79.0956
		*TM_ROTAXIS -0.33952	-0.729071	0.594291
		*TM_ROTANGLE 1.75354
		*TM_SCALE 1	1	1
		*TM_SCALEAXIS 0	0	0
		*TM_SCALEAXISANG 0	0	0
	}
}
*HELPEROBJECT {
	*NODE_NAME "ZS_RIGHTHAND"
	*NODE_PARENT "Bip01 R Hand"
	*NODE_TM {
		*NODE_NAME "ZS_RIGHTHAND"
		*TM_ROW0 -0.464344	0.856417	-0.225687
		*TM_ROW1 0.177861	0.339806	0.923525
		*TM_ROW2 0.867612	0.388692	-0.31011
		*TM_ROW3 -20.9389	-19.9852	85.8932
		*TM_POS -20.9389	-19.9852	85.8932
		*TM_ROTAXIS 0.383811	0.784581	0.486951
		*TM_ROTANGLE 3.91244
		*TM_SCALE 1	1	1
		*TM_SCALEAXIS 0	0	0
		*TM_SCALEAXISANG 0	0	0
	}
}
*HELPEROBJECT {
	*NODE_NAME "ZS_CROSSBOW"
	*NODE_PARENT "Bip01 Spine2"
	*NODE_TM {
		*NODE_NAME "ZS_CROSSBOW"
		*TM_ROW0 -0.382687	-0.111464	0.91713
		*TM_ROW1 -0.923878	0.0461715	-0.379891
		*TM_ROW2 -1.2517e-006	-0.992695	-0.120648
		*TM_ROW3 -14.434	10.5915	165.98
		*TM_POS -14.434	10.5915	165.98
		*TM_ROTAXIS -0.447329	0.669479	-0.593039
		*TM_ROTANGLE 2.38705
		*TM_SCALE 1	1	1
		*TM_SCALEAXIS 0	0	0
		*TM_SCALEAXISANG 0	0	0
	}
}
*HELPEROBJECT {
	*NODE_NAME "ZS_LONGSWORD"
	*NODE_PARENT "Bip01 Spine2"
	*NODE_TM {
		*NODE_NAME "ZS_LONGSWORD"
		*TM_ROW0 -0.499829	-0.0915011	0.861277
		*TM_ROW1 -0.865729	0.0828188	-0.493614
		*TM_ROW2 -0.0261636	-0.992355	-0.12061
		*TM_ROW3 -18.1593	6.92629	157.64
		*TM_POS -18.1593	6.92629	157.64
		*TM_ROTAXIS -0.38996	0.69388	-0.60536
		*TM_ROTANGLE 2.44778
		*TM_SCALE 1	1	1
		*TM_SCALEAXIS 0	0	0
		*TM_SCALEAXISANG 0	0	0
	}
}
*HELPEROBJECT {
	*NODE_NAME "ZS_SHIELD"
	*NODE_PARENT "Bip01 Spine2"
	*NODE_TM {
		*NODE_NAME "ZS_SHIELD"
		*TM_ROW0 -0.0138681	0.114196	-0.993362
		*TM_ROW1 -0.908393	0.413755	0.0602465
		*TM_ROW2 0.417888	0.903198	0.0979964
		*TM_ROW3 8.76511	9.5282	131.875
		*TM_POS 8.76511	9.5282	131.875
		*TM_ROTAXIS 0.435421	-0.728972	-0.528212
		*TM_ROTANGLE 1.82457
		*TM_SCALE 1	1	1
		*TM_SCALEAXIS 0	0	0
		*TM_SCALEAXISANG 0	0	0
	}
}
*HELPEROBJECT {
	*NODE_NAME "ZS_BOW"
	*NODE_PARENT "Bip01 Spine2"
	*NODE_TM {
		*NODE_NAME "ZS_BOW"
		*TM_ROW0 -0.341816	-0.0868229	0.935748
		*TM_ROW1 0.0119438	0.995242	0.0967059
		*TM_ROW2 -0.939691	0.044232	-0.339153
		*TM_ROW3 0.5012	12.4143	124.55
		*TM_POS 0.5012	12.4143	124.55
		*TM_ROTAXIS -0.0279299	0.998227	0.0525698
		*TM_ROTANGLE 1.92076
		*TM_SCALE 1	1	1
		*TM_SCALEAXIS 0	0	0
		*TM_SCALEAXISANG 0	0	0
	}
}
*HELPEROBJECT {
	*NODE_NAME "ZS_SWORD"
	*NODE_PARENT "Bip01 Spine"
	*NODE_TM {
		*NODE_NAME "ZS_SWORD"
		*TM_ROW0 5.79068e-007	-0.347172	0.937802
		*TM_ROW1 1.04308e-007	0.937802	0.347172
		*TM_ROW2 -1	-1.04308e-007	5.79068e-007
		*TM_ROW3 17.5015	-4.36211	106.367
		*TM_POS 17.5015	-4.36211	106.367
		*TM_ROTAXIS -0.17367	0.96937	0.17367
		*TM_ROTANGLE 1.6019
		*TM_SCALE 1	1	1
		*TM_SCALEAXIS 0	0	0
		*TM_SCALEAXISANG 0	0	0
	}
}
*HELPEROBJECT {
	*NODE_NAME "Bip01 L Thigh"
	*NODE_PARENT "Bip01 Pelvis"
	*NODE_TM {
		*NODE_NAME "Bip01 L Thigh"
		*TM_ROW0 0.0534879	-0.0367886	-0.997891
		*TM_ROW1 -0.00216181	-0.999323	0.0367256
		*TM_ROW2 -0.998566	0.000192882	-0.0535313
		*TM_ROW3 9.01023	-8.01129	99.9496
		*TM_POS 9.01023	-8.01129	99.9496
		*TM_ROTAXIS 0.72572	-0.01342	-0.68786
		*TM_ROTANGLE 3.16677
		*TM_SCALE 1	1	1
		*TM_SCALEAXIS 0	0	0
		*TM_SCALEAXISANG 0	0	0
	}
}
*HELPEROBJECT {
	*NODE_NAME "Bip01 L Calf"
	*NODE_PARENT "Bip01 L Thigh"
	*NODE_TM {
		*NODE_NAME "Bip01 L Calf"
		*TM_ROW0 0.0525131	0.197552	-0.978885
		*TM_ROW1 0.0103904	-0.980292	-0.197278
		*TM_ROW2 -0.998566	0.000188708	-0.0535307
		*TM_ROW3 11.1149	-9.45845	60.6877
		*TM_POS 11.1149	-9.45845	60.6877
		*TM_ROTAXIS 0.723901	0.0721501	-0.686121
		*TM_ROTANGLE 3.00478
		*TM_SCALE 1	1	1
		*TM_SCALEAXIS 0	0	0
		*TM_SCALEAXISANG 0	0	0
	}
}
*HELPEROBJECT {
	*NODE_NAME "Bip01 L Foot"
	*NODE_PARENT "Bip01 L Calf"
	*NODE_TM {
		*NODE_NAME "Bip01 L Foot"
		*TM_ROW0 -6.00563e-007	7.23674e-006	-1
		*TM_ROW1 0.173652	-0.984807	-7.2672e-006
		*TM_ROW2 -0.984807	-0.173652	-5.93313e-007
		*TM_ROW3 13.6935	0.240668	12.6267
		*TM_POS 13.6935	0.240668	12.6267
		*TM_ROTAXIS 0.705757	0.0617498	-0.705757
		*TM_ROTANGLE 3.26493
		*TM_SCALE 1	1	1
		*TM_SCALEAXIS 0	0	0
		*TM_SCALEAXISANG 0	0	0
	}
}
*HELPEROBJECT {
	*NODE_NAME "Bip01 L Toe0"
	*NODE_PARENT "Bip01 L Foot"
	*NODE_TM {
		*NODE_NAME "Bip01 L Toe0"
		*TM_ROW0 0.173646	-0.984808	5.05606e-006
		*TM_ROW1 5.06961e-006	5.93591e-006	1
		*TM_ROW2 -0.984808	-0.173646	5.91983e-006
		*TM_ROW3 17.6256	-22.0591	-2.43328e-006
		*TM_POS 17.6256	-22.0591	-2.43328e-006
		*TM_ROTAXIS -0.644398	0.540718	0.540718
		*TM_ROTANGLE 1.99673
		*TM_SCALE 1	1	1
		*TM_SCALEAXIS 0	0	0
		*TM_SCALEAXISANG 0	0	0
	}
}
*HELPEROBJECT {
	*NODE_NAME "Bip01 R Thigh"
	*NODE_PARENT "Bip01 Pelvis"
	*NODE_TM {
		*NODE_NAME "Bip01 R Thigh"
		*TM_ROW0 -0.0535034	-0.0367749	-0.99789
		*TM_ROW1 0.00205776	-0.999324	0.0367174
		*TM_ROW2 -0.998566	-8.89041e-005	0.0535432
		*TM_ROW3 -9.01021	-8.01132	99.9496
		*TM_POS -9.01021	-8.01132	99.9496
		*TM_ROTAXIS 0.687862	-0.01262	-0.725732
		*TM_ROTANGLE 3.16835
		*TM_SCALE 1	1	1
		*TM_SCALEAXIS 0	0	0
		*TM_SCALEAXISANG 0	0	0
	}
}
*HELPEROBJECT {
	*NODE_NAME "Bip01 R Calf"
	*NODE_PARENT "Bip01 R Thigh"
	*NODE_TM {
		*NODE_NAME "Bip01 R Calf"
		*TM_ROW0 -0.0525024	0.197539	-0.978888
		*TM_ROW1 -0.0104967	-0.980295	-0.19726
		*TM_ROW2 -0.998566	-8.16062e-005	0.0535415
		*TM_ROW3 -11.1154	-9.45856	60.6878
		*TM_POS -11.1154	-9.45856	60.6878
		*TM_ROTAXIS 0.686298	0.0684898	-0.724088
		*TM_ROTANGLE 2.99744
		*TM_SCALE 1	1	1
		*TM_SCALEAXIS 0	0	0
		*TM_SCALEAXISANG 0	0	0
	}
}
*HELPEROBJECT {
	*NODE_NAME "Bip01 R Foot"
	*NODE_PARENT "Bip01 R Calf"
	*NODE_TM {
		*NODE_NAME "Bip01 R Foot"
		*TM_ROW0 -5.86066e-007	-7.25461e-006	-1
		*TM_ROW1 -0.173652	-0.984807	7.24331e-006
		*TM_ROW2 -0.984807	0.173652	-5.91966e-007
		*TM_ROW3 -13.6935	0.24065	12.6267
		*TM_POS -13.6935	0.24065	12.6267
		*TM_ROTAXIS 0.705757	-0.0617498	-0.705757
		*TM_ROTANGLE 3.01826
		*TM_SCALE 1	1	1
		*TM_SCALEAXIS 0	0	0
		*TM_SCALEAXISANG 0	0	0
	}
}
*HELPEROBJECT {
	*NODE_NAME "Bip01 R Toe0"
	*NODE_PARENT "Bip01 R Foot"
	*NODE_TM {
		*NODE_NAME "Bip01 R Toe0"
		*TM_ROW0 -0.173651	-0.984807	3.50312e-006
		*TM_ROW1 3.50539e-006	3.00781e-006	1
		*TM_ROW2 -0.984808	0.173651	3.01546e-006
		*TM_ROW3 -17.6255	-22.0592	3.52698e-005
		*TM_POS -17.6255	-22.0592	3.52698e-005
		*TM_ROTAXIS 0.510271	-0.608121	-0.608121
		*TM_ROTANGLE 4.08526
		*TM_SCALE 1	1	1
		*TM_SCALEAXIS 0	0	0
		*TM_SCALEAXISANG 0	0	0
	}
}
*HELPEROBJECT {
	*NODE_NAME "Dummy"
	*NODE_PARENT "Bip01 L Finger0"
	*NODE_TM {
		*NODE_NAME "Dummy"
		*TM_ROW0 -1	-0	0
		*TM_ROW1 -0	-1	0
		*TM_ROW2 -0	-0	1
		*TM_ROW3 29.4428	-14.9691	72.9478
		*TM_POS 29.4428	-14.9691	72.9478
		*TM_ROTAXIS 0	0	-1
		*TM_ROTANGLE 3.14159
		*TM_SCALE 1	1	1
		*TM_SCALEAXIS 0	0	0
		*TM_SCALEAXISANG 0	0	0
	}
}
*HELPEROBJECT {
	*NODE_NAME "Dummy1"
	*NODE_PARENT "Bip01 R Finger0"
	*NODE_TM {
		*NODE_NAME "Dummy1"
		*TM_ROW0 -1	-0	0
		*TM_ROW1 -0	-1	0
		*TM_ROW2 -0	-0	1
		*TM_ROW3 -29.4428	-14.9692	72.9479
		*TM_POS -29.4428	-14.9692	72.9479
		*TM_ROTAXIS 0	0	-1
		*TM_ROTANGLE 3.14159
		*TM_SCALE 1	1	1
		*TM_SCALEAXIS 0	0	0
		*TM_SCALEAXISANG 0	0	0
	}
}
*HELPEROBJECT {
	*NODE_NAME "Dummy2"
	*NODE_PARENT "Bip01 L Toe0"
	*NODE_TM {
		*NODE_NAME "Dummy2"
		*TM_ROW0 -1	-0	0
		*TM_ROW1 -0	-1	0
		*TM_ROW2 -0	-0	1
		*TM_ROW3 19.5916	-33.209	-6.31336
		*TM_POS 19.5916	-33.209	-6.31336
		*TM_ROTAXIS 0	0	-1
		*TM_ROTANGLE 3.14159
		*TM_SCALE 1	1	1
		*TM_SCALEAXIS 0	0	0
		*TM_SCALEAXISANG 0	0	0
	}
}
*HELPEROBJECT {
	*NODE_NAME "Dummy3"
	*NODE_PARENT "Bip01 R Toe0"
	*NODE_TM {
		*NODE_NAME "Dummy3"
		*TM_ROW0 -1	-0	0
		*TM_ROW1 -0	-1	0
		*TM_ROW2 -0	-0	1
		*TM_ROW3 -19.5915	-33.2091	-6.31332
		*TM_POS -19.5915	-33.2091	-6.31332
		*TM_ROTAXIS 0	0	-1
		*TM_ROTANGLE 3.14159
		*TM_SCALE 1	1	1
		*TM_SCALEAXIS 0	0	0
		*TM_SCALEAXISANG 0	0	0
	}
}
*GEOMOBJECT {
	*NODE_NAME "zm_Skin"
	*NODE_PARENT "Bip01"
	*NODE_TM {
		*NODE_NAME "zm_Skin"
		*TM_ROW0 -1	-0	0
		*TM_ROW1 -0	-1	0
		*TM_ROW2 -0	-0	1
		*TM_ROW3 -0	-0	0
		*TM_POS -0	-0	0
		*TM_ROTAXIS 0	0	-1
		*TM_ROTANGLE 3.14159
		*TM_SCALE 1	1	1
		*TM_SCALEAXIS 0	0	0
		*TM_SCALEAXISANG 0	0	0
	}
	*MATERIAL_REF 0
	*MESH_SOFTSKIN {
		*TIMEVALUE 0
		*MESH_NUMVERTEX 407
		*MESH_NUMFACES 800
		*MESH_VERTEX_LIST {
			*MESH_VERTEX 0	16.1363	8.69109	0.291059
			*MESH_VERTEX 1	-26.39	-8.47107	118.301
			*MESH_VERTEX 2	-6.13327	-25.1887	61.7876
			*MESH_VERTEX 3	4.79581	-8.18536	163.321
			*MESH_VERTEX 4	29.425	-17.7521	81.6604
			*MESH_VERTEX 5	15.8473	-13.1119	139.886
			*MESH_VERTEX 6	-23.4284	-14.1367	77.9454
			*MESH_VERTEX 7	-15.7306	-13.0505	139.678
			*MESH_VERTEX 8	21.0229	5.18725	141.28
			*MESH_VERTEX 9	-7.66043	-7.6853	15.9732
			*MESH_VERTEX 10	-19.8267	-22.9603	-0.467819
			*MESH_VERTEX 11	-16.5877	10.6155	16.6447
			*MESH_VERTEX 12	17.4218	11.7142	16.5276
			*MESH_VERTEX 13	11.8434	-22.7829	-0.23722
			*MESH_VERTEX 14	6.72364	-0.73853	9.16166
			*MESH_VERTEX 15	-8.5723	-5.16664	157.959
			*MESH_VERTEX 16	-3.54298	0.603059	166.972
			*MESH_VERTEX 17	22.5715	-4.09396	117.913
			*MESH_VERTEX 18	34.4042	-9.43226	80.9966
			*MESH_VERTEX 19	-6.52344	10.4192	16.2744
			*MESH_VERTEX 20	-15.4103	-13.0402	15.2301
			*MESH_VERTEX 21	-29.0418	-6.54594	78.2289
			*MESH_VERTEX 22	-7.6209	-0.287319	16.6414
			*MESH_VERTEX 23	7.42729	-23.6383	61.3155
			*MESH_VERTEX 24	0.122037	-6.39997	89.8619
			*MESH_VERTEX 25	-4.42593	4.99814	87.9896
			*MESH_VERTEX 26	0.047866	-11.6972	150.647
			*MESH_VERTEX 27	3.77984	0.359718	166.982
			*MESH_VERTEX 28	-9.60622	0.0431635	115.122
			*MESH_VERTEX 29	-21.8712	5.28588	141.427
			*MESH_VERTEX 30	-34.2492	-2.50569	120.639
			*MESH_VERTEX 31	-22.7133	-11.5345	87.09
			*MESH_VERTEX 32	-25.8946	-8.12514	90.9006
			*MESH_VERTEX 33	-16.1343	-9.51758	151.013
			*MESH_VERTEX 34	-10.6041	-8.10279	153.507
			*MESH_VERTEX 35	6.86748	11.166	15.9248
			*MESH_VERTEX 36	28.1732	-8.70823	146.693
			*MESH_VERTEX 37	-13.2559	-7.10787	16.3723
			*MESH_VERTEX 38	-16.8458	-0.538	16.813
			*MESH_VERTEX 39	-21.9283	-13.8716	82.0887
			*MESH_VERTEX 40	24.8345	5.25773	118.966
			*MESH_VERTEX 41	23.4284	-14.1369	77.9455
			*MESH_VERTEX 42	22.7041	-11.5552	87.0916
			*MESH_VERTEX 43	21.9255	-13.8834	82.0756
			*MESH_VERTEX 44	16.9685	-4.85865	16.1709
			*MESH_VERTEX 45	-9.65161	7.80145	0.701179
			*MESH_VERTEX 46	-7.40227	-14.0928	-0.144302
			*MESH_VERTEX 47	34.3485	3.55283	120.956
			*MESH_VERTEX 48	-2.38657	-14.7172	93.881
			*MESH_VERTEX 49	-1.7692	-8.61379	60.1318
			*MESH_VERTEX 50	-4.94661	-8.07364	163.095
			*MESH_VERTEX 51	-7.36124	2.11417	159.394
			*MESH_VERTEX 52	-21.1391	-5.39783	153.735
			*MESH_VERTEX 53	14.6056	5.85213	18.6083
			*MESH_VERTEX 54	7.6626	4.84457	-0.536276
			*MESH_VERTEX 55	-17.6722	-7.11765	15.8005
			*MESH_VERTEX 56	-13.899	4.85374	18.6958
			*MESH_VERTEX 57	-18.5057	6.14312	0.187217
			*MESH_VERTEX 58	-8.01595	-12.9533	15.0605
			*MESH_VERTEX 59	29.04	-6.54319	78.2448
			*MESH_VERTEX 60	-29.4253	-17.7466	81.6718
			*MESH_VERTEX 61	17.2063	-11.989	15.2277
			*MESH_VERTEX 62	10.8315	-12.1534	14.6795
			*MESH_VERTEX 63	28.7966	8.59597	121.016
			*MESH_VERTEX 64	7.77238	2.34277	159.618
			*MESH_VERTEX 65	-19.8669	-0.237488	137.567
			*MESH_VERTEX 66	7.57589	3.58145	17.1142
			*MESH_VERTEX 67	10.394	5.10165	17.7678
			*MESH_VERTEX 68	11.3349	-5.84021	16.1053
			*MESH_VERTEX 69	10.5609	-17.8522	140.669
			*MESH_VERTEX 70	15.549	-5.83331	115.281
			*MESH_VERTEX 71	8.92762	0.935537	115.15
			*MESH_VERTEX 72	-28.7094	8.51002	121.144
			*MESH_VERTEX 73	-28.6821	-0.225672	145.836
			*MESH_VERTEX 74	30.476	-4.64384	119.05
			*MESH_VERTEX 75	11.7011	1.20547	84.6094
			*MESH_VERTEX 76	4.24808	4.52205	87.976
			*MESH_VERTEX 77	7.3088	0.0159512	60.4048
			*MESH_VERTEX 78	-34.4082	-9.43106	80.9795
			*MESH_VERTEX 79	-19.377	-24.0004	5.44026
			*MESH_VERTEX 80	-16.0146	2.08598	136.437
			*MESH_VERTEX 81	28.3161	0.362798	145.434
			*MESH_VERTEX 82	19.3567	-22.7509	5.72949
			*MESH_VERTEX 83	-7.13527	1.2175	156.244
			*MESH_VERTEX 84	-10.1045	4.50193	18.1457
			*MESH_VERTEX 85	-10.9747	7.23333	17.9013
			*MESH_VERTEX 86	-11.5352	1.43307	83.8592
			*MESH_VERTEX 87	0.0538388	4.80482	159.135
			*MESH_VERTEX 88	9.00018	-4.97483	158.19
			*MESH_VERTEX 89	9.12643	3.67971	154.979
			*MESH_VERTEX 90	7.35677	1.48204	156.321
			*MESH_VERTEX 91	22.0982	-12.0791	0.124875
			*MESH_VERTEX 92	-12.4423	3.96255	116.751
			*MESH_VERTEX 93	2.72971	-15.5719	94.3016
			*MESH_VERTEX 94	-13.351	-24.2627	5.26487
			*MESH_VERTEX 95	-15.4843	-7.30945	115.231
			*MESH_VERTEX 96	9.18892	0.605769	16.9738
			*MESH_VERTEX 97	-24.7727	5.19178	119.087
			*MESH_VERTEX 98	8.10124	-5.9694	15.5312
			*MESH_VERTEX 99	14.0954	-9.30209	16.6554
			*MESH_VERTEX 100	19.0317	-7.81786	60.6452
			*MESH_VERTEX 101	6.22826	-4.1936	156.052
			*MESH_VERTEX 102	17.7327	0.474958	16.9421
			*MESH_VERTEX 103	13.8362	7.73509	18.6114
			*MESH_VERTEX 104	11.9357	4.54833	116.819
			*MESH_VERTEX 105	13.8693	-23.3805	5.52386
			*MESH_VERTEX 106	3.7203	1.95357	14.7659
			*MESH_VERTEX 107	15.8211	1.80669	136.595
			*MESH_VERTEX 108	-22.5992	-4.13387	117.642
			*MESH_VERTEX 109	-10.6733	-7.38577	16.2773
			*MESH_VERTEX 110	-2.64462	1.06568	15.4296
			*MESH_VERTEX 111	-19.3833	-14.6307	7.93105
			*MESH_VERTEX 112	-20.7046	3.79095	16.3102
			*MESH_VERTEX 113	-22.1214	-1.20217	107.557
			*MESH_VERTEX 114	-27.7704	-9.39688	146.958
			*MESH_VERTEX 115	19.7488	-0.393357	137.575
			*MESH_VERTEX 116	16.1438	4.85865	140.237
			*MESH_VERTEX 117	16.0683	-11.3061	148.347
			*MESH_VERTEX 118	20.8278	0.453006	9.67229
			*MESH_VERTEX 119	18.746	-6.92912	16.0771
			*MESH_VERTEX 120	22.8362	7.0817	119.101
			*MESH_VERTEX 121	-12.311	-18.6502	114.659
			*MESH_VERTEX 122	8.05341	-13.3117	-0.23072
			*MESH_VERTEX 123	14.8405	-10.1408	12.1711
			*MESH_VERTEX 124	18.4924	5.13621	17.2466
			*MESH_VERTEX 125	21.3024	2.41786	15.9634
			*MESH_VERTEX 126	-16.1203	-3.99622	136.454
			*MESH_VERTEX 127	-16.66	-10.3615	136.759
			*MESH_VERTEX 128	-27.8819	-8.77293	129.946
			*MESH_VERTEX 129	-18.2436	-6.34652	127.395
			*MESH_VERTEX 130	-24.2851	-9.88601	127.13
			*MESH_VERTEX 131	27.9501	-8.81766	129.822
			*MESH_VERTEX 132	16.7295	-10.7224	136.915
			*MESH_VERTEX 133	20.2437	-5.34478	117.871
			*MESH_VERTEX 134	-19.9435	-0.562476	9.5553
			*MESH_VERTEX 135	-13.1941	-10.2757	16.5634
			*MESH_VERTEX 136	-22.7714	7.00647	119.189
			*MESH_VERTEX 137	-20.2703	-5.39647	117.548
			*MESH_VERTEX 138	31.764	-6.68546	119.565
			*MESH_VERTEX 139	-1.67499	-10.8701	83.4816
			*MESH_VERTEX 140	-15.0827	4.57305	139.315
			*MESH_VERTEX 141	-26.4233	-13.0648	92.0186
			*MESH_VERTEX 142	-30.4761	-4.67264	118.969
			*MESH_VERTEX 143	-32.1913	-10.0391	91.9053
			*MESH_VERTEX 144	-34.0903	-4.14828	108.581
			*MESH_VERTEX 145	-32.3185	2.51753	120.015
			*MESH_VERTEX 146	0.0304091	2.55466	115.114
			*MESH_VERTEX 147	26.4211	-13.0743	91.9976
			*MESH_VERTEX 148	18.5909	2.38221	149.845
			*MESH_VERTEX 149	25.8946	-8.12617	90.901
			*MESH_VERTEX 150	22.1934	-1.0693	107.554
			*MESH_VERTEX 151	20.6393	-13.6137	8.15346
			*MESH_VERTEX 152	16.3869	-25.2712	1.21788
			*MESH_VERTEX 153	-5.84419	-1.61274	9.38472
			*MESH_VERTEX 154	-13.6734	-11.0714	12.0345
			*MESH_VERTEX 155	-10.1637	-15.5671	7.83849
			*MESH_VERTEX 156	-16.1816	-26.1105	0.971471
			*MESH_VERTEX 157	-34.2625	3.47778	121.177
			*MESH_VERTEX 158	12.4635	-18.1826	114.73
			*MESH_VERTEX 159	14.6874	-22.0749	61.8104
			*MESH_VERTEX 160	26.3476	-8.43088	118.655
			*MESH_VERTEX 161	15.8884	10.068	10.0067
			*MESH_VERTEX 162	18.3302	-6.28491	127.339
			*MESH_VERTEX 163	24.3616	-9.85308	126.996
			*MESH_VERTEX 164	-10.1519	-17.2019	140.272
			*MESH_VERTEX 165	7.83341	-19.298	55.2265
			*MESH_VERTEX 166	9.80658	-13.635	31.7044
			*MESH_VERTEX 167	0.0646616	-20.2665	139.987
			*MESH_VERTEX 168	-13.6771	-24.1023	62.0987
			*MESH_VERTEX 169	21.283	-5.25411	153.774
			*MESH_VERTEX 170	24.5591	-12.9802	144.652
			*MESH_VERTEX 171	-8.52641	3.48705	154.606
			*MESH_VERTEX 172	-7.44792	-1.62785	60.3117
			*MESH_VERTEX 173	30.7606	2.39544	106.651
			*MESH_VERTEX 174	29.051	-5.9495	86.6966
			*MESH_VERTEX 175	-23.8584	-13.3973	144.69
			*MESH_VERTEX 176	-6.54637	-4.5803	164.744
			*MESH_VERTEX 177	27.7347	-4.69623	83.706
			*MESH_VERTEX 178	-29.0618	-5.93059	86.6926
			*MESH_VERTEX 179	-27.7447	-4.68219	83.6922
			*MESH_VERTEX 180	-26.1969	-14.8647	79.1447
			*MESH_VERTEX 181	-23.4284	-14.1367	77.9454
			*MESH_VERTEX 182	-26.2542	-15.8374	84.2415
			*MESH_VERTEX 183	-24.9324	-16.2096	78.6259
			*MESH_VERTEX 184	26.1968	-14.8649	79.1448
			*MESH_VERTEX 185	23.4284	-14.1369	77.9455
			*MESH_VERTEX 186	26.2498	-15.8528	84.2291
			*MESH_VERTEX 187	24.9324	-16.2097	78.6259
			*MESH_VERTEX 188	-16.87	4.12694	17.2545
			*MESH_VERTEX 189	-18.7516	-10.1048	60.3672
			*MESH_VERTEX 190	-9.63014	4.47978	104.225
			*MESH_VERTEX 191	-5.68149	-0.784131	15.5951
			*MESH_VERTEX 192	32.3924	2.57102	119.769
			*MESH_VERTEX 193	-7.07345	-21.0992	55.5081
			*MESH_VERTEX 194	-8.3545	-14.587	31.4323
			*MESH_VERTEX 195	24.5018	-12.9299	78.2554
			*MESH_VERTEX 196	-24.5018	-12.9297	78.2554
			*MESH_VERTEX 197	6.41696	-4.90224	164.851
			*MESH_VERTEX 198	-15.67	-2.28966	60.7784
			*MESH_VERTEX 199	-25.1243	6.49976	132.341
			*MESH_VERTEX 200	-18.0136	5.70267	128.878
			*MESH_VERTEX 201	-16.451	-0.840581	126.902
			*MESH_VERTEX 202	11.4288	-14.6359	7.83752
			*MESH_VERTEX 203	2.16604	-10.8646	83.7064
			*MESH_VERTEX 204	20.2414	-22.0874	-0.159646
			*MESH_VERTEX 205	-17.8904	3.23437	148.399
			*MESH_VERTEX 206	11.2573	-3.12207	156.328
			*MESH_VERTEX 207	-31.7572	-6.72883	119.469
			*MESH_VERTEX 208	-18.1697	-12.4819	144.352
			*MESH_VERTEX 209	34.3082	-2.4404	120.525
			*MESH_VERTEX 210	-26.6945	-5.95222	118.176
			*MESH_VERTEX 211	17.4121	2.03786	135.131
			*MESH_VERTEX 212	16.565	-0.769652	126.963
			*MESH_VERTEX 213	15.5118	-0.132804	61.015
			*MESH_VERTEX 214	-7.03789	4.9262	0.216065
			*MESH_VERTEX 215	-14.6769	6.81418	16.6641
			*MESH_VERTEX 216	-32.2134	-6.61912	86.1947
			*MESH_VERTEX 217	26.6565	-5.92191	118.461
			*MESH_VERTEX 218	17.8719	-6.38191	117.2
			*MESH_VERTEX 219	-3.16342	1.13366	84.1672
			*MESH_VERTEX 220	-11.8005	-23.5583	-0.350038
			*MESH_VERTEX 221	0.0449268	3.39776	156.163
			*MESH_VERTEX 222	-17.7725	-7.33145	117.041
			*MESH_VERTEX 223	-12.0584	5.99268	126
			*MESH_VERTEX 224	-2.03535	-18.5366	85.4368
			*MESH_VERTEX 225	-29.4229	5.19739	119.897
			*MESH_VERTEX 226	29.501	5.26251	119.675
			*MESH_VERTEX 227	-10.6668	-3.30353	155.925
			*MESH_VERTEX 228	3.05189	-7.40985	60.0274
			*MESH_VERTEX 229	15.78	7.34201	16.9337
			*MESH_VERTEX 230	0.0522288	1.7762	167.419
			*MESH_VERTEX 231	-0.000157377	6.01493	116.514
			*MESH_VERTEX 232	2.80815	-19.039	85.215
			*MESH_VERTEX 233	-9.85017	9.4498	10.4927
			*MESH_VERTEX 234	18.9933	6.13341	-0.285357
			*MESH_VERTEX 235	2.93473	1.60534	84.48
			*MESH_VERTEX 236	19.974	-9.79288	85.8688
			*MESH_VERTEX 237	-23.887	-16.0301	83.6115
			*MESH_VERTEX 238	-18.0701	-6.27492	137.346
			*MESH_VERTEX 239	23.8834	-16.0452	83.5949
			*MESH_VERTEX 240	-19.461	-0.729597	117.793
			*MESH_VERTEX 241	19.4698	-0.669554	117.955
			*MESH_VERTEX 242	16.0472	-4.32422	136.623
			*MESH_VERTEX 243	18.1181	-6.46457	137.421
			*MESH_VERTEX 244	34.4419	0.42976	107.331
			*MESH_VERTEX 245	-12.3688	-19.229	127.331
			*MESH_VERTEX 246	-30.0659	-12.871	92.5863
			*MESH_VERTEX 247	-0.00292766	-22.9299	109.137
			*MESH_VERTEX 248	-0.261554	-24.1185	126.759
			*MESH_VERTEX 249	18.8549	-12.523	144.549
			*MESH_VERTEX 250	31.2466	-6.02826	90.5243
			*MESH_VERTEX 251	32.1919	-10.0375	91.9037
			*MESH_VERTEX 252	30.0986	2.63241	132.602
			*MESH_VERTEX 253	-13.4887	-7.30956	15.4143
			*MESH_VERTEX 254	-9.61256	-7.2192	15.162
			*MESH_VERTEX 255	-30.69	2.27898	106.696
			*MESH_VERTEX 256	-29.9451	2.75515	132.483
			*MESH_VERTEX 257	25.3138	6.4173	132.545
			*MESH_VERTEX 258	18.1715	5.73553	129.067
			*MESH_VERTEX 259	-21.2119	-13.0045	-0.12647
			*MESH_VERTEX 260	25.9628	7.78779	131.916
			*MESH_VERTEX 261	-20.3134	-9.40533	85.4743
			*MESH_VERTEX 262	-25.7748	7.86075	131.688
			*MESH_VERTEX 263	11.5985	-6.90159	14.7637
			*MESH_VERTEX 264	-17.4363	-6.78338	125.918
			*MESH_VERTEX 265	17.5239	-6.70301	125.864
			*MESH_VERTEX 266	24.6106	-14.5849	88.5846
			*MESH_VERTEX 267	10.2994	3.29246	103.532
			*MESH_VERTEX 268	-0.13145	7.17129	93.174
			*MESH_VERTEX 269	-17.6453	2.32204	134.968
			*MESH_VERTEX 270	13.6683	6.43458	37.6273
			*MESH_VERTEX 271	5.0877	1.98917	35.0796
			*MESH_VERTEX 272	-5.63916	-1.93833	15.9456
			*MESH_VERTEX 273	-8.81269	6.70604	16.356
			*MESH_VERTEX 274	32.6941	-4.86743	130.222
			*MESH_VERTEX 275	30.0637	-12.8718	92.5879
			*MESH_VERTEX 276	-24.6193	-14.5651	88.5803
			*MESH_VERTEX 277	-6.79862	2.88444	17.3605
			*MESH_VERTEX 278	-17.6699	-7.0687	124.937
			*MESH_VERTEX 279	0.113997	6.04093	104.431
			*MESH_VERTEX 280	12.2909	-18.9024	127.263
			*MESH_VERTEX 281	6.61335	-0.150409	15.385
			*MESH_VERTEX 282	-4.06383	1.43485	34.9093
			*MESH_VERTEX 283	-11.2707	5.18516	37.7493
			*MESH_VERTEX 284	-18.9124	-0.0193366	35.5353
			*MESH_VERTEX 285	6.41799	-10.7863	151.017
			*MESH_VERTEX 286	-4.5941	-23.2567	86.4957
			*MESH_VERTEX 287	-4.43992	-21.4443	97.1973
			*MESH_VERTEX 288	31.0915	3.65033	131.65
			*MESH_VERTEX 289	-0.0515555	-9.50779	162.479
			*MESH_VERTEX 290	-16.9712	-3.85693	134.775
			*MESH_VERTEX 291	-18.485	4.463	129.768
			*MESH_VERTEX 292	-31.2269	-4.72058	131.292
			*MESH_VERTEX 293	-30.9395	3.74963	131.521
			*MESH_VERTEX 294	-32.5948	-4.79336	130.275
			*MESH_VERTEX 295	-14.5883	0.851028	96.7042
			*MESH_VERTEX 296	-7.65883	6.49222	98.1168
			*MESH_VERTEX 297	-0.00152085	5.69388	148.608
			*MESH_VERTEX 298	-23.9499	-8.94896	128.643
			*MESH_VERTEX 299	24.0206	-8.94153	128.522
			*MESH_VERTEX 300	-28.531	-17.4064	80.039
			*MESH_VERTEX 301	31.3222	-4.81952	131.248
			*MESH_VERTEX 302	28.5309	-17.4065	80.0391
			*MESH_VERTEX 303	-21.9423	-7.00137	109.145
			*MESH_VERTEX 304	18.0648	-6.44436	125.185
			*MESH_VERTEX 305	11.924	6.36713	126.091
			*MESH_VERTEX 306	32.2545	-1.72923	119.439
			*MESH_VERTEX 307	-32.2136	-1.76713	119.552
			*MESH_VERTEX 308	-18.7033	-1.72394	15.1478
			*MESH_VERTEX 309	-5.97408	-4.41655	155.987
			*MESH_VERTEX 310	17.6104	-10.2477	135.293
			*MESH_VERTEX 311	16.8809	-4.21641	134.945
			*MESH_VERTEX 312	18.6452	4.48364	129.933
			*MESH_VERTEX 313	-34.373	0.313522	107.377
			*MESH_VERTEX 314	22.0119	-6.85734	109.173
			*MESH_VERTEX 315	-10.088	0.598333	109.667
			*MESH_VERTEX 316	34.1572	-4.02324	108.561
			*MESH_VERTEX 317	-26.9225	-9.24795	109.862
			*MESH_VERTEX 318	-22.4007	-0.279359	117.996
			*MESH_VERTEX 319	24.8421	2.54514	106.597
			*MESH_VERTEX 320	22.4143	-0.229396	118.084
			*MESH_VERTEX 321	-17.5435	-9.86397	135.154
			*MESH_VERTEX 322	7.65277	5.46018	97.5746
			*MESH_VERTEX 323	-23.6512	5.24018	139.249
			*MESH_VERTEX 324	7.15344	0.169339	15.4004
			*MESH_VERTEX 325	9.0049	7.05345	16.3224
			*MESH_VERTEX 326	-24.7694	2.42146	106.625
			*MESH_VERTEX 327	32.2029	-6.63647	86.2013
			*MESH_VERTEX 328	-29.1312	-8.91973	128.911
			*MESH_VERTEX 329	29.2087	-8.9449	128.781
			*MESH_VERTEX 330	-0.15154	7.59894	125.532
			*MESH_VERTEX 331	-5.56006	-10.942	150.774
			*MESH_VERTEX 332	-3.29933	-4.85605	32.9594
			*MESH_VERTEX 333	26.9895	-9.1045	109.891
			*MESH_VERTEX 334	-31.2434	-6.03184	90.5261
			*MESH_VERTEX 335	4.32655	-21.9582	97.5583
			*MESH_VERTEX 336	14.0056	1.02262	96.2259
			*MESH_VERTEX 337	25.7049	4.23195	115.679
			*MESH_VERTEX 338	23.2085	-0.425338	116.036
			*MESH_VERTEX 339	-33.5629	-8.86037	79.7051
			*MESH_VERTEX 340	33.5604	-8.85866	79.7221
			*MESH_VERTEX 341	11.2886	-7.84903	153.859
			*MESH_VERTEX 342	18.8842	0.428522	16.6887
			*MESH_VERTEX 343	15.9274	-6.83138	15.2882
			*MESH_VERTEX 344	-25.6919	4.134	115.49
			*MESH_VERTEX 345	-23.1667	-0.485269	116.083
			*MESH_VERTEX 346	-13.9358	-17.8967	98.7426
			*MESH_VERTEX 347	31.8988	-7.76146	109.66
			*MESH_VERTEX 348	19.6109	1.75919	35.4011
			*MESH_VERTEX 349	18.9956	-7.66481	99.9748
			*MESH_VERTEX 350	-31.8326	-7.89715	109.652
			*MESH_VERTEX 351	-17.003	-0.196085	16.8152
			*MESH_VERTEX 352	-17.363	-1.19326	128.242
			*MESH_VERTEX 353	17.4797	-1.13976	128.291
			*MESH_VERTEX 354	22.6988	5.89627	140.079
			*MESH_VERTEX 355	-22.2962	-11.3147	137.036
			*MESH_VERTEX 356	20.0844	-4.44763	35.295
			*MESH_VERTEX 357	15.1698	-14.2671	33.0066
			*MESH_VERTEX 358	-0.000141889	6.01036	152.477
			*MESH_VERTEX 359	28.4133	-5.22556	90.2765
			*MESH_VERTEX 360	-19.2585	-6.12859	98.8994
			*MESH_VERTEX 361	23.1085	-4.25673	116.699
			*MESH_VERTEX 362	-20.678	-13.1809	140.989
			*MESH_VERTEX 363	22.273	-11.5056	136.956
			*MESH_VERTEX 364	-32.5358	1.67466	116.509
			*MESH_VERTEX 365	12.7384	-18.2354	109.62
			*MESH_VERTEX 366	-28.41	-5.22614	90.2836
			*MESH_VERTEX 367	-23.053	-4.29364	116.873
			*MESH_VERTEX 368	29.9384	-7.35252	141.017
			*MESH_VERTEX 369	15.2086	-19.3802	56.059
			*MESH_VERTEX 370	-19.3305	-6.21294	34.5098
			*MESH_VERTEX 371	-13.8642	-15.7698	32.1568
			*MESH_VERTEX 372	-0.0171716	7.25709	98.9405
			*MESH_VERTEX 373	17.5645	-3.39176	91.4112
			*MESH_VERTEX 374	9.55214	1.31037	109.81
			*MESH_VERTEX 375	0.0197491	3.31564	110.002
			*MESH_VERTEX 376	-13.7133	-20.4535	87.3127
			*MESH_VERTEX 377	-14.2803	-21.662	55.8691
			*MESH_VERTEX 378	19.5597	-0.421354	15.2791
			*MESH_VERTEX 379	-28.7527	1.45945	142.069
			*MESH_VERTEX 380	32.5465	1.78536	116.726
			*MESH_VERTEX 381	21.2934	-13.0725	141.108
			*MESH_VERTEX 382	4.2824	-4.09764	33.0196
			*MESH_VERTEX 383	-16.17	-7.28539	109.423
			*MESH_VERTEX 384	-12.3642	-19.1342	109.403
			*MESH_VERTEX 385	26.3378	-11.6025	139.099
			*MESH_VERTEX 386	16.1853	-6.15336	109.757
			*MESH_VERTEX 387	-26.3587	-11.3882	139.206
			*MESH_VERTEX 388	-29.9003	-7.13268	141.105
			*MESH_VERTEX 389	32.2583	-1.85771	117.353
			*MESH_VERTEX 390	30.3848	-4.74529	117.581
			*MESH_VERTEX 391	12.9715	1.96557	90.4754
			*MESH_VERTEX 392	28.8971	1.27683	142.072
			*MESH_VERTEX 393	-12.835	2.01695	90.189
			*MESH_VERTEX 394	-32.2325	-1.94004	117.283
			*MESH_VERTEX 395	-30.3426	-4.80423	117.649
			*MESH_VERTEX 396	14.0396	-20.0317	87.1203
			*MESH_VERTEX 397	5.07532	-23.2192	86.0969
			*MESH_VERTEX 398	-30.0163	4.15296	115.909
			*MESH_VERTEX 399	26.781	-6.04125	117.413
			*MESH_VERTEX 400	-26.727	-6.08071	117.582
			*MESH_VERTEX 401	13.531	-18.5618	100.28
			*MESH_VERTEX 402	-0.00891366	-23.0054	114.614
			*MESH_VERTEX 403	-0.048127	7.69843	138.273
			*MESH_VERTEX 404	30.0172	4.26915	116.195
			*MESH_VERTEX 405	-17.3696	-4.09903	90.2271
			*MESH_VERTEX 406	-0.203643	5.3785	88.6164
		}
		*MESH_FACE_LIST {
			*MESH_FACE    0:    A:    397 B:    2 C:    23 AB:    1 BC:    1 CA:    1	 *MESH_SMOOTHING 1 	*MESH_MTLID 0
			*MESH_FACE    1:    A:    391 B:    373 C:    236 AB:    1 BC:    1 CA:    1	 *MESH_SMOOTHING 1 	*MESH_MTLID 0
			*MESH_FACE    2:    A:    384 B:    383 C:    360 AB:    1 BC:    1 CA:    1	 *MESH_SMOOTHING 1 	*MESH_MTLID 0
			*MESH_FACE    3:    A:    247 B:    384 C:    287 AB:    1 BC:    1 CA:    1	 *MESH_SMOOTHING 1 	*MESH_MTLID 0
			*MESH_FACE    4:    A:    167 B:    164 C:    245 AB:    1 BC:    1 CA:    1	 *MESH_SMOOTHING 1 	*MESH_MTLID 0
			*MESH_FACE    5:    A:    223 B:    140 C:    403 AB:    1 BC:    1 CA:    1	 *MESH_SMOOTHING 1 	*MESH_MTLID 0
			*MESH_FACE    6:    A:    373 B:    349 C:    236 AB:    1 BC:    1 CA:    1	 *MESH_SMOOTHING 1 	*MESH_MTLID 0
			*MESH_FACE    7:    A:    193 B:    194 C:    332 AB:    1 BC:    1 CA:    1	 *MESH_SMOOTHING 1 	*MESH_MTLID 0
			*MESH_FACE    8:    A:    376 B:    168 C:    2 AB:    1 BC:    1 CA:    1	 *MESH_SMOOTHING 1 	*MESH_MTLID 0
			*MESH_FACE    9:    A:    168 B:    376 C:    261 AB:    1 BC:    1 CA:    1	 *MESH_SMOOTHING 1 	*MESH_MTLID 0
			*MESH_FACE    10:    A:    154 B:    134 C:    111 AB:    1 BC:    1 CA:    1	 *MESH_SMOOTHING 1 	*MESH_MTLID 0
			*MESH_FACE    11:    A:    46 B:    214 C:    153 AB:    1 BC:    1 CA:    1	 *MESH_SMOOTHING 1 	*MESH_MTLID 0
			*MESH_FACE    12:    A:    58 B:    110 C:    332 AB:    1 BC:    1 CA:    1	 *MESH_SMOOTHING 1 	*MESH_MTLID 0
			*MESH_FACE    13:    A:    270 B:    271 C:    77 AB:    1 BC:    1 CA:    1	 *MESH_SMOOTHING 1 	*MESH_MTLID 0
			*MESH_FACE    14:    A:    236 B:    396 C:    159 AB:    1 BC:    1 CA:    1	 *MESH_SMOOTHING 1 	*MESH_MTLID 0
			*MESH_FACE    15:    A:    14 B:    54 C:    122 AB:    1 BC:    1 CA:    1	 *MESH_SMOOTHING 1 	*MESH_MTLID 0
			*MESH_FACE    16:    A:    234 B:    91 C:    122 AB:    1 BC:    1 CA:    1	 *MESH_SMOOTHING 1 	*MESH_MTLID 0
			*MESH_FACE    17:    A:    297 B:    205 C:    171 AB:    1 BC:    1 CA:    1	 *MESH_SMOOTHING 1 	*MESH_MTLID 0
			*MESH_FACE    18:    A:    162 B:    310 C:    311 AB:    1 BC:    1 CA:    1	 *MESH_SMOOTHING 1 	*MESH_MTLID 0
			*MESH_FACE    19:    A:    170 B:    249 C:    381 AB:    1 BC:    1 CA:    1	 *MESH_SMOOTHING 1 	*MESH_MTLID 0
			*MESH_FACE    20:    A:    198 B:    283 C:    284 AB:    1 BC:    1 CA:    1	 *MESH_SMOOTHING 1 	*MESH_MTLID 0
			*MESH_FACE    21:    A:    272 B:    22 C:    84 AB:    1 BC:    1 CA:    1	 *MESH_SMOOTHING 1 	*MESH_MTLID 0
			*MESH_FACE    22:    A:    20 B:    112 C:    351 AB:    1 BC:    1 CA:    1	 *MESH_SMOOTHING 1 	*MESH_MTLID 0
			*MESH_FACE    23:    A:    109 B:    22 C:    272 AB:    1 BC:    1 CA:    1	 *MESH_SMOOTHING 1 	*MESH_MTLID 0
			*MESH_FACE    24:    A:    109 B:    9 C:    22 AB:    1 BC:    1 CA:    1	 *MESH_SMOOTHING 1 	*MESH_MTLID 0
