*3DSMAX_ASCIIEXPORT	110
*COMMENT "[ GothicSourcer v3.10 ] - August 2006"
*SCENE {
	*SCENE_FILENAME "ARMOR_KDF_L.MAX"
	*SCENE_FIRSTFRAME 0
	*SCENE_LASTFRAME 100
	*SCENE_FRAMESPEED 25
	*SCENE_TICKSPERFRAME 192
	*SCENE_BACKGROUND_STATIC 0	0	0
	*SCENE_AMBIENT_STATIC 0.2	0.2	0.2
}
*MATERIAL_LIST {
	*MATERIAL_COUNT 1
	*MATERIAL 0 {
		*MATERIAL_NAME "Compound Material #1"
		*MATERIAL_CLASS "Multi/Sub-Object"
		*NUMSUBMTLS 2
		*SUBMATERIAL 0 {
			*MATERIAL_NAME "KDFL"
			*MATERIAL_CLASS "Standard"
			*MATERIAL_AMBIENT 0.164706	0.0627451	0.054902
			*MATERIAL_DIFFUSE 0.164706	0.0627451	0.054902
			*MATERIAL_SPECULAR 0.9	0.9	0.9
			*MATERIAL_SHINE 0.1
			*MATERIAL_SHINESTRENGTH 0
			*MATERIAL_TRANSPARENCY 0
			*MATERIAL_WIRESIZE 1
			*MATERIAL_SHADING Blinn
			*MATERIAL_XP_FALLOFF 0
			*MATERIAL_SELFILLUM 0
			*MATERIAL_FALLOFF In
			*MATERIAL_XP_TYPE Filter
			*MAP_DIFFUSE {
				*MAP_NAME "Map #1-1"
				*MAP_CLASS "Bitmap"
				*MAP_SUBNO 1
				*MAP_AMOUNT 1
				*BITMAP "HUM_KDFL.TGA"
				*MAP_TYPE Screen
				*UVW_U_OFFSET 0
				*UVW_V_OFFSET 0
				*UVW_U_TILING 1
				*UVW_V_TILING 1
				*UVW_ANGLE 0
				*UVW_BLUR 1
				*UVW_BLUR_OFFSET 0
				*UVW_NOUSE_AMT 1
				*UVW_NOISE_SIZE 1
				*UVW_NOISE_LEVEL 1
				*UVW_NOISE_PHASE 0
				*BITMAP_FILTER Pyramidal
			}
		}
		*SUBMATERIAL 1 {
			*MATERIAL_NAME "NAKED"
			*MATERIAL_CLASS "Standard"
			*MATERIAL_AMBIENT 0.509804	0.407843	0.305882
			*MATERIAL_DIFFUSE 0.509804	0.407843	0.305882
			*MATERIAL_SPECULAR 0.9	0.9	0.9
			*MATERIAL_SHINE 0.1
			*MATERIAL_SHINESTRENGTH 0
			*MATERIAL_TRANSPARENCY 0
			*MATERIAL_WIRESIZE 1
			*MATERIAL_SHADING Blinn
			*MATERIAL_XP_FALLOFF 0
			*MATERIAL_SELFILLUM 0
			*MATERIAL_FALLOFF In
			*MATERIAL_XP_TYPE Filter
			*MAP_DIFFUSE {
				*MAP_NAME "Map #1-2"
				*MAP_CLASS "Bitmap"
				*MAP_SUBNO 1
				*MAP_AMOUNT 1
				*BITMAP "HUM_BODY_NAKED_V0_C0.TGA"
				*MAP_TYPE Screen
				*UVW_U_OFFSET 0
				*UVW_V_OFFSET 0
				*UVW_U_TILING 1
				*UVW_V_TILING 1
				*UVW_ANGLE 0
				*UVW_BLUR 1
				*UVW_BLUR_OFFSET 0
				*UVW_NOUSE_AMT 1
				*UVW_NOISE_SIZE 1
				*UVW_NOISE_LEVEL 1
				*UVW_NOISE_PHASE 0
				*BITMAP_FILTER Pyramidal
			}
		}
	}
}
*HELPEROBJECT {
	*NODE_NAME "Bip01"
	*NODE_TM {
		*NODE_NAME "Bip01"
		*TM_ROW0 6.27438e-006	-1	0
		*TM_ROW1 1	6.27438e-006	0
		*TM_ROW2 -0	-0	1
		*TM_ROW3 0	-7.37745	99.9496
		*TM_POS 0	-7.37745	99.9496
		*TM_ROTAXIS 0	0	1
		*TM_ROTANGLE 1.57079
		*TM_SCALE 1	1	1
		*TM_SCALEAXIS 0	0	0
		*TM_SCALEAXISANG 0	0	0
	}
}
*HELPEROBJECT {
	*NODE_NAME "Bip01 Pelvis"
	*NODE_PARENT "Bip01"
	*NODE_TM {
		*NODE_NAME "Bip01 Pelvis"
		*TM_ROW0 -5.96014e-008	1.79264e-006	1
		*TM_ROW1 -1.79264e-006	-1	1.79264e-006
		*TM_ROW2 1	-1.79264e-006	-5.96014e-008
		*TM_ROW3 1e-005	-8.0113	99.9496
		*TM_POS 1e-005	-8.0113	99.9496
		*TM_ROTAXIS 0.707107	0	0.707107
		*TM_ROTANGLE 3.1416
		*TM_SCALE 1	1	1
		*TM_SCALEAXIS 0	0	0
		*TM_SCALEAXISANG 0	0	0
	}
}
*HELPEROBJECT {
	*NODE_NAME "Bip01 Spine"
	*NODE_PARENT "Bip01 Pelvis"
	*NODE_TM {
		*NODE_NAME "Bip01 Spine"
		*TM_ROW0 6.6944e-008	-0.0205947	0.999788
		*TM_ROW1 5.48642e-006	-0.999788	-0.0205947
		*TM_ROW2 1	5.48642e-006	6.6944e-008
		*TM_ROW3 1e-005	-7.92216	102.35
		*TM_POS 1e-005	-7.92216	102.35
		*TM_ROTAXIS 0.707088	-0.00727998	0.707088
		*TM_ROTANGLE 3.12703
		*TM_SCALE 1	1	1
		*TM_SCALEAXIS 0	0	0
		*TM_SCALEAXISANG 0	0	0
	}
}
*HELPEROBJECT {
	*NODE_NAME "Bip01 Spine1"
	*NODE_PARENT "Bip01 Spine"
	*NODE_TM {
		*NODE_NAME "Bip01 Spine1"
		*TM_ROW0 6.76996e-008	-0.00276992	0.999996
		*TM_ROW1 -1.92621e-006	-0.999996	-0.00276991
		*TM_ROW2 1	-1.92621e-006	6.76996e-008
		*TM_ROW3 1e-005	-8.11442	112.175
		*TM_POS 1e-005	-8.11442	112.175
		*TM_ROTAXIS -0.707107	0.000979995	-0.707106
		*TM_ROTANGLE 3.14355
		*TM_SCALE 1	1	1
		*TM_SCALEAXIS 0	0	0
		*TM_SCALEAXISANG 0	0	0
	}
}
*HELPEROBJECT {
	*NODE_NAME "Bip01 Spine2"
	*NODE_PARENT "Bip01 Spine1"
	*NODE_TM {
		*NODE_NAME "Bip01 Spine2"
		*TM_ROW0 3.48622e-008	0.180243	0.983622
		*TM_ROW1 1.67638e-006	-0.983622	0.180243
		*TM_ROW2 1	1.67638e-006	3.48621e-008
		*TM_ROW3 1e-005	-8.1264	124.961
		*TM_POS 1e-005	-8.1264	124.961
		*TM_ROTAXIS 0.705652	0.0641202	0.705652
		*TM_ROTANGLE 3.26966
		*TM_SCALE 1	1	1
		*TM_SCALEAXIS 0	0	0
		*TM_SCALEAXISANG 0	0	0
	}
}
*HELPEROBJECT {
	*NODE_NAME "Bip01 Neck"
	*NODE_PARENT "Bip01 Spine2"
	*NODE_TM {
		*NODE_NAME "Bip01 Neck"
		*TM_ROW0 6.08698e-007	-0.167043	0.98595
		*TM_ROW1 4.70132e-006	-0.98595	-0.167043
		*TM_ROW2 1	4.70132e-006	6.08698e-007
		*TM_ROW3 -2.11471e-012	-2.71656	154.454
		*TM_POS -2.11471e-012	-2.71656	154.454
		*TM_ROTAXIS -0.70586	0.05937	-0.705859
		*TM_ROTANGLE 3.2602
		*TM_SCALE 1	1	1
		*TM_SCALEAXIS 0	0	0
		*TM_SCALEAXISANG 0	0	0
	}
}
*HELPEROBJECT {
	*NODE_NAME "Bip01 Head"
	*NODE_PARENT "Bip01 Neck"
	*NODE_TM {
		*NODE_NAME "Bip01 Head"
		*TM_ROW0 -5.96015e-008	1.76921e-006	1
		*TM_ROW1 -1.79264e-006	-1	1.77916e-006
		*TM_ROW2 1	-1.79264e-006	-5.96014e-008
		*TM_ROW3 1.63729e-011	-3.85901	161.198
		*TM_POS 1.63729e-011	-3.85901	161.198
		*TM_ROTAXIS -0.707107	4.76653e-009	-0.707107
		*TM_ROTANGLE 3.14159
		*TM_SCALE 1	1	1
		*TM_SCALEAXIS 0	0	0
		*TM_SCALEAXISANG 0	0	0
	}
}
*HELPEROBJECT {
	*NODE_NAME "ZS_HELMET"
	*NODE_PARENT "Bip01 Head"
	*NODE_TM {
		*NODE_NAME "ZS_HELMET"
		*TM_ROW0 1	5.73874e-013	4.35659e-014
		*TM_ROW1 -4.07319e-013	0.996917	-0.0784593
		*TM_ROW2 -4.76109e-014	0.0784593	0.996918
		*TM_ROW3 1e-005	-7.06248	173.704
		*TM_POS 1e-005	-7.06248	173.704
		*TM_ROTAXIS 1	5.81045e-013	-6.25288e-012
		*TM_ROTANGLE 0.078541
		*TM_SCALE 1	1	1
		*TM_SCALEAXIS 0	0	0
		*TM_SCALEAXISANG 0	0	0
	}
}
*HELPEROBJECT {
	*NODE_NAME "Bip01 L Clavicle"
	*NODE_PARENT "Bip01 Neck"
	*NODE_TM {
		*NODE_NAME "Bip01 L Clavicle"
		*TM_ROW0 0.935229	-0.203893	-0.289439
		*TM_ROW1 0.156435	0.971369	-0.178803
		*TM_ROW2 0.317608	0.121943	0.940348
		*TM_ROW3 7.96399	-1.25804	148.729
		*TM_POS 7.96399	-1.25804	148.729
		*TM_ROTAXIS 0.391939	-0.791119	0.469589
		*TM_ROTANGLE 0.39376
		*TM_SCALE 1	1	1
		*TM_SCALEAXIS 0	0	0
		*TM_SCALEAXISANG 0	0	0
	}
}
*HELPEROBJECT {
	*NODE_NAME "Bip01 L UpperArm"
	*NODE_PARENT "Bip01 L Clavicle"
	*NODE_TM {
		*NODE_NAME "Bip01 L UpperArm"
		*TM_ROW0 0.246229	0.0989026	-0.964152
		*TM_ROW1 0.412789	0.889345	0.196649
		*TM_ROW2 0.876913	-0.446412	0.178157
		*TM_ROW3 20.4269	-3.97508	144.872
		*TM_POS 20.4269	-3.97508	144.872
		*TM_ROTAXIS -0.325561	-0.932072	0.15891
		*TM_ROTANGLE 1.41328
		*TM_SCALE 1	1	1
		*TM_SCALEAXIS 0	0	0
		*TM_SCALEAXISANG 0	0	0
	}
}
*HELPEROBJECT {
	*NODE_NAME "Bip01 L Forearm"
	*NODE_PARENT "Bip01 L UpperArm"
	*NODE_TM {
		*NODE_NAME "Bip01 L Forearm"
		*TM_ROW0 0.0455122	-0.291882	-0.955371
		*TM_ROW1 0.478489	0.845886	-0.235638
		*TM_ROW2 0.876913	-0.44641	0.17816
		*TM_ROW3 27.2982	-1.21526	117.966
		*TM_POS 27.2982	-1.21526	117.966
		*TM_ROTAXIS -0.10545	-0.916697	0.385419
		*TM_ROTANGLE 1.53601
		*TM_SCALE 1	1	1
		*TM_SCALEAXIS 0	0	0
		*TM_SCALEAXISANG 0	0	0
	}
}
*HELPEROBJECT {
	*NODE_NAME "Bip01 L Hand"
	*NODE_PARENT "Bip01 L Forearm"
	*NODE_TM {
		*NODE_NAME "Bip01 L Hand"
		*TM_ROW0 0.0455132	-0.291886	-0.95537
		*TM_ROW1 -0.876533	0.44708	-0.17835
		*TM_ROW2 0.479185	0.845531	-0.2355
		*TM_ROW3 28.5642	-9.33439	91.391
		*TM_POS 28.5642	-9.33439	91.391
		*TM_ROTAXIS 0.551391	-0.772552	-0.314851
		*TM_ROTANGLE 1.95137
		*TM_SCALE 1	1	1
		*TM_SCALEAXIS 0	0	0
		*TM_SCALEAXISANG 0	0	0
	}
}
*HELPEROBJECT {
	*NODE_NAME "Bip01 L Finger0"
	*NODE_PARENT "Bip01 L Hand"
	*NODE_TM {
		*NODE_NAME "Bip01 L Finger0"
		*TM_ROW0 0.0455152	-0.291888	-0.955369
		*TM_ROW1 -0.876915	0.446405	-0.178165
		*TM_ROW2 0.478485	0.845886	-0.235643
		*TM_ROW3 29.15	-13.0909	79.0956
		*TM_POS 29.15	-13.0909	79.0956
		*TM_ROTAXIS 0.551581	-0.772311	-0.31511
		*TM_ROTANGLE 1.95181
		*TM_SCALE 1	1	1
		*TM_SCALEAXIS 0	0	0
		*TM_SCALEAXISANG 0	0	0
	}
}
*HELPEROBJECT {
	*NODE_NAME "ZS_LEFTHAND"
	*NODE_PARENT "Bip01 L Hand"
	*NODE_TM {
		*NODE_NAME "ZS_LEFTHAND"
		*TM_ROW0 0.435606	0.890062	-0.134303
		*TM_ROW1 0.180312	-0.232461	-0.955745
		*TM_ROW2 -0.881893	0.392112	-0.261751
		*TM_ROW3 26.7605	-11.5468	82.7857
		*TM_POS 26.7605	-11.5468	82.7857
		*TM_ROTAXIS 0.794322	0.440571	-0.418271
		*TM_ROTANGLE 2.12858
		*TM_SCALE 1	1	1
		*TM_SCALEAXIS 0	0	0
		*TM_SCALEAXISANG 0	0	0
	}
}
*HELPEROBJECT {
	*NODE_NAME "ZS_LEFTARM"
	*NODE_PARENT "Bip01 L Forearm"
	*NODE_TM {
		*NODE_NAME "ZS_LEFTARM"
		*TM_ROW0 0.0759923	-0.150176	-0.985735
		*TM_ROW1 0.524499	0.846792	-0.0885736
		*TM_ROW2 0.848013	-0.510285	0.143117
		*TM_ROW3 26.9101	-7.67833	110.055
		*TM_POS 26.9101	-7.67833	110.055
		*TM_ROTAXIS -0.21097	-0.917372	0.337521
		*TM_ROTANGLE 1.53784
		*TM_SCALE 1	1	1
		*TM_SCALEAXIS 0	0	0
		*TM_SCALEAXISANG 0	0	0
	}
}
*HELPEROBJECT {
	*NODE_NAME "Bip01 R Clavicle"
	*NODE_PARENT "Bip01 Neck"
	*NODE_TM {
		*NODE_NAME "Bip01 R Clavicle"
		*TM_ROW0 -0.935227	-0.203899	-0.28944
		*TM_ROW1 -0.156442	0.971369	-0.178799
		*TM_ROW2 0.317609	-0.121937	-0.940349
		*TM_ROW3 -7.96398	-1.25806	148.729
		*TM_POS -7.96398	-1.25806	148.729
		*TM_ROTAXIS -0.0929799	0.992639	-0.0775999
		*TM_ROTANGLE 3.45235
		*TM_SCALE 1	1	1
		*TM_SCALEAXIS 0	0	0
		*TM_SCALEAXISANG 0	0	0
	}
}
*HELPEROBJECT {
	*NODE_NAME "Bip01 R UpperArm"
	*NODE_PARENT "Bip01 R Clavicle"
	*NODE_TM {
		*NODE_NAME "Bip01 R UpperArm"
		*TM_ROW0 -0.246232	0.0988932	-0.964153
		*TM_ROW1 -0.412793	0.889345	0.196642
		*TM_ROW2 0.876911	0.446415	-0.178163
		*TM_ROW3 -20.4269	-3.97513	144.872
		*TM_POS -20.4269	-3.97513	144.872
		*TM_ROTAXIS 0.12961	-0.955353	-0.265521
		*TM_ROTANGLE 1.84162
		*TM_SCALE 1	1	1
		*TM_SCALEAXIS 0	0	0
		*TM_SCALEAXISANG 0	0	0
	}
}
*HELPEROBJECT {
	*NODE_NAME "Bip01 R Forearm"
	*NODE_PARENT "Bip01 R UpperArm"
	*NODE_TM {
		*NODE_NAME "Bip01 R Forearm"
		*TM_ROW0 -0.0455087	-0.291889	-0.955369
		*TM_ROW1 -0.478487	0.845885	-0.235646
		*TM_ROW2 0.876915	0.446408	-0.17816
		*TM_ROW3 -27.2982	-1.21534	117.966
		*TM_POS -27.2982	-1.21534	117.966
		*TM_ROTAXIS 0.347279	-0.932937	-0.0950097
		*TM_ROTANGLE 1.76083
		*TM_SCALE 1	1	1
		*TM_SCALEAXIS 0	0	0
		*TM_SCALEAXISANG 0	0	0
	}
}
*HELPEROBJECT {
	*NODE_NAME "Bip01 R Hand"
	*NODE_PARENT "Bip01 R Forearm"
	*NODE_TM {
		*NODE_NAME "Bip01 R Hand"
		*TM_ROW0 -0.0455115	-0.291885	-0.95537
		*TM_ROW1 0.87653	0.447088	-0.17835
		*TM_ROW2 0.479192	-0.845527	0.235499
		*TM_ROW3 -28.5642	-9.33445	91.3911
		*TM_POS -28.5642	-9.33445	91.3911
		*TM_ROTAXIS -0.33922	-0.72939	0.59407
		*TM_ROTANGLE 1.75327
		*TM_SCALE 1	1	1
		*TM_SCALEAXIS 0	0	0
		*TM_SCALEAXISANG 0	0	0
	}
}
*HELPEROBJECT {
	*NODE_NAME "Bip01 R Finger0"
	*NODE_PARENT "Bip01 R Hand"
	*NODE_TM {
		*NODE_NAME "Bip01 R Finger0"
		*TM_ROW0 -0.0455056	-0.291877	-0.955373
		*TM_ROW1 0.876914	0.446413	-0.178152
		*TM_ROW2 0.478489	-0.845886	0.235636
		*TM_ROW3 -29.1499	-13.0909	79.0956
		*TM_POS -29.1499	-13.0909	79.0956
		*TM_ROTAXIS -0.33952	-0.729071	0.594291
		*TM_ROTANGLE 1.75354
		*TM_SCALE 1	1	1
		*TM_SCALEAXIS 0	0	0
		*TM_SCALEAXISANG 0	0	0
	}
}
*HELPEROBJECT {
	*NODE_NAME "ZS_RIGHTHAND"
	*NODE_PARENT "Bip01 R Hand"
	*NODE_TM {
		*NODE_NAME "ZS_RIGHTHAND"
		*TM_ROW0 -0.464344	0.856417	-0.225687
		*TM_ROW1 0.177861	0.339806	0.923525
		*TM_ROW2 0.867612	0.388692	-0.31011
		*TM_ROW3 -20.9389	-19.9852	85.8932
		*TM_POS -20.9389	-19.9852	85.8932
		*TM_ROTAXIS 0.383811	0.784581	0.486951
		*TM_ROTANGLE 3.91244
		*TM_SCALE 1	1	1
		*TM_SCALEAXIS 0	0	0
		*TM_SCALEAXISANG 0	0	0
	}
}
*HELPEROBJECT {
	*NODE_NAME "ZS_CROSSBOW"
	*NODE_PARENT "Bip01 Spine2"
	*NODE_TM {
		*NODE_NAME "ZS_CROSSBOW"
		*TM_ROW0 -0.382687	-0.111464	0.91713
		*TM_ROW1 -0.923878	0.0461715	-0.379891
		*TM_ROW2 -1.2517e-006	-0.992695	-0.120648
		*TM_ROW3 -14.434	10.5915	165.98
		*TM_POS -14.434	10.5915	165.98
		*TM_ROTAXIS -0.447329	0.669479	-0.593039
		*TM_ROTANGLE 2.38705
		*TM_SCALE 1	1	1
		*TM_SCALEAXIS 0	0	0
		*TM_SCALEAXISANG 0	0	0
	}
}
*HELPEROBJECT {
	*NODE_NAME "ZS_LONGSWORD"
	*NODE_PARENT "Bip01 Spine2"
	*NODE_TM {
		*NODE_NAME "ZS_LONGSWORD"
		*TM_ROW0 -0.499829	-0.0915011	0.861277
		*TM_ROW1 -0.865729	0.0828188	-0.493614
		*TM_ROW2 -0.0261636	-0.992355	-0.12061
		*TM_ROW3 -18.1593	6.92629	157.64
		*TM_POS -18.1593	6.92629	157.64
		*TM_ROTAXIS -0.38996	0.69388	-0.60536
		*TM_ROTANGLE 2.44778
		*TM_SCALE 1	1	1
		*TM_SCALEAXIS 0	0	0
		*TM_SCALEAXISANG 0	0	0
	}
}
*HELPEROBJECT {
	*NODE_NAME "ZS_SHIELD"
	*NODE_PARENT "Bip01 Spine2"
	*NODE_TM {
		*NODE_NAME "ZS_SHIELD"
		*TM_ROW0 -0.0138681	0.114196	-0.993362
		*TM_ROW1 -0.908393	0.413755	0.0602465
		*TM_ROW2 0.417888	0.903198	0.0979964
		*TM_ROW3 8.76511	9.5282	131.875
		*TM_POS 8.76511	9.5282	131.875
		*TM_ROTAXIS 0.435421	-0.728972	-0.528212
		*TM_ROTANGLE 1.82457
		*TM_SCALE 1	1	1
		*TM_SCALEAXIS 0	0	0
		*TM_SCALEAXISANG 0	0	0
	}
}
*HELPEROBJECT {
	*NODE_NAME "ZS_BOW"
	*NODE_PARENT "Bip01 Spine2"
	*NODE_TM {
		*NODE_NAME "ZS_BOW"
		*TM_ROW0 -0.341816	-0.0868229	0.935748
		*TM_ROW1 0.0119438	0.995242	0.0967059
		*TM_ROW2 -0.939691	0.044232	-0.339153
		*TM_ROW3 0.5012	12.4143	124.55
		*TM_POS 0.5012	12.4143	124.55
		*TM_ROTAXIS -0.0279299	0.998227	0.0525698
		*TM_ROTANGLE 1.92076
		*TM_SCALE 1	1	1
		*TM_SCALEAXIS 0	0	0
		*TM_SCALEAXISANG 0	0	0
	}
}
*HELPEROBJECT {
	*NODE_NAME "ZS_SWORD"
	*NODE_PARENT "Bip01 Spine"
	*NODE_TM {
		*NODE_NAME "ZS_SWORD"
		*TM_ROW0 5.79068e-007	-0.347172	0.937802
		*TM_ROW1 1.04308e-007	0.937802	0.347172
		*TM_ROW2 -1	-1.04308e-007	5.79068e-007
		*TM_ROW3 17.5015	-4.36211	106.367
		*TM_POS 17.5015	-4.36211	106.367
		*TM_ROTAXIS -0.17367	0.96937	0.17367
		*TM_ROTANGLE 1.6019
		*TM_SCALE 1	1	1
		*TM_SCALEAXIS 0	0	0
		*TM_SCALEAXISANG 0	0	0
	}
}
*HELPEROBJECT {
	*NODE_NAME "Bip01 L Thigh"
	*NODE_PARENT "Bip01 Pelvis"
	*NODE_TM {
		*NODE_NAME "Bip01 L Thigh"
		*TM_ROW0 0.0534879	-0.0367886	-0.997891
		*TM_ROW1 -0.00216181	-0.999323	0.0367256
		*TM_ROW2 -0.998566	0.000192882	-0.0535313
		*TM_ROW3 9.01023	-8.01129	99.9496
		*TM_POS 9.01023	-8.01129	99.9496
		*TM_ROTAXIS 0.72572	-0.01342	-0.68786
		*TM_ROTANGLE 3.16677
		*TM_SCALE 1	1	1
		*TM_SCALEAXIS 0	0	0
		*TM_SCALEAXISANG 0	0	0
	}
}
*HELPEROBJECT {
	*NODE_NAME "Bip01 L Calf"
	*NODE_PARENT "Bip01 L Thigh"
	*NODE_TM {
		*NODE_NAME "Bip01 L Calf"
		*TM_ROW0 0.0525131	0.197552	-0.978885
		*TM_ROW1 0.0103904	-0.980292	-0.197278
		*TM_ROW2 -0.998566	0.000188708	-0.0535307
		*TM_ROW3 11.1149	-9.45845	60.6877
		*TM_POS 11.1149	-9.45845	60.6877
		*TM_ROTAXIS 0.723901	0.0721501	-0.686121
		*TM_ROTANGLE 3.00478
		*TM_SCALE 1	1	1
		*TM_SCALEAXIS 0	0	0
		*TM_SCALEAXISANG 0	0	0
	}
}
*HELPEROBJECT {
	*NODE_NAME "Bip01 L Foot"
	*NODE_PARENT "Bip01 L Calf"
	*NODE_TM {
		*NODE_NAME "Bip01 L Foot"
		*TM_ROW0 -6.00563e-007	7.23674e-006	-1
		*TM_ROW1 0.173652	-0.984807	-7.2672e-006
		*TM_ROW2 -0.984807	-0.173652	-5.93313e-007
		*TM_ROW3 13.6935	0.240668	12.6267
		*TM_POS 13.6935	0.240668	12.6267
		*TM_ROTAXIS 0.705757	0.0617498	-0.705757
		*TM_ROTANGLE 3.26493
		*TM_SCALE 1	1	1
		*TM_SCALEAXIS 0	0	0
		*TM_SCALEAXISANG 0	0	0
	}
}
*HELPEROBJECT {
	*NODE_NAME "Bip01 L Toe0"
	*NODE_PARENT "Bip01 L Foot"
	*NODE_TM {
		*NODE_NAME "Bip01 L Toe0"
		*TM_ROW0 0.173646	-0.984808	5.05606e-006
		*TM_ROW1 5.06961e-006	5.93591e-006	1
		*TM_ROW2 -0.984808	-0.173646	5.91983e-006
		*TM_ROW3 17.6256	-22.0591	-2.43328e-006
		*TM_POS 17.6256	-22.0591	-2.43328e-006
		*TM_ROTAXIS -0.644398	0.540718	0.540718
		*TM_ROTANGLE 1.99673
		*TM_SCALE 1	1	1
		*TM_SCALEAXIS 0	0	0
		*TM_SCALEAXISANG 0	0	0
	}
}
*HELPEROBJECT {
	*NODE_NAME "Bip01 R Thigh"
	*NODE_PARENT "Bip01 Pelvis"
	*NODE_TM {
		*NODE_NAME "Bip01 R Thigh"
		*TM_ROW0 -0.0535034	-0.0367749	-0.99789
		*TM_ROW1 0.00205776	-0.999324	0.0367174
		*TM_ROW2 -0.998566	-8.89041e-005	0.0535432
		*TM_ROW3 -9.01021	-8.01132	99.9496
		*TM_POS -9.01021	-8.01132	99.9496
		*TM_ROTAXIS 0.687862	-0.01262	-0.725732
		*TM_ROTANGLE 3.16835
		*TM_SCALE 1	1	1
		*TM_SCALEAXIS 0	0	0
		*TM_SCALEAXISANG 0	0	0
	}
}
*HELPEROBJECT {
	*NODE_NAME "Bip01 R Calf"
	*NODE_PARENT "Bip01 R Thigh"
	*NODE_TM {
		*NODE_NAME "Bip01 R Calf"
		*TM_ROW0 -0.0525024	0.197539	-0.978888
		*TM_ROW1 -0.0104967	-0.980295	-0.19726
		*TM_ROW2 -0.998566	-8.16062e-005	0.0535415
		*TM_ROW3 -11.1154	-9.45856	60.6878
		*TM_POS -11.1154	-9.45856	60.6878
		*TM_ROTAXIS 0.686298	0.0684898	-0.724088
		*TM_ROTANGLE 2.99744
		*TM_SCALE 1	1	1
		*TM_SCALEAXIS 0	0	0
		*TM_SCALEAXISANG 0	0	0
	}
}
*HELPEROBJECT {
	*NODE_NAME "Bip01 R Foot"
	*NODE_PARENT "Bip01 R Calf"
	*NODE_TM {
		*NODE_NAME "Bip01 R Foot"
		*TM_ROW0 -5.86066e-007	-7.25461e-006	-1
		*TM_ROW1 -0.173652	-0.984807	7.24331e-006
		*TM_ROW2 -0.984807	0.173652	-5.91966e-007
		*TM_ROW3 -13.6935	0.24065	12.6267
		*TM_POS -13.6935	0.24065	12.6267
		*TM_ROTAXIS 0.705757	-0.0617498	-0.705757
		*TM_ROTANGLE 3.01826
		*TM_SCALE 1	1	1
		*TM_SCALEAXIS 0	0	0
		*TM_SCALEAXISANG 0	0	0
	}
}
*HELPEROBJECT {
	*NODE_NAME "Bip01 R Toe0"
	*NODE_PARENT "Bip01 R Foot"
	*NODE_TM {
		*NODE_NAME "Bip01 R Toe0"
		*TM_ROW0 -0.173651	-0.984807	3.50312e-006
		*TM_ROW1 3.50539e-006	3.00781e-006	1
		*TM_ROW2 -0.984808	0.173651	3.01546e-006
		*TM_ROW3 -17.6255	-22.0592	3.52698e-005
		*TM_POS -17.6255	-22.0592	3.52698e-005
		*TM_ROTAXIS 0.510271	-0.608121	-0.608121
		*TM_ROTANGLE 4.08526
		*TM_SCALE 1	1	1
		*TM_SCALEAXIS 0	0	0
		*TM_SCALEAXISANG 0	0	0
	}
}
*HELPEROBJECT {
	*NODE_NAME "Dummy"
	*NODE_PARENT "Bip01 L Finger0"
	*NODE_TM {
		*NODE_NAME "Dummy"
		*TM_ROW0 -1	-0	0
		*TM_ROW1 -0	-1	0
		*TM_ROW2 -0	-0	1
		*TM_ROW3 29.4428	-14.9691	72.9478
		*TM_POS 29.4428	-14.9691	72.9478
		*TM_ROTAXIS 0	0	-1
		*TM_ROTANGLE 3.14159
		*TM_SCALE 1	1	1
		*TM_SCALEAXIS 0	0	0
		*TM_SCALEAXISANG 0	0	0
	}
}
*HELPEROBJECT {
	*NODE_NAME "Dummy1"
	*NODE_PARENT "Bip01 R Finger0"
	*NODE_TM {
		*NODE_NAME "Dummy1"
		*TM_ROW0 -1	-0	0
		*TM_ROW1 -0	-1	0
		*TM_ROW2 -0	-0	1
		*TM_ROW3 -29.4428	-14.9692	72.9479
		*TM_POS -29.4428	-14.9692	72.9479
		*TM_ROTAXIS 0	0	-1
		*TM_ROTANGLE 3.14159
		*TM_SCALE 1	1	1
		*TM_SCALEAXIS 0	0	0
		*TM_SCALEAXISANG 0	0	0
	}
}
*HELPEROBJECT {
	*NODE_NAME "Dummy2"
	*NODE_PARENT "Bip01 L Toe0"
	*NODE_TM {
		*NODE_NAME "Dummy2"
		*TM_ROW0 -1	-0	0
		*TM_ROW1 -0	-1	0
		*TM_ROW2 -0	-0	1
		*TM_ROW3 19.5916	-33.209	-6.31336
		*TM_POS 19.5916	-33.209	-6.31336
		*TM_ROTAXIS 0	0	-1
		*TM_ROTANGLE 3.14159
		*TM_SCALE 1	1	1
		*TM_SCALEAXIS 0	0	0
		*TM_SCALEAXISANG 0	0	0
	}
}
*HELPEROBJECT {
	*NODE_NAME "Dummy3"
	*NODE_PARENT "Bip01 R Toe0"
	*NODE_TM {
		*NODE_NAME "Dummy3"
		*TM_ROW0 -1	-0	0
		*TM_ROW1 -0	-1	0
		*TM_ROW2 -0	-0	1
		*TM_ROW3 -19.5915	-33.2091	-6.31332
		*TM_POS -19.5915	-33.2091	-6.31332
		*TM_ROTAXIS 0	0	-1
		*TM_ROTANGLE 3.14159
		*TM_SCALE 1	1	1
		*TM_SCALEAXIS 0	0	0
		*TM_SCALEAXISANG 0	0	0
	}
}
*GEOMOBJECT {
	*NODE_NAME "zm_Skin"
	*NODE_PARENT "Bip01"
	*NODE_TM {
		*NODE_NAME "zm_Skin"
		*TM_ROW0 -1	-0	0
		*TM_ROW1 -0	-1	0
		*TM_ROW2 -0	-0	1
		*TM_ROW3 -0	-0	0
		*TM_POS -0	-0	0
		*TM_ROTAXIS 0	0	-1
		*TM_ROTANGLE 3.14159
		*TM_SCALE 1	1	1
		*TM_SCALEAXIS 0	0	0
		*TM_SCALEAXISANG 0	0	0
	}
	*MATERIAL_REF 0
	*MESH_SOFTSKIN {
		*TIMEVALUE 0
		*MESH_NUMVERTEX 297
		*MESH_NUMFACES 578
		*MESH_VERTEX_LIST {
			*MESH_VERTEX 0	-29.0122	-2.99818	4.72666
			*MESH_VERTEX 1	36.4089	3.14803	155.06
			*MESH_VERTEX 2	14.5761	-30.4852	7.61985
			*MESH_VERTEX 3	28.4849	4.76849	76.4084
			*MESH_VERTEX 4	4.61701	3.35093	93.6097
			*MESH_VERTEX 5	8.80363	22.6994	8.85727
			*MESH_VERTEX 6	-10.1687	0.00162261	131.063
			*MESH_VERTEX 7	-37.8412	-11.9787	86.073
			*MESH_VERTEX 8	-22.8998	-14.5175	134.187
			*MESH_VERTEX 9	-31.1833	14.8229	143.015
			*MESH_VERTEX 10	27.3376	-2.17205	4.40497
			*MESH_VERTEX 11	-30.8279	-5.08511	107.154
			*MESH_VERTEX 12	-32.1415	-17.07	94.8935
			*MESH_VERTEX 13	-36.2427	-3.63138	79.8281
			*MESH_VERTEX 14	-15.8833	15.4627	134.665
			*MESH_VERTEX 15	-35.8554	10.1629	149.29
			*MESH_VERTEX 16	13.4089	-19.4889	161.099
			*MESH_VERTEX 17	36.6126	-2.66644	79.5546
			*MESH_VERTEX 18	28.8344	-3.9403	106.998
			*MESH_VERTEX 19	31.4216	-17.8687	93.6603
			*MESH_VERTEX 20	19.9713	8.99117	132.979
			*MESH_VERTEX 21	17.3326	-13.0923	128.093
			*MESH_VERTEX 22	27.8614	-22.1295	143.046
			*MESH_VERTEX 23	12.084	-1.8887	109.962
			*MESH_VERTEX 24	26.4951	6.65501	145.105
			*MESH_VERTEX 25	27.0188	-9.90781	146.18
			*MESH_VERTEX 26	-13.6703	-31.3354	7.43093
			*MESH_VERTEX 27	-0.0124774	23.4745	163.403
			*MESH_VERTEX 28	-37.9285	3.91579	158.908
			*MESH_VERTEX 29	-0.0713074	-31.8541	140.282
			*MESH_VERTEX 30	-13.0533	-27.9322	26.811
			*MESH_VERTEX 31	-9.33098	-22.659	102.87
			*MESH_VERTEX 32	-6.84242	-23.2139	116.988
			*MESH_VERTEX 33	-0.824519	-26.572	118.998
			*MESH_VERTEX 34	13.3459	-28.5412	26.983
			*MESH_VERTEX 35	3.51386	-25.9695	103.339
			*MESH_VERTEX 36	-7.48744	-38.3389	17.3265
			*MESH_VERTEX 37	-20.4423	-6.86581	123.66
			*MESH_VERTEX 38	-24.4761	8.4087	138.466
			*MESH_VERTEX 39	-28.6855	-9.41776	145.087
			*MESH_VERTEX 40	-14.2024	-25.5172	123.837
			*MESH_VERTEX 41	-13.527	-19.4662	160.778
			*MESH_VERTEX 42	-17.0936	0.069073	162.646
			*MESH_VERTEX 43	-10.6747	-15.2143	158.581
			*MESH_VERTEX 44	-32.0337	3.23352	137.442
			*MESH_VERTEX 45	-19.1336	8.97168	133.518
			*MESH_VERTEX 46	-22.952	6.03491	133.333
			*MESH_VERTEX 47	10.4029	6.12275	167.66
			*MESH_VERTEX 48	12.2697	-0.0252296	158.659
			*MESH_VERTEX 49	0.066197	7.9749	152.79
			*MESH_VERTEX 50	-7.85137	-17.0939	163.281
			*MESH_VERTEX 51	-13.2519	-0.0198475	158.154
			*MESH_VERTEX 52	-19.1336	8.97168	133.518
			*MESH_VERTEX 53	-32.6078	10.1034	119.15
			*MESH_VERTEX 54	20.9821	5.85102	133.457
			*MESH_VERTEX 55	32.8989	2.95219	136.467
			*MESH_VERTEX 56	10.8361	0.22171	130.502
			*MESH_VERTEX 57	31.4106	8.20532	119.361
			*MESH_VERTEX 58	19.9713	8.99116	132.979
			*MESH_VERTEX 59	15.7243	-0.101042	167.874
			*MESH_VERTEX 60	10.6426	-15.3155	158.731
			*MESH_VERTEX 61	36.6714	-11.2477	158.562
			*MESH_VERTEX 62	38.8212	-5.1874	120.989
			*MESH_VERTEX 63	2.61295	6.93782	108.195
			*MESH_VERTEX 64	-13.3848	-1.64425	109.458
			*MESH_VERTEX 65	-5.01135	3.68256	94.1668
			*MESH_VERTEX 66	-12.0553	10.0856	81.8875
			*MESH_VERTEX 67	-0.439388	14.7978	119.419
			*MESH_VERTEX 68	-0.588113	10.418	123.308
			*MESH_VERTEX 69	-13.7307	-16.3	130.754
			*MESH_VERTEX 70	-21.5025	11.7117	8.76699
			*MESH_VERTEX 71	7.62748	28.9998	18.7341
			*MESH_VERTEX 72	7.30262	10.3807	56.0805
			*MESH_VERTEX 73	10.8769	19.8173	26.2205
			*MESH_VERTEX 74	-12.1639	19.118	25.7974
			*MESH_VERTEX 75	-7.66882	14.7513	55.304
			*MESH_VERTEX 76	-9.58961	28.4042	18.4347
			*MESH_VERTEX 77	8.75586	-37.8282	17.6114
			*MESH_VERTEX 78	-16.552	-12.3176	128.327
			*MESH_VERTEX 79	34.2532	8.87896	145.351
			*MESH_VERTEX 80	13.4055	-24.2917	119.783
			*MESH_VERTEX 81	12.4822	10.9399	82.0726
			*MESH_VERTEX 82	11.2065	-11.1399	96.6132
			*MESH_VERTEX 83	28.7218	11.9967	138.585
			*MESH_VERTEX 84	26.0603	14.4004	153.317
			*MESH_VERTEX 85	19.2825	-6.94717	124.221
			*MESH_VERTEX 86	20.8753	-14.6771	134.308
			*MESH_VERTEX 87	15.9138	-17.9524	132.679
			*MESH_VERTEX 88	-27.4533	-23.9358	146.903
			*MESH_VERTEX 89	-12.3068	-10.0492	97.7954
			*MESH_VERTEX 90	20.034	12.0621	8.0072
			*MESH_VERTEX 91	-5.52723	-23.6769	142.764
			*MESH_VERTEX 92	5.04764	-13.1499	160.132
			*MESH_VERTEX 93	-22.7759	11.5708	132.188
			*MESH_VERTEX 94	-18.4432	12.0713	156.667
			*MESH_VERTEX 95	-8.81253	13.0826	134.28
			*MESH_VERTEX 96	28.8215	-0.783899	149.124
			*MESH_VERTEX 97	-0.598603	3.90295	109.231
			*MESH_VERTEX 98	24.1704	-19.4781	4.7678
			*MESH_VERTEX 99	12.5904	-19.3811	116.607
			*MESH_VERTEX 100	15.3452	-9.44135	110.029
			*MESH_VERTEX 101	37.1723	3.86633	159.468
			*MESH_VERTEX 102	-14.1084	-21.7857	144.988
			*MESH_VERTEX 103	14.5046	2.77338	114.329
			*MESH_VERTEX 104	-36.3505	-11.472	158.355
			*MESH_VERTEX 105	15.4534	3.89766	119.828
			*MESH_VERTEX 106	8.2957	12.9834	134.546
			*MESH_VERTEX 107	17.777	11.9648	157.124
			*MESH_VERTEX 108	16.9907	-0.0192645	162.904
			*MESH_VERTEX 109	-11.333	6.28238	167.568
			*MESH_VERTEX 110	5.65834	-23.73	143.096
			*MESH_VERTEX 111	-25	-20.0286	4.69114
			*MESH_VERTEX 112	30.7879	-9.98941	116.632
			*MESH_VERTEX 113	37.705	-11.8345	85.173
			*MESH_VERTEX 114	5.1742	-2.97005	17.4583
			*MESH_VERTEX 115	-4.77752	-13.0493	160.029
			*MESH_VERTEX 116	-7.60508	-24.7267	118.294
			*MESH_VERTEX 117	8.09556	-17.1506	163.354
			*MESH_VERTEX 118	17.0959	-6.35402	116.005
			*MESH_VERTEX 119	-14.6111	1.99155	113.713
			*MESH_VERTEX 120	-17.1768	-8.98202	116.184
			*MESH_VERTEX 121	13.8922	-22.0562	146
			*MESH_VERTEX 122	28.9625	-24.2385	147.585
			*MESH_VERTEX 123	-39.2663	-5.06792	120.81
			*MESH_VERTEX 124	-30.4382	-11.6798	116.558
			*MESH_VERTEX 125	-5.55017	-29.1498	95.1442
			*MESH_VERTEX 126	-0.844966	-28.1438	106.959
			*MESH_VERTEX 127	-16.0472	-0.00446976	167.588
			*MESH_VERTEX 128	-13.7081	-19.1773	116.478
			*MESH_VERTEX 129	-35.4648	-10.676	154.082
			*MESH_VERTEX 130	-26.6358	-21.6405	142.41
			*MESH_VERTEX 131	-6.97387	-12.4381	155.647
			*MESH_VERTEX 132	-16.1874	6.65253	123.098
			*MESH_VERTEX 133	-0.546759	3.85216	116.192
			*MESH_VERTEX 134	30.1441	14.5004	142.872
			*MESH_VERTEX 135	-9.78259	22.0191	8.94877
			*MESH_VERTEX 136	-27.8644	7.1428	144.012
			*MESH_VERTEX 137	5.85458	-23.2706	117.023
			*MESH_VERTEX 138	6.32657	-24.7932	118.053
			*MESH_VERTEX 139	22.8606	7.95072	138.934
			*MESH_VERTEX 140	-37.0813	3.21328	154.514
			*MESH_VERTEX 141	-34.6418	9.15872	144.988
			*MESH_VERTEX 142	-7.35238	-26.4904	107.743
			*MESH_VERTEX 143	-28.1929	11.68	154.339
			*MESH_VERTEX 144	7.20734	-12.5218	155.722
			*MESH_VERTEX 145	-6.75966	-32.2854	55.6393
			*MESH_VERTEX 146	17.2674	9.27547	29.3901
			*MESH_VERTEX 147	14.9078	6.60971	123.681
			*MESH_VERTEX 148	-30.4265	-0.458467	148.248
			*MESH_VERTEX 149	-3.78573	6.86527	108.2
			*MESH_VERTEX 150	5.99658	15.3866	55.4655
			*MESH_VERTEX 151	-6.0018	11.65	100.765
			*MESH_VERTEX 152	21.3609	-23.7939	140.767
			*MESH_VERTEX 153	-39.1146	3.47761	121.506
			*MESH_VERTEX 154	35.4421	9.92194	149.64
			*MESH_VERTEX 155	-29.702	12.3818	138.714
			*MESH_VERTEX 156	-19.1555	-23.1424	25.9634
			*MESH_VERTEX 157	-12.5681	-25.7778	27.8028
			*MESH_VERTEX 158	-19.2646	-19.9692	152.66
			*MESH_VERTEX 159	19.6664	-19.9385	153.48
			*MESH_VERTEX 160	18.4461	-21.1225	29.6243
			*MESH_VERTEX 161	7.2998	-31.789	55.7847
			*MESH_VERTEX 162	12.7324	-26.4045	28.2134
			*MESH_VERTEX 163	-14.2577	-18.8853	134.88
			*MESH_VERTEX 164	-20.5849	-23.392	140.176
			*MESH_VERTEX 165	-0.87543	-29.6464	123.004
			*MESH_VERTEX 166	16.365	15.0202	135.036
			*MESH_VERTEX 167	-25.8723	9.11039	111.944
			*MESH_VERTEX 168	-20.3804	-8.13903	119.817
			*MESH_VERTEX 169	-14.9065	-24.1636	119.784
			*MESH_VERTEX 170	-19.6628	9.55257	28.2805
			*MESH_VERTEX 171	-11.7948	16.9148	26.9719
			*MESH_VERTEX 172	-16.5186	4.56602	119.573
			*MESH_VERTEX 173	-0.319987	8.03479	118.357
			*MESH_VERTEX 174	-28.0167	3.58829	76.3668
			*MESH_VERTEX 175	-24.0386	-15.3644	98.3279
			*MESH_VERTEX 176	-16.3677	-8.64539	116.069
			*MESH_VERTEX 177	-20.7239	-18.4208	136.466
			*MESH_VERTEX 178	27.7774	-0.792181	159.834
			*MESH_VERTEX 179	-28.3537	-0.654807	159.708
			*MESH_VERTEX 180	32.8989	2.95219	136.467
			*MESH_VERTEX 181	34.0885	-5.75836	135.49
			*MESH_VERTEX 182	-11.4967	8.10734	162.411
			*MESH_VERTEX 183	21.6652	10.982	132.231
			*MESH_VERTEX 184	4.33231	11.5816	101.026
			*MESH_VERTEX 185	-0.0190766	21.2828	131.311
			*MESH_VERTEX 186	0.000307052	19.8774	149.313
			*MESH_VERTEX 187	38.0518	1.96473	121.47
			*MESH_VERTEX 188	22.9977	-16.4061	97.0218
			*MESH_VERTEX 189	-4.98627	-25.941	103.134
			*MESH_VERTEX 190	13.3367	1.6108	105.869
			*MESH_VERTEX 191	10.6059	17.5862	27.4947
			*MESH_VERTEX 192	18.982	-8.35493	119.816
			*MESH_VERTEX 193	16.1521	-9.02228	116.859
			*MESH_VERTEX 194	24.6572	7.95765	113.306
			*MESH_VERTEX 195	35.7517	-10.5115	154.278
			*MESH_VERTEX 196	-14.3712	0.9687	116.124
			*MESH_VERTEX 197	-16.8164	-9.36249	109.409
			*MESH_VERTEX 198	-14.3091	1.50474	105.872
			*MESH_VERTEX 199	-16.7855	3.07261	54.7357
			*MESH_VERTEX 200	-32.0337	3.23351	137.442
			*MESH_VERTEX 201	-33.4026	-5.47499	136.709
			*MESH_VERTEX 202	-24.9336	-13.0103	138.92
			*MESH_VERTEX 203	7.3727	-22.6972	103.091
			*MESH_VERTEX 204	5.51027	-26.5596	107.768
			*MESH_VERTEX 205	5.16657	-23.007	109.486
			*MESH_VERTEX 206	16.0046	-22.3184	62.4494
			*MESH_VERTEX 207	19.4314	-8.92979	62.8846
			*MESH_VERTEX 208	12.0705	-19.1622	109.752
			*MESH_VERTEX 209	18.296	-9.11829	106.045
			*MESH_VERTEX 210	26.9265	7.87048	133.628
			*MESH_VERTEX 211	10.5955	7.94063	162.476
			*MESH_VERTEX 212	13.4595	0.741247	116.575
			*MESH_VERTEX 213	-26.0955	7.96336	134.354
			*MESH_VERTEX 214	-6.61397	-22.938	109.472
			*MESH_VERTEX 215	4.614	-29.0093	95.1511
			*MESH_VERTEX 216	-26.0955	7.96336	134.354
			*MESH_VERTEX 217	26.9265	7.87048	133.628
			*MESH_VERTEX 218	-22.1336	-14.296	131.464
			*MESH_VERTEX 219	-27.9982	-14.511	137.844
			*MESH_VERTEX 220	-0.342275	-29.3015	133.37
			*MESH_VERTEX 221	-23.7892	-7.72343	28.0846
			*MESH_VERTEX 222	-25.0557	-7.66499	27.4558
			*MESH_VERTEX 223	12.4496	-25.8412	123.985
			*MESH_VERTEX 224	16.5952	-20.1183	136.741
			*MESH_VERTEX 225	10.5672	0.0940251	166.54
			*MESH_VERTEX 226	-7.61775	7.2479	101.127
			*MESH_VERTEX 227	-13.6837	-19.083	109.651
			*MESH_VERTEX 228	-19.1508	-9.08361	106.164
			*MESH_VERTEX 229	5.85121	7.1481	101.608
			*MESH_VERTEX 230	-8.82764	9.35663	55.8525
			*MESH_VERTEX 231	-33.1788	7.08839	112.148
			*MESH_VERTEX 232	29.3424	-14.6705	137.113
			*MESH_VERTEX 233	22.7843	-13.5042	139.187
			*MESH_VERTEX 234	23.1905	-14.8027	131.005
			*MESH_VERTEX 235	-18.1214	-22.4115	27.1682
			*MESH_VERTEX 236	23.554	-8.74958	118.148
			*MESH_VERTEX 237	-18.5891	8.50987	29.5539
			*MESH_VERTEX 238	23.7377	-5.82281	29.8395
			*MESH_VERTEX 239	19.5355	-21.8311	28.2951
			*MESH_VERTEX 240	6.95424	-22.4896	107.454
			*MESH_VERTEX 241	-32.3708	-11.6115	119.415
			*MESH_VERTEX 242	31.8181	5.65947	113.41
			*MESH_VERTEX 243	-14.8521	-20.503	106.362
			*MESH_VERTEX 244	18.3322	10.4434	27.1914
			*MESH_VERTEX 245	13.2965	-20.603	106.354
			*MESH_VERTEX 246	-15.7133	-24.367	62
			*MESH_VERTEX 247	37.2223	-5.44942	115.436
			*MESH_VERTEX 248	22.441	-6.04026	31.4187
			*MESH_VERTEX 249	-37.7104	-5.61322	114.925
			*MESH_VERTEX 250	-14.4005	-19.896	102.08
			*MESH_VERTEX 251	13.3668	3.21248	117.408
			*MESH_VERTEX 252	-11.6264	0.125772	166.005
			*MESH_VERTEX 253	-20.354	-11.9606	61.8236
			*MESH_VERTEX 254	12.9305	-20.0487	101.806
			*MESH_VERTEX 255	13.4259	3.07896	102.29
			*MESH_VERTEX 256	17.592	-9.708	102.041
			*MESH_VERTEX 257	-8.31592	-22.3637	107.417
			*MESH_VERTEX 258	32.6237	-10.1262	120.079
			*MESH_VERTEX 259	19.1524	-9.23887	94.1772
			*MESH_VERTEX 260	21.0093	-19.1315	136.912
			*MESH_VERTEX 261	8.52757	-24.2269	95.1189
			*MESH_VERTEX 262	-10.7309	-26.0068	62.4363
			*MESH_VERTEX 263	-10.0129	-24.2577	94.9903
			*MESH_VERTEX 264	-23.1005	-10.7435	116.989
			*MESH_VERTEX 265	-13.6599	2.70623	116.225
			*MESH_VERTEX 266	16.564	-6.07185	117.312
			*MESH_VERTEX 267	-16.1008	-8.19829	116.05
			*MESH_VERTEX 268	15.6894	4.88773	56.3113
			*MESH_VERTEX 269	-14.2875	3.32369	101.332
			*MESH_VERTEX 270	-18.7524	-9.7426	101.288
			*MESH_VERTEX 271	-20.1964	-10.0557	93.7865
			*MESH_VERTEX 272	4.27874	11.9928	91.9549
			*MESH_VERTEX 273	6.46414	8.09136	92.7489
			*MESH_VERTEX 274	0.0172643	-0.627622	157.63
			*MESH_VERTEX 275	-24.6731	10.3273	118.408
			*MESH_VERTEX 276	36.7969	1.56593	113.977
			*MESH_VERTEX 277	-38	2.71573	112.97
			*MESH_VERTEX 278	-6.0248	11.6561	91.7886
			*MESH_VERTEX 279	-16.3946	2.73675	91.7992
			*MESH_VERTEX 280	-8.20846	7.34597	92.7544
			*MESH_VERTEX 281	23.4718	8.75147	118.937
			*MESH_VERTEX 282	-15.2909	-20.5265	94.1151
			*MESH_VERTEX 283	13.6618	-20.6331	94.2148
			*MESH_VERTEX 284	14.9731	3.16449	92.6569
			*MESH_VERTEX 285	0.0257051	-12.2953	154.563
			*MESH_VERTEX 286	23.9434	-9.17345	116.58
			*MESH_VERTEX 287	11.3051	-26.2364	56.2477
			*MESH_VERTEX 288	-6.51946	-31.609	62.7339
			*MESH_VERTEX 289	-10.9276	-25.8566	55.598
			*MESH_VERTEX 290	-23.2977	-11.3705	116.622
			*MESH_VERTEX 291	6.757	-31.0774	62.761
			*MESH_VERTEX 292	20.1337	-8.95576	55.8032
			*MESH_VERTEX 293	16.5709	-22.1183	55.0593
			*MESH_VERTEX 294	-21.0004	-11.8962	54.5923
			*MESH_VERTEX 295	-16.1725	-24.5412	54.5719
			*MESH_VERTEX 296	10.7692	-25.8449	62.7707
		}
		*MESH_FACE_LIST {
			*MESH_FACE    0:    A:    292 B:    160 C:    248 AB:    1 BC:    1 CA:    1	 *MESH_SMOOTHING 1 	*MESH_MTLID 0
			*MESH_FACE    1:    A:    246 B:    271 C:    253 AB:    1 BC:    1 CA:    1	 *MESH_SMOOTHING 1 	*MESH_MTLID 0
			*MESH_FACE    2:    A:    82 B:    188 C:    118 AB:    1 BC:    1 CA:    1	 *MESH_SMOOTHING 1 	*MESH_MTLID 0
			*MESH_FACE    3:    A:    3 B:    81 C:    242 AB:    1 BC:    1 CA:    1	 *MESH_SMOOTHING 1 	*MESH_MTLID 0
			*MESH_FACE    4:    A:    230 B:    199 C:    280 AB:    1 BC:    1 CA:    1	 *MESH_SMOOTHING 1 	*MESH_MTLID 0
			*MESH_FACE    5:    A:    111 B:    0 C:    114 AB:    1 BC:    1 CA:    1	 *MESH_SMOOTHING 1 	*MESH_MTLID 0
			*MESH_FACE    6:    A:    268 B:    273 C:    284 AB:    1 BC:    1 CA:    1	 *MESH_SMOOTHING 1 	*MESH_MTLID 0
			*MESH_FACE    7:    A:    32 B:    33 C:    169 AB:    1 BC:    1 CA:    1	 *MESH_SMOOTHING 1 	*MESH_MTLID 0
			*MESH_FACE    8:    A:    89 B:    119 C:    176 AB:    1 BC:    1 CA:    1	 *MESH_SMOOTHING 1 	*MESH_MTLID 0
			*MESH_FACE    9:    A:    174 B:    277 C:    231 AB:    1 BC:    1 CA:    1	 *MESH_SMOOTHING 1 	*MESH_MTLID 0
			*MESH_FACE    10:    A:    104 B:    88 C:    158 AB:    1 BC:    1 CA:    1	 *MESH_SMOOTHING 1 	*MESH_MTLID 0
			*MESH_FACE    11:    A:    279 B:    199 C:    271 AB:    1 BC:    1 CA:    1	 *MESH_SMOOTHING 1 	*MESH_MTLID 0
			*MESH_FACE    12:    A:    248 B:    146 C:    292 AB:    1 BC:    1 CA:    1	 *MESH_SMOOTHING 1 	*MESH_MTLID 0
			*MESH_FACE    13:    A:    114 B:    70 C:    135 AB:    1 BC:    1 CA:    1	 *MESH_SMOOTHING 1 	*MESH_MTLID 0
			*MESH_FACE    14:    A:    11 B:    12 C:    7 AB:    1 BC:    1 CA:    1	 *MESH_SMOOTHING 1 	*MESH_MTLID 0
			*MESH_FACE    15:    A:    124 B:    7 C:    12 AB:    1 BC:    1 CA:    1	 *MESH_SMOOTHING 1 	*MESH_MTLID 0
			*MESH_FACE    16:    A:    176 B:    175 C:    89 AB:    1 BC:    1 CA:    1	 *MESH_SMOOTHING 1 	*MESH_MTLID 0
			*MESH_FACE    17:    A:    175 B:    11 C:    89 AB:    1 BC:    1 CA:    1	 *MESH_SMOOTHING 1 	*MESH_MTLID 0
			*MESH_FACE    18:    A:    13 B:    11 C:    7 AB:    1 BC:    1 CA:    1	 *MESH_SMOOTHING 1 	*MESH_MTLID 0
			*MESH_FACE    19:    A:    13 B:    249 C:    277 AB:    1 BC:    1 CA:    1	 *MESH_SMOOTHING 1 	*MESH_MTLID 0
			*MESH_FACE    20:    A:    155 B:    14 C:    93 AB:    1 BC:    1 CA:    1	 *MESH_SMOOTHING 1 	*MESH_MTLID 0
			*MESH_FACE    21:    A:    84 B:    134 C:    166 AB:    1 BC:    1 CA:    1	 *MESH_SMOOTHING 1 	*MESH_MTLID 0
			*MESH_FACE    22:    A:    143 B:    14 C:    9 AB:    1 BC:    1 CA:    1	 *MESH_SMOOTHING 1 	*MESH_MTLID 0
			*MESH_FACE    23:    A:    14 B:    155 C:    9 AB:    1 BC:    1 CA:    1	 *MESH_SMOOTHING 1 	*MESH_MTLID 0
			*MESH_FACE    24:    A:    178 B:    101 C:    84 AB:    1 BC:    1 CA:    1	 *MESH_SMOOTHING 1 	*MESH_MTLID 0
			*MESH_FACE    25:    A:    283 B:    261 C:    206 AB:    1 BC:    1 CA:    1	 *MESH_SMOOTHING 1 	*MESH_MTLID 0
			*MESH_FACE    26:    A:    17 B:    3 C:    276 AB:    1 BC:    1 CA:    1	 *MESH_SMOOTHING 1 	*MESH_MTLID 0
			*MESH_FACE    27:    A:    3 B:    18 C:    81 AB:    1 BC:    1 CA:    1	 *MESH_SMOOTHING 1 	*MESH_MTLID 0
			*MESH_FACE    28:    A:    17 B:    18 C:    3 AB:    1 BC:    1 CA:    1	 *MESH_SMOOTHING 1 	*MESH_MTLID 0
			*MESH_FACE    29:    A:    113 B:    17 C:    247 AB:    1 BC:    1 CA:    1	 *MESH_SMOOTHING 1 	*MESH_MTLID 0
			*MESH_FACE    30:    A:    17 B:    19 C:    18 AB:    1 BC:    1 CA:    1	 *MESH_SMOOTHING 1 	*MESH_MTLID 0
			*MESH_FACE    31:    A:    82 B:    18 C:    188 AB:    1 BC:    1 CA:    1	 *MESH_SMOOTHING 1 	*MESH_MTLID 0
			*MESH_FACE    32:    A:    103 B:    194 C:    4 AB:    1 BC:    1 CA:    1	 *MESH_SMOOTHING 1 	*MESH_MTLID 0
			*MESH_FACE    33:    A:    166 B:    83 C:    183 AB:    1 BC:    1 CA:    1	 *MESH_SMOOTHING 1 	*MESH_MTLID 0
			*MESH_FACE    34:    A:    122 B:    61 C:    159 AB:    1 BC:    1 CA:    1	 *MESH_SMOOTHING 1 	*MESH_MTLID 0
			*MESH_FACE    35:    A:    276 B:    247 C:    17 AB:    1 BC:    1 CA:    1	 *MESH_SMOOTHING 1 	*MESH_MTLID 0
			*MESH_FACE    36:    A:    118 B:    103 C:    82 AB:    1 BC:    1 CA:    1	 *MESH_SMOOTHING 1 	*MESH_MTLID 0
			*MESH_FACE    37:    A:    268 B:    284 C:    259 AB:    1 BC:    1 CA:    1	 *MESH_SMOOTHING 1 	*MESH_MTLID 0
			*MESH_FACE    38:    A:    195 B:    22 C:    96 AB:    1 BC:    1 CA:    1	 *MESH_SMOOTHING 1 	*MESH_MTLID 0
			*MESH_FACE    39:    A:    121 B:    122 C:    159 AB:    1 BC:    1 CA:    1	 *MESH_SMOOTHING 1 	*MESH_MTLID 0
			*MESH_FACE    40:    A:    56 B:    21 C:    85 AB:    1 BC:    1 CA:    1	 *MESH_SMOOTHING 1 	*MESH_MTLID 0
			*MESH_FACE    41:    A:    139 B:    24 C:    217 AB:    1 BC:    1 CA:    1	 *MESH_SMOOTHING 1 	*MESH_MTLID 0
			*MESH_FACE    42:    A:    96 B:    24 C:    1 AB:    1 BC:    1 CA:    1	 *MESH_SMOOTHING 1 	*MESH_MTLID 0
			*MESH_FACE    43:    A:    24 B:    139 C:    79 AB:    1 BC:    1 CA:    1	 *MESH_SMOOTHING 1 	*MESH_MTLID 0
			*MESH_FACE    44:    A:    22 B:    260 C:    25 AB:    1 BC:    1 CA:    1	 *MESH_SMOOTHING 1 	*MESH_MTLID 0
			*MESH_FACE    45:    A:    247 B:    112 C:    113 AB:    1 BC:    1 CA:    1	 *MESH_SMOOTHING 1 	*MESH_MTLID 0
			*MESH_FACE    46:    A:    26 B:    114 C:    2 AB:    1 BC:    1 CA:    1	 *MESH_SMOOTHING 1 	*MESH_MTLID 0
			*MESH_FACE    47:    A:    215 B:    288 C:    291 AB:    1 BC:    1 CA:    1	 *MESH_SMOOTHING 1 	*MESH_MTLID 0
			*MESH_FACE    48:    A:    186 B:    95 C:    94 AB:    1 BC:    1 CA:    1	 *MESH_SMOOTHING 1 	*MESH_MTLID 0
			*MESH_FACE    49:    A:    41 B:    127 C:    42 AB:    1 BC:    1 CA:    1	 *MESH_SMOOTHING 1 	*MESH_MTLID 0
			*MESH_FACE    50:    A:    140 B:    141 C:    136 AB:    1 BC:    1 CA:    1	 *MESH_SMOOTHING 1 	*MESH_MTLID 0
			*MESH_FACE    51:    A:    94 B:    42 C:    127 AB:    1 BC:    1 CA:    1	 *MESH_SMOOTHING 1 	*MESH_MTLID 0
			*MESH_FACE    52:    A:    274 B:    49 C:    51 AB:    1 BC:    1 CA:    1	 *MESH_SMOOTHING 1 	*MESH_MTLID 0
			*MESH_FACE    53:    A:    110 B:    165 C:    223 AB:    1 BC:    1 CA:    1	 *MESH_SMOOTHING 1 	*MESH_MTLID 0
			*MESH_FACE    54:    A:    26 B:    2 C:    30 AB:    1 BC:    1 CA:    1	 *MESH_SMOOTHING 1 	*MESH_MTLID 0
			*MESH_FACE    55:    A:    288 B:    215 C:    125 AB:    1 BC:    1 CA:    1	 *MESH_SMOOTHING 1 	*MESH_MTLID 0
			*MESH_FACE    56:    A:    295 B:    294 C:    235 AB:    1 BC:    1 CA:    1	 *MESH_SMOOTHING 1 	*MESH_MTLID 0
			*MESH_FACE    57:    A:    295 B:    235 C:    157 AB:    1 BC:    1 CA:    1	 *MESH_SMOOTHING 1 	*MESH_MTLID 0
			*MESH_FACE    58:    A:    246 B:    262 C:    263 AB:    1 BC:    1 CA:    1	 *MESH_SMOOTHING 1 	*MESH_MTLID 0
			*MESH_FACE    59:    A:    142 B:    33 C:    116 AB:    1 BC:    1 CA:    1	 *MESH_SMOOTHING 1 	*MESH_MTLID 0
			*MESH_FACE    60:    A:    220 B:    165 C:    110 AB:    1 BC:    1 CA:    1	 *MESH_SMOOTHING 1 	*MESH_MTLID 0
			*MESH_FACE    61:    A:    40 B:    165 C:    91 AB:    1 BC:    1 CA:    1	 *MESH_SMOOTHING 1 	*MESH_MTLID 0
			*MESH_FACE    62:    A:    30 B:    2 C:    34 AB:    1 BC:    1 CA:    1	 *MESH_SMOOTHING 1 	*MESH_MTLID 0
			*MESH_FACE    63:    A:    296 B:    206 C:    261 AB:    1 BC:    1 CA:    1	 *MESH_SMOOTHING 1 	*MESH_MTLID 0
			*MESH_FACE    64:    A:    261 B:    215 C:    296 AB:    1 BC:    1 CA:    1	 *MESH_SMOOTHING 1 	*MESH_MTLID 0
			*MESH_FACE    65:    A:    126 B:    33 C:    142 AB:    1 BC:    1 CA:    1	 *MESH_SMOOTHING 1 	*MESH_MTLID 0
			*MESH_FACE    66:    A:    36 B:    30 C:    34 AB:    1 BC:    1 CA:    1	 *MESH_SMOOTHING 1 	*MESH_MTLID 0
			*MESH_FACE    67:    A:    262 B:    288 C:    125 AB:    1 BC:    1 CA:    1	 *MESH_SMOOTHING 1 	*MESH_MTLID 0
			*MESH_FACE    68:    A:    37 B:    78 C:    6 AB:    1 BC:    1 CA:    1	 *MESH_SMOOTHING 1 	*MESH_MTLID 0
