*3DSMAX_ASCIIEXPORT	110
*COMMENT "[ GothicSourcer v3.10 ] - August 2006"
*SCENE {
	*SCENE_FILENAME "ARMOR_BAUBABE_L.MAX"
	*SCENE_FIRSTFRAME 0
	*SCENE_LASTFRAME 100
	*SCENE_FRAMESPEED 25
	*SCENE_TICKSPERFRAME 192
	*SCENE_BACKGROUND_STATIC 0	0	0
	*SCENE_AMBIENT_STATIC 0.2	0.2	0.2
}
*MATERIAL_LIST {
	*MATERIAL_COUNT 1
	*MATERIAL 0 {
		*MATERIAL_NAME "Compound Material #1"
		*MATERIAL_CLASS "Multi/Sub-Object"
		*NUMSUBMTLS 2
		*SUBMATERIAL 0 {
			*MATERIAL_NAME "BABE_V1_C1"
			*MATERIAL_CLASS "Standard"
			*MATERIAL_AMBIENT 0.509804	0.407843	0.305882
			*MATERIAL_DIFFUSE 0.509804	0.407843	0.305882
			*MATERIAL_SPECULAR 0.9	0.9	0.9
			*MATERIAL_SHINE 0.1
			*MATERIAL_SHINESTRENGTH 0
			*MATERIAL_TRANSPARENCY 0
			*MATERIAL_WIRESIZE 1
			*MATERIAL_SHADING Blinn
			*MATERIAL_XP_FALLOFF 0
			*MATERIAL_SELFILLUM 0
			*MATERIAL_FALLOFF In
			*MATERIAL_XP_TYPE Filter
			*MAP_DIFFUSE {
				*MAP_NAME "Map #1-1"
				*MAP_CLASS "Bitmap"
				*MAP_SUBNO 1
				*MAP_AMOUNT 1
				*BITMAP "HUM_BODY_NAKED_V0_C0.TGA"
				*MAP_TYPE Screen
				*UVW_U_OFFSET 0
				*UVW_V_OFFSET 0
				*UVW_U_TILING 1
				*UVW_V_TILING 1
				*UVW_ANGLE 0
				*UVW_BLUR 1
				*UVW_BLUR_OFFSET 0
				*UVW_NOUSE_AMT 1
				*UVW_NOISE_SIZE 1
				*UVW_NOISE_LEVEL 1
				*UVW_NOISE_PHASE 0
				*BITMAP_FILTER Pyramidal
			}
		}
		*SUBMATERIAL 1 {
			*MATERIAL_NAME "V3_C3"
			*MATERIAL_CLASS "Standard"
			*MATERIAL_AMBIENT 0.392157	0.317647	0.215686
			*MATERIAL_DIFFUSE 0.392157	0.317647	0.215686
			*MATERIAL_SPECULAR 0.9	0.9	0.9
			*MATERIAL_SHINE 0.1
			*MATERIAL_SHINESTRENGTH 0
			*MATERIAL_TRANSPARENCY 0
			*MATERIAL_WIRESIZE 1
			*MATERIAL_SHADING Blinn
			*MATERIAL_XP_FALLOFF 0
			*MATERIAL_SELFILLUM 0
			*MATERIAL_FALLOFF In
			*MATERIAL_XP_TYPE Filter
			*MAP_DIFFUSE {
				*MAP_NAME "Map #1-2"
				*MAP_CLASS "Bitmap"
				*MAP_SUBNO 1
				*MAP_AMOUNT 1
				*BITMAP "BUERGERINKLEID2-1.TGA"
				*MAP_TYPE Screen
				*UVW_U_OFFSET 0
				*UVW_V_OFFSET 0
				*UVW_U_TILING 1
				*UVW_V_TILING 1
				*UVW_ANGLE 0
				*UVW_BLUR 1
				*UVW_BLUR_OFFSET 0
				*UVW_NOUSE_AMT 1
				*UVW_NOISE_SIZE 1
				*UVW_NOISE_LEVEL 1
				*UVW_NOISE_PHASE 0
				*BITMAP_FILTER Pyramidal
			}
		}
	}
}
*HELPEROBJECT {
	*NODE_NAME "Bip01"
	*NODE_TM {
		*NODE_NAME "Bip01"
		*TM_ROW0 6.27438e-006	-1	0
		*TM_ROW1 1	6.27438e-006	0
		*TM_ROW2 -0	-0	1
		*TM_ROW3 0	-7.37745	99.9496
		*TM_POS 0	-7.37745	99.9496
		*TM_ROTAXIS 0	0	1
		*TM_ROTANGLE 1.57079
		*TM_SCALE 1	1	1
		*TM_SCALEAXIS 0	0	0
		*TM_SCALEAXISANG 0	0	0
	}
}
*HELPEROBJECT {
	*NODE_NAME "Bip01 Pelvis"
	*NODE_PARENT "Bip01"
	*NODE_TM {
		*NODE_NAME "Bip01 Pelvis"
		*TM_ROW0 -5.96014e-008	1.79264e-006	1
		*TM_ROW1 -1.79264e-006	-1	1.79264e-006
		*TM_ROW2 1	-1.79264e-006	-5.96014e-008
		*TM_ROW3 1e-005	-8.0113	99.9496
		*TM_POS 1e-005	-8.0113	99.9496
		*TM_ROTAXIS 0.707107	0	0.707107
		*TM_ROTANGLE 3.1416
		*TM_SCALE 1	1	1
		*TM_SCALEAXIS 0	0	0
		*TM_SCALEAXISANG 0	0	0
	}
}
*HELPEROBJECT {
	*NODE_NAME "Bip01 Spine"
	*NODE_PARENT "Bip01 Pelvis"
	*NODE_TM {
		*NODE_NAME "Bip01 Spine"
		*TM_ROW0 6.6944e-008	-0.0205947	0.999788
		*TM_ROW1 5.48642e-006	-0.999788	-0.0205947
		*TM_ROW2 1	5.48642e-006	6.6944e-008
		*TM_ROW3 1e-005	-7.92216	102.35
		*TM_POS 1e-005	-7.92216	102.35
		*TM_ROTAXIS 0.707088	-0.00727998	0.707088
		*TM_ROTANGLE 3.12703
		*TM_SCALE 1	1	1
		*TM_SCALEAXIS 0	0	0
		*TM_SCALEAXISANG 0	0	0
	}
}
*HELPEROBJECT {
	*NODE_NAME "Bip01 Spine1"
	*NODE_PARENT "Bip01 Spine"
	*NODE_TM {
		*NODE_NAME "Bip01 Spine1"
		*TM_ROW0 6.76996e-008	-0.00276992	0.999996
		*TM_ROW1 -1.92621e-006	-0.999996	-0.00276991
		*TM_ROW2 1	-1.92621e-006	6.76996e-008
		*TM_ROW3 1e-005	-8.11442	112.175
		*TM_POS 1e-005	-8.11442	112.175
		*TM_ROTAXIS -0.707107	0.000979995	-0.707106
		*TM_ROTANGLE 3.14355
		*TM_SCALE 1	1	1
		*TM_SCALEAXIS 0	0	0
		*TM_SCALEAXISANG 0	0	0
	}
}
*HELPEROBJECT {
	*NODE_NAME "Bip01 Spine2"
	*NODE_PARENT "Bip01 Spine1"
	*NODE_TM {
		*NODE_NAME "Bip01 Spine2"
		*TM_ROW0 3.48622e-008	0.180243	0.983622
		*TM_ROW1 1.67638e-006	-0.983622	0.180243
		*TM_ROW2 1	1.67638e-006	3.48621e-008
		*TM_ROW3 1e-005	-8.1264	124.961
		*TM_POS 1e-005	-8.1264	124.961
		*TM_ROTAXIS 0.705652	0.0641202	0.705652
		*TM_ROTANGLE 3.26966
		*TM_SCALE 1	1	1
		*TM_SCALEAXIS 0	0	0
		*TM_SCALEAXISANG 0	0	0
	}
}
*HELPEROBJECT {
	*NODE_NAME "Bip01 Neck"
	*NODE_PARENT "Bip01 Spine2"
	*NODE_TM {
		*NODE_NAME "Bip01 Neck"
		*TM_ROW0 6.08698e-007	-0.167043	0.98595
		*TM_ROW1 4.70132e-006	-0.98595	-0.167043
		*TM_ROW2 1	4.70132e-006	6.08698e-007
		*TM_ROW3 -2.11471e-012	-2.71656	154.454
		*TM_POS -2.11471e-012	-2.71656	154.454
		*TM_ROTAXIS -0.70586	0.05937	-0.705859
		*TM_ROTANGLE 3.2602
		*TM_SCALE 1	1	1
		*TM_SCALEAXIS 0	0	0
		*TM_SCALEAXISANG 0	0	0
	}
}
*HELPEROBJECT {
	*NODE_NAME "Bip01 Head"
	*NODE_PARENT "Bip01 Neck"
	*NODE_TM {
		*NODE_NAME "Bip01 Head"
		*TM_ROW0 -5.96015e-008	1.76921e-006	1
		*TM_ROW1 -1.79264e-006	-1	1.77916e-006
		*TM_ROW2 1	-1.79264e-006	-5.96014e-008
		*TM_ROW3 1.63729e-011	-3.85901	161.198
		*TM_POS 1.63729e-011	-3.85901	161.198
		*TM_ROTAXIS -0.707107	4.76653e-009	-0.707107
		*TM_ROTANGLE 3.14159
		*TM_SCALE 1	1	1
		*TM_SCALEAXIS 0	0	0
		*TM_SCALEAXISANG 0	0	0
	}
}
*HELPEROBJECT {
	*NODE_NAME "ZS_HELMET"
	*NODE_PARENT "Bip01 Head"
	*NODE_TM {
		*NODE_NAME "ZS_HELMET"
		*TM_ROW0 1	5.73874e-013	4.35659e-014
		*TM_ROW1 -4.07319e-013	0.996917	-0.0784593
		*TM_ROW2 -4.76109e-014	0.0784593	0.996918
		*TM_ROW3 1e-005	-7.06248	173.704
		*TM_POS 1e-005	-7.06248	173.704
		*TM_ROTAXIS 1	5.81045e-013	-6.25288e-012
		*TM_ROTANGLE 0.078541
		*TM_SCALE 1	1	1
		*TM_SCALEAXIS 0	0	0
		*TM_SCALEAXISANG 0	0	0
	}
}
*HELPEROBJECT {
	*NODE_NAME "Bip01 L Clavicle"
	*NODE_PARENT "Bip01 Neck"
	*NODE_TM {
		*NODE_NAME "Bip01 L Clavicle"
		*TM_ROW0 0.935229	-0.203893	-0.289439
		*TM_ROW1 0.156435	0.971369	-0.178803
		*TM_ROW2 0.317608	0.121943	0.940348
		*TM_ROW3 7.96399	-1.25804	148.729
		*TM_POS 7.96399	-1.25804	148.729
		*TM_ROTAXIS 0.391939	-0.791119	0.469589
		*TM_ROTANGLE 0.39376
		*TM_SCALE 1	1	1
		*TM_SCALEAXIS 0	0	0
		*TM_SCALEAXISANG 0	0	0
	}
}
*HELPEROBJECT {
	*NODE_NAME "Bip01 L UpperArm"
	*NODE_PARENT "Bip01 L Clavicle"
	*NODE_TM {
		*NODE_NAME "Bip01 L UpperArm"
		*TM_ROW0 0.246229	0.0989026	-0.964152
		*TM_ROW1 0.412789	0.889345	0.196649
		*TM_ROW2 0.876913	-0.446412	0.178157
		*TM_ROW3 20.4269	-3.97508	144.872
		*TM_POS 20.4269	-3.97508	144.872
		*TM_ROTAXIS -0.325561	-0.932072	0.15891
		*TM_ROTANGLE 1.41328
		*TM_SCALE 1	1	1
		*TM_SCALEAXIS 0	0	0
		*TM_SCALEAXISANG 0	0	0
	}
}
*HELPEROBJECT {
	*NODE_NAME "Bip01 L Forearm"
	*NODE_PARENT "Bip01 L UpperArm"
	*NODE_TM {
		*NODE_NAME "Bip01 L Forearm"
		*TM_ROW0 0.0455122	-0.291882	-0.955371
		*TM_ROW1 0.478489	0.845886	-0.235638
		*TM_ROW2 0.876913	-0.44641	0.17816
		*TM_ROW3 27.2982	-1.21526	117.966
		*TM_POS 27.2982	-1.21526	117.966
		*TM_ROTAXIS -0.10545	-0.916697	0.385419
		*TM_ROTANGLE 1.53601
		*TM_SCALE 1	1	1
		*TM_SCALEAXIS 0	0	0
		*TM_SCALEAXISANG 0	0	0
	}
}
*HELPEROBJECT {
	*NODE_NAME "Bip01 L Hand"
	*NODE_PARENT "Bip01 L Forearm"
	*NODE_TM {
		*NODE_NAME "Bip01 L Hand"
		*TM_ROW0 0.0455132	-0.291886	-0.95537
		*TM_ROW1 -0.876533	0.44708	-0.17835
		*TM_ROW2 0.479185	0.845531	-0.2355
		*TM_ROW3 28.5642	-9.33439	91.391
		*TM_POS 28.5642	-9.33439	91.391
		*TM_ROTAXIS 0.551391	-0.772552	-0.314851
		*TM_ROTANGLE 1.95137
		*TM_SCALE 1	1	1
		*TM_SCALEAXIS 0	0	0
		*TM_SCALEAXISANG 0	0	0
	}
}
*HELPEROBJECT {
	*NODE_NAME "Bip01 L Finger0"
	*NODE_PARENT "Bip01 L Hand"
	*NODE_TM {
		*NODE_NAME "Bip01 L Finger0"
		*TM_ROW0 0.0455152	-0.291888	-0.955369
		*TM_ROW1 -0.876915	0.446405	-0.178165
		*TM_ROW2 0.478485	0.845886	-0.235643
		*TM_ROW3 29.15	-13.0909	79.0956
		*TM_POS 29.15	-13.0909	79.0956
		*TM_ROTAXIS 0.551581	-0.772311	-0.31511
		*TM_ROTANGLE 1.95181
		*TM_SCALE 1	1	1
		*TM_SCALEAXIS 0	0	0
		*TM_SCALEAXISANG 0	0	0
	}
}
*HELPEROBJECT {
	*NODE_NAME "ZS_LEFTHAND"
	*NODE_PARENT "Bip01 L Hand"
	*NODE_TM {
		*NODE_NAME "ZS_LEFTHAND"
		*TM_ROW0 0.435606	0.890062	-0.134303
		*TM_ROW1 0.180312	-0.232461	-0.955745
		*TM_ROW2 -0.881893	0.392112	-0.261751
		*TM_ROW3 26.7605	-11.5468	82.7857
		*TM_POS 26.7605	-11.5468	82.7857
		*TM_ROTAXIS 0.794322	0.440571	-0.418271
		*TM_ROTANGLE 2.12858
		*TM_SCALE 1	1	1
		*TM_SCALEAXIS 0	0	0
		*TM_SCALEAXISANG 0	0	0
	}
}
*HELPEROBJECT {
	*NODE_NAME "ZS_LEFTARM"
	*NODE_PARENT "Bip01 L Forearm"
	*NODE_TM {
		*NODE_NAME "ZS_LEFTARM"
		*TM_ROW0 0.0759923	-0.150176	-0.985735
		*TM_ROW1 0.524499	0.846792	-0.0885736
		*TM_ROW2 0.848013	-0.510285	0.143117
		*TM_ROW3 26.9101	-7.67833	110.055
		*TM_POS 26.9101	-7.67833	110.055
		*TM_ROTAXIS -0.21097	-0.917372	0.337521
		*TM_ROTANGLE 1.53784
		*TM_SCALE 1	1	1
		*TM_SCALEAXIS 0	0	0
		*TM_SCALEAXISANG 0	0	0
	}
}
*HELPEROBJECT {
	*NODE_NAME "Bip01 R Clavicle"
	*NODE_PARENT "Bip01 Neck"
	*NODE_TM {
		*NODE_NAME "Bip01 R Clavicle"
		*TM_ROW0 -0.935227	-0.203899	-0.28944
		*TM_ROW1 -0.156442	0.971369	-0.178799
		*TM_ROW2 0.317609	-0.121937	-0.940349
		*TM_ROW3 -7.96398	-1.25806	148.729
		*TM_POS -7.96398	-1.25806	148.729
		*TM_ROTAXIS -0.0929799	0.992639	-0.0775999
		*TM_ROTANGLE 3.45235
		*TM_SCALE 1	1	1
		*TM_SCALEAXIS 0	0	0
		*TM_SCALEAXISANG 0	0	0
	}
}
*HELPEROBJECT {
	*NODE_NAME "Bip01 R UpperArm"
	*NODE_PARENT "Bip01 R Clavicle"
	*NODE_TM {
		*NODE_NAME "Bip01 R UpperArm"
		*TM_ROW0 -0.246232	0.0988932	-0.964153
		*TM_ROW1 -0.412793	0.889345	0.196642
		*TM_ROW2 0.876911	0.446415	-0.178163
		*TM_ROW3 -20.4269	-3.97513	144.872
		*TM_POS -20.4269	-3.97513	144.872
		*TM_ROTAXIS 0.12961	-0.955353	-0.265521
		*TM_ROTANGLE 1.84162
		*TM_SCALE 1	1	1
		*TM_SCALEAXIS 0	0	0
		*TM_SCALEAXISANG 0	0	0
	}
}
*HELPEROBJECT {
	*NODE_NAME "Bip01 R Forearm"
	*NODE_PARENT "Bip01 R UpperArm"
	*NODE_TM {
		*NODE_NAME "Bip01 R Forearm"
		*TM_ROW0 -0.0455087	-0.291889	-0.955369
		*TM_ROW1 -0.478487	0.845885	-0.235646
		*TM_ROW2 0.876915	0.446408	-0.17816
		*TM_ROW3 -27.2982	-1.21534	117.966
		*TM_POS -27.2982	-1.21534	117.966
		*TM_ROTAXIS 0.347279	-0.932937	-0.0950097
		*TM_ROTANGLE 1.76083
		*TM_SCALE 1	1	1
		*TM_SCALEAXIS 0	0	0
		*TM_SCALEAXISANG 0	0	0
	}
}
*HELPEROBJECT {
	*NODE_NAME "Bip01 R Hand"
	*NODE_PARENT "Bip01 R Forearm"
	*NODE_TM {
		*NODE_NAME "Bip01 R Hand"
		*TM_ROW0 -0.0455115	-0.291885	-0.95537
		*TM_ROW1 0.87653	0.447088	-0.17835
		*TM_ROW2 0.479192	-0.845527	0.235499
		*TM_ROW3 -28.5642	-9.33445	91.3911
		*TM_POS -28.5642	-9.33445	91.3911
		*TM_ROTAXIS -0.33922	-0.72939	0.59407
		*TM_ROTANGLE 1.75327
		*TM_SCALE 1	1	1
		*TM_SCALEAXIS 0	0	0
		*TM_SCALEAXISANG 0	0	0
	}
}
*HELPEROBJECT {
	*NODE_NAME "Bip01 R Finger0"
	*NODE_PARENT "Bip01 R Hand"
	*NODE_TM {
		*NODE_NAME "Bip01 R Finger0"
		*TM_ROW0 -0.0455056	-0.291877	-0.955373
		*TM_ROW1 0.876914	0.446413	-0.178152
		*TM_ROW2 0.478489	-0.845886	0.235636
		*TM_ROW3 -29.1499	-13.0909	79.0956
		*TM_POS -29.1499	-13.0909	79.0956
		*TM_ROTAXIS -0.33952	-0.729071	0.594291
		*TM_ROTANGLE 1.75354
		*TM_SCALE 1	1	1
		*TM_SCALEAXIS 0	0	0
		*TM_SCALEAXISANG 0	0	0
	}
}
*HELPEROBJECT {
	*NODE_NAME "ZS_RIGHTHAND"
	*NODE_PARENT "Bip01 R Hand"
	*NODE_TM {
		*NODE_NAME "ZS_RIGHTHAND"
		*TM_ROW0 -0.464344	0.856417	-0.225687
		*TM_ROW1 0.177861	0.339806	0.923525
		*TM_ROW2 0.867612	0.388692	-0.31011
		*TM_ROW3 -20.9389	-19.9852	85.8932
		*TM_POS -20.9389	-19.9852	85.8932
		*TM_ROTAXIS 0.383811	0.784581	0.486951
		*TM_ROTANGLE 3.91244
		*TM_SCALE 1	1	1
		*TM_SCALEAXIS 0	0	0
		*TM_SCALEAXISANG 0	0	0
	}
}
*HELPEROBJECT {
	*NODE_NAME "ZS_CROSSBOW"
	*NODE_PARENT "Bip01 Spine2"
	*NODE_TM {
		*NODE_NAME "ZS_CROSSBOW"
		*TM_ROW0 -0.382687	-0.111464	0.91713
		*TM_ROW1 -0.923878	0.0461715	-0.379891
		*TM_ROW2 -1.2517e-006	-0.992695	-0.120648
		*TM_ROW3 -14.434	10.5915	165.98
		*TM_POS -14.434	10.5915	165.98
		*TM_ROTAXIS -0.447329	0.669479	-0.593039
		*TM_ROTANGLE 2.38705
		*TM_SCALE 1	1	1
		*TM_SCALEAXIS 0	0	0
		*TM_SCALEAXISANG 0	0	0
	}
}
*HELPEROBJECT {
	*NODE_NAME "ZS_LONGSWORD"
	*NODE_PARENT "Bip01 Spine2"
	*NODE_TM {
		*NODE_NAME "ZS_LONGSWORD"
		*TM_ROW0 -0.499829	-0.0915011	0.861277
		*TM_ROW1 -0.865729	0.0828188	-0.493614
		*TM_ROW2 -0.0261636	-0.992355	-0.12061
		*TM_ROW3 -18.1593	6.92629	157.64
		*TM_POS -18.1593	6.92629	157.64
		*TM_ROTAXIS -0.38996	0.69388	-0.60536
		*TM_ROTANGLE 2.44778
		*TM_SCALE 1	1	1
		*TM_SCALEAXIS 0	0	0
		*TM_SCALEAXISANG 0	0	0
	}
}
*HELPEROBJECT {
	*NODE_NAME "ZS_SHIELD"
	*NODE_PARENT "Bip01 Spine2"
	*NODE_TM {
		*NODE_NAME "ZS_SHIELD"
		*TM_ROW0 -0.0138681	0.114196	-0.993362
		*TM_ROW1 -0.908393	0.413755	0.0602465
		*TM_ROW2 0.417888	0.903198	0.0979964
		*TM_ROW3 8.76511	9.5282	131.875
		*TM_POS 8.76511	9.5282	131.875
		*TM_ROTAXIS 0.435421	-0.728972	-0.528212
		*TM_ROTANGLE 1.82457
		*TM_SCALE 1	1	1
		*TM_SCALEAXIS 0	0	0
		*TM_SCALEAXISANG 0	0	0
	}
}
*HELPEROBJECT {
	*NODE_NAME "ZS_BOW"
	*NODE_PARENT "Bip01 Spine2"
	*NODE_TM {
		*NODE_NAME "ZS_BOW"
		*TM_ROW0 -0.341816	-0.0868229	0.935748
		*TM_ROW1 0.0119438	0.995242	0.0967059
		*TM_ROW2 -0.939691	0.044232	-0.339153
		*TM_ROW3 0.5012	12.4143	124.55
		*TM_POS 0.5012	12.4143	124.55
		*TM_ROTAXIS -0.0279299	0.998227	0.0525698
		*TM_ROTANGLE 1.92076
		*TM_SCALE 1	1	1
		*TM_SCALEAXIS 0	0	0
		*TM_SCALEAXISANG 0	0	0
	}
}
*HELPEROBJECT {
	*NODE_NAME "ZS_SWORD"
	*NODE_PARENT "Bip01 Spine"
	*NODE_TM {
		*NODE_NAME "ZS_SWORD"
		*TM_ROW0 5.79068e-007	-0.347172	0.937802
		*TM_ROW1 1.04308e-007	0.937802	0.347172
		*TM_ROW2 -1	-1.04308e-007	5.79068e-007
		*TM_ROW3 17.5015	-4.36211	106.367
		*TM_POS 17.5015	-4.36211	106.367
		*TM_ROTAXIS -0.17367	0.96937	0.17367
		*TM_ROTANGLE 1.6019
		*TM_SCALE 1	1	1
		*TM_SCALEAXIS 0	0	0
		*TM_SCALEAXISANG 0	0	0
	}
}
*HELPEROBJECT {
	*NODE_NAME "Bip01 L Thigh"
	*NODE_PARENT "Bip01 Pelvis"
	*NODE_TM {
		*NODE_NAME "Bip01 L Thigh"
		*TM_ROW0 0.0534879	-0.0367886	-0.997891
		*TM_ROW1 -0.00216181	-0.999323	0.0367256
		*TM_ROW2 -0.998566	0.000192882	-0.0535313
		*TM_ROW3 9.01023	-8.01129	99.9496
		*TM_POS 9.01023	-8.01129	99.9496
		*TM_ROTAXIS 0.72572	-0.01342	-0.68786
		*TM_ROTANGLE 3.16677
		*TM_SCALE 1	1	1
		*TM_SCALEAXIS 0	0	0
		*TM_SCALEAXISANG 0	0	0
	}
}
*HELPEROBJECT {
	*NODE_NAME "Bip01 L Calf"
	*NODE_PARENT "Bip01 L Thigh"
	*NODE_TM {
		*NODE_NAME "Bip01 L Calf"
		*TM_ROW0 0.0525131	0.197552	-0.978885
		*TM_ROW1 0.0103904	-0.980292	-0.197278
		*TM_ROW2 -0.998566	0.000188708	-0.0535307
		*TM_ROW3 11.1149	-9.45845	60.6877
		*TM_POS 11.1149	-9.45845	60.6877
		*TM_ROTAXIS 0.723901	0.0721501	-0.686121
		*TM_ROTANGLE 3.00478
		*TM_SCALE 1	1	1
		*TM_SCALEAXIS 0	0	0
		*TM_SCALEAXISANG 0	0	0
	}
}
*HELPEROBJECT {
	*NODE_NAME "Bip01 L Foot"
	*NODE_PARENT "Bip01 L Calf"
	*NODE_TM {
		*NODE_NAME "Bip01 L Foot"
		*TM_ROW0 -6.00563e-007	7.23674e-006	-1
		*TM_ROW1 0.173652	-0.984807	-7.2672e-006
		*TM_ROW2 -0.984807	-0.173652	-5.93313e-007
		*TM_ROW3 13.6935	0.240668	12.6267
		*TM_POS 13.6935	0.240668	12.6267
		*TM_ROTAXIS 0.705757	0.0617498	-0.705757
		*TM_ROTANGLE 3.26493
		*TM_SCALE 1	1	1
		*TM_SCALEAXIS 0	0	0
		*TM_SCALEAXISANG 0	0	0
	}
}
*HELPEROBJECT {
	*NODE_NAME "Bip01 L Toe0"
	*NODE_PARENT "Bip01 L Foot"
	*NODE_TM {
		*NODE_NAME "Bip01 L Toe0"
		*TM_ROW0 0.173646	-0.984808	5.05606e-006
		*TM_ROW1 5.06961e-006	5.93591e-006	1
		*TM_ROW2 -0.984808	-0.173646	5.91983e-006
		*TM_ROW3 17.6256	-22.0591	-2.43328e-006
		*TM_POS 17.6256	-22.0591	-2.43328e-006
		*TM_ROTAXIS -0.644398	0.540718	0.540718
		*TM_ROTANGLE 1.99673
		*TM_SCALE 1	1	1
		*TM_SCALEAXIS 0	0	0
		*TM_SCALEAXISANG 0	0	0
	}
}
*HELPEROBJECT {
	*NODE_NAME "Bip01 R Thigh"
	*NODE_PARENT "Bip01 Pelvis"
	*NODE_TM {
		*NODE_NAME "Bip01 R Thigh"
		*TM_ROW0 -0.0535034	-0.0367749	-0.99789
		*TM_ROW1 0.00205776	-0.999324	0.0367174
		*TM_ROW2 -0.998566	-8.89041e-005	0.0535432
		*TM_ROW3 -9.01021	-8.01132	99.9496
		*TM_POS -9.01021	-8.01132	99.9496
		*TM_ROTAXIS 0.687862	-0.01262	-0.725732
		*TM_ROTANGLE 3.16835
		*TM_SCALE 1	1	1
		*TM_SCALEAXIS 0	0	0
		*TM_SCALEAXISANG 0	0	0
	}
}
*HELPEROBJECT {
	*NODE_NAME "Bip01 R Calf"
	*NODE_PARENT "Bip01 R Thigh"
	*NODE_TM {
		*NODE_NAME "Bip01 R Calf"
		*TM_ROW0 -0.0525024	0.197539	-0.978888
		*TM_ROW1 -0.0104967	-0.980295	-0.19726
		*TM_ROW2 -0.998566	-8.16062e-005	0.0535415
		*TM_ROW3 -11.1154	-9.45856	60.6878
		*TM_POS -11.1154	-9.45856	60.6878
		*TM_ROTAXIS 0.686298	0.0684898	-0.724088
		*TM_ROTANGLE 2.99744
		*TM_SCALE 1	1	1
		*TM_SCALEAXIS 0	0	0
		*TM_SCALEAXISANG 0	0	0
	}
}
*HELPEROBJECT {
	*NODE_NAME "Bip01 R Foot"
	*NODE_PARENT "Bip01 R Calf"
	*NODE_TM {
		*NODE_NAME "Bip01 R Foot"
		*TM_ROW0 -5.86066e-007	-7.25461e-006	-1
		*TM_ROW1 -0.173652	-0.984807	7.24331e-006
		*TM_ROW2 -0.984807	0.173652	-5.91966e-007
		*TM_ROW3 -13.6935	0.24065	12.6267
		*TM_POS -13.6935	0.24065	12.6267
		*TM_ROTAXIS 0.705757	-0.0617498	-0.705757
		*TM_ROTANGLE 3.01826
		*TM_SCALE 1	1	1
		*TM_SCALEAXIS 0	0	0
		*TM_SCALEAXISANG 0	0	0
	}
}
*HELPEROBJECT {
	*NODE_NAME "Bip01 R Toe0"
	*NODE_PARENT "Bip01 R Foot"
	*NODE_TM {
		*NODE_NAME "Bip01 R Toe0"
		*TM_ROW0 -0.173651	-0.984807	3.50312e-006
		*TM_ROW1 3.50539e-006	3.00781e-006	1
		*TM_ROW2 -0.984808	0.173651	3.01546e-006
		*TM_ROW3 -17.6255	-22.0592	3.52698e-005
		*TM_POS -17.6255	-22.0592	3.52698e-005
		*TM_ROTAXIS 0.510271	-0.608121	-0.608121
		*TM_ROTANGLE 4.08526
		*TM_SCALE 1	1	1
		*TM_SCALEAXIS 0	0	0
		*TM_SCALEAXISANG 0	0	0
	}
}
*HELPEROBJECT {
	*NODE_NAME "Dummy"
	*NODE_PARENT "Bip01 L Finger0"
	*NODE_TM {
		*NODE_NAME "Dummy"
		*TM_ROW0 -1	-0	0
		*TM_ROW1 -0	-1	0
		*TM_ROW2 -0	-0	1
		*TM_ROW3 29.4428	-14.9691	72.9478
		*TM_POS 29.4428	-14.9691	72.9478
		*TM_ROTAXIS 0	0	-1
		*TM_ROTANGLE 3.14159
		*TM_SCALE 1	1	1
		*TM_SCALEAXIS 0	0	0
		*TM_SCALEAXISANG 0	0	0
	}
}
*HELPEROBJECT {
	*NODE_NAME "Dummy1"
	*NODE_PARENT "Bip01 R Finger0"
	*NODE_TM {
		*NODE_NAME "Dummy1"
		*TM_ROW0 -1	-0	0
		*TM_ROW1 -0	-1	0
		*TM_ROW2 -0	-0	1
		*TM_ROW3 -29.4428	-14.9692	72.9479
		*TM_POS -29.4428	-14.9692	72.9479
		*TM_ROTAXIS 0	0	-1
		*TM_ROTANGLE 3.14159
		*TM_SCALE 1	1	1
		*TM_SCALEAXIS 0	0	0
		*TM_SCALEAXISANG 0	0	0
	}
}
*HELPEROBJECT {
	*NODE_NAME "Dummy2"
	*NODE_PARENT "Bip01 L Toe0"
	*NODE_TM {
		*NODE_NAME "Dummy2"
		*TM_ROW0 -1	-0	0
		*TM_ROW1 -0	-1	0
		*TM_ROW2 -0	-0	1
		*TM_ROW3 19.5916	-33.209	-6.31336
		*TM_POS 19.5916	-33.209	-6.31336
		*TM_ROTAXIS 0	0	-1
		*TM_ROTANGLE 3.14159
		*TM_SCALE 1	1	1
		*TM_SCALEAXIS 0	0	0
		*TM_SCALEAXISANG 0	0	0
	}
}
*HELPEROBJECT {
	*NODE_NAME "Dummy3"
	*NODE_PARENT "Bip01 R Toe0"
	*NODE_TM {
		*NODE_NAME "Dummy3"
		*TM_ROW0 -1	-0	0
		*TM_ROW1 -0	-1	0
		*TM_ROW2 -0	-0	1
		*TM_ROW3 -19.5915	-33.2091	-6.31332
		*TM_POS -19.5915	-33.2091	-6.31332
		*TM_ROTAXIS 0	0	-1
		*TM_ROTANGLE 3.14159
		*TM_SCALE 1	1	1
		*TM_SCALEAXIS 0	0	0
		*TM_SCALEAXISANG 0	0	0
	}
}
*GEOMOBJECT {
	*NODE_NAME "zm_Skin"
	*NODE_PARENT "Bip01"
	*NODE_TM {
		*NODE_NAME "zm_Skin"
		*TM_ROW0 -1	-0	0
		*TM_ROW1 -0	-1	0
		*TM_ROW2 -0	-0	1
		*TM_ROW3 -0	-0	0
		*TM_POS -0	-0	0
		*TM_ROTAXIS 0	0	-1
		*TM_ROTANGLE 3.14159
		*TM_SCALE 1	1	1
		*TM_SCALEAXIS 0	0	0
		*TM_SCALEAXISANG 0	0	0
	}
	*MATERIAL_REF 0
	*MESH_SOFTSKIN {
		*TIMEVALUE 0
		*MESH_NUMVERTEX 500
		*MESH_NUMFACES 978
		*MESH_VERTEX_LIST {
			*MESH_VERTEX 0	-15.4338	-24.4216	4.39555
			*MESH_VERTEX 1	22.701	-20.0081	58.1263
			*MESH_VERTEX 2	30.4439	-13.0706	3.35663
			*MESH_VERTEX 3	16.4053	-17.6886	101.141
			*MESH_VERTEX 4	-16.3685	1.40145	141.191
			*MESH_VERTEX 5	13.6146	3.31249	151.164
			*MESH_VERTEX 6	33.1068	-5.09369	91.0555
			*MESH_VERTEX 7	28.5337	4.2417	120.607
			*MESH_VERTEX 8	-24.7055	-12.733	92.4851
			*MESH_VERTEX 9	-28.5786	4.34852	120.986
			*MESH_VERTEX 10	0.01683	0.741376	167.168
			*MESH_VERTEX 11	-24.6423	12.3925	4.53297
			*MESH_VERTEX 12	15.1864	4.87506	3.22673
			*MESH_VERTEX 13	12.7048	-20.4654	0.609572
			*MESH_VERTEX 14	14.2987	-6.17603	13.378
			*MESH_VERTEX 15	27.1613	12.8519	3.72411
			*MESH_VERTEX 16	-14.5775	5.35524	3.42081
			*MESH_VERTEX 17	-13.6171	-20.025	-0.149149
			*MESH_VERTEX 18	-13.883	3.52848	16.1912
			*MESH_VERTEX 19	29.2	-9.02796	80.8717
			*MESH_VERTEX 20	30.0259	-14.8679	93.8741
			*MESH_VERTEX 21	-26.5124	-8.64884	79.3249
			*MESH_VERTEX 22	-27.3975	-3.06023	89.7114
			*MESH_VERTEX 23	14.6025	3.10347	16.1507
			*MESH_VERTEX 24	-23.0378	-21.1406	95.7074
			*MESH_VERTEX 25	-17.5569	10.4386	97.4393
			*MESH_VERTEX 26	23.705	-12.0401	87.9567
			*MESH_VERTEX 27	-24.4667	-15.4897	84.1698
			*MESH_VERTEX 28	-5.83856	-23.6383	142.628
			*MESH_VERTEX 29	-29.5065	0.64859	146.366
			*MESH_VERTEX 30	-22.8242	-3.63124	117.661
			*MESH_VERTEX 31	8.17303	4.01424	103.478
			*MESH_VERTEX 32	16.7177	10.221	97.5192
			*MESH_VERTEX 33	11.8836	-8.51241	118.884
			*MESH_VERTEX 34	5.87171	-23.5964	142.657
			*MESH_VERTEX 35	-10.7786	-18.9114	145.447
			*MESH_VERTEX 36	28.3102	-3.67322	96.4943
			*MESH_VERTEX 37	10.8203	-18.9006	145.455
			*MESH_VERTEX 38	26.3688	-10.5722	98.402
			*MESH_VERTEX 39	28.6159	-16.0874	81.4861
			*MESH_VERTEX 40	-33.6257	-5.63193	91.1329
			*MESH_VERTEX 41	-28.3165	-3.6405	96.3711
			*MESH_VERTEX 42	-26.3105	-10.5913	98.3219
			*MESH_VERTEX 43	24.4262	-12.2269	92.408
			*MESH_VERTEX 44	-30.0039	-14.9227	93.7281
			*MESH_VERTEX 45	27.7735	-3.15904	89.8821
			*MESH_VERTEX 46	28.3064	-6.40126	118.479
			*MESH_VERTEX 47	16.7281	1.34971	141.137
			*MESH_VERTEX 48	16.1612	-6.13658	151.194
			*MESH_VERTEX 49	-23.8731	-11.8241	90.6973
			*MESH_VERTEX 50	-27.3945	-14.3428	87.6727
			*MESH_VERTEX 51	-7.77143	4.96469	103.382
			*MESH_VERTEX 52	23.1619	-14.7806	83.5458
			*MESH_VERTEX 53	27.4822	-14.4281	87.5783
			*MESH_VERTEX 54	24.7038	0.609343	151.059
			*MESH_VERTEX 55	-16.2463	-17.5081	101.317
			*MESH_VERTEX 56	-28.9727	-11.6227	3.56722
			*MESH_VERTEX 57	25.394	-14.3094	80.233
			*MESH_VERTEX 58	-31.6659	-5.24214	97.0487
			*MESH_VERTEX 59	-9.62015	-15.5544	145.799
			*MESH_VERTEX 60	9.66453	-15.5436	145.807
			*MESH_VERTEX 61	-21.0003	-17.1524	0.0176155
			*MESH_VERTEX 62	-13.0538	3.49375	151.256
			*MESH_VERTEX 63	-15.5983	-5.9951	151.389
			*MESH_VERTEX 64	-12.9255	-7.00428	141.737
			*MESH_VERTEX 65	-10.421	-22.6292	137.293
			*MESH_VERTEX 66	3.97878	-19.6502	123.01
			*MESH_VERTEX 67	10.5334	-22.6427	137.223
			*MESH_VERTEX 68	21.596	-9.39479	152.279
			*MESH_VERTEX 69	-10.6921	-4.35349	120.339
			*MESH_VERTEX 70	0.0142378	-9.31397	151.937
			*MESH_VERTEX 71	0.0170498	-9.0769	164.021
			*MESH_VERTEX 72	-4.81942	-4.90692	165.496
			*MESH_VERTEX 73	-7.39947	-18.6723	127.93
			*MESH_VERTEX 74	23.2122	-21.2933	95.3786
			*MESH_VERTEX 75	4.76124	-4.91094	165.493
			*MESH_VERTEX 76	20.7729	-18.1424	0.459641
			*MESH_VERTEX 77	0.0375007	-19.6721	140.029
			*MESH_VERTEX 78	30.7954	-15.7193	85.4628
			*MESH_VERTEX 79	32.0158	-8.96642	83.2829
			*MESH_VERTEX 80	31.815	-13.6002	84.6432
			*MESH_VERTEX 81	-32.1635	-9.17673	82.8763
			*MESH_VERTEX 82	-30.8049	-15.9091	85.0323
			*MESH_VERTEX 83	-31.8685	-13.8082	84.2247
			*MESH_VERTEX 84	-28.6151	-11.2555	98.6595
			*MESH_VERTEX 85	-25.3515	-14.1759	80.3197
			*MESH_VERTEX 86	31.6665	-5.29767	97.1089
			*MESH_VERTEX 87	28.6527	-11.2351	98.6947
			*MESH_VERTEX 88	-19.5177	-2.27826	61.3135
			*MESH_VERTEX 89	-0.697193	17.4885	3.69956
			*MESH_VERTEX 90	21.2001	-1.54319	61.2501
			*MESH_VERTEX 91	27.7985	-14.6248	93.569
			*MESH_VERTEX 92	22.7964	-3.65187	117.405
			*MESH_VERTEX 93	-29.8275	-7.46091	84.8955
			*MESH_VERTEX 94	11.654	-2.73914	14.0782
			*MESH_VERTEX 95	3.74387	-1.87535	120.779
			*MESH_VERTEX 96	26.5013	-8.33022	97.2436
			*MESH_VERTEX 97	22.5098	5.36397	95.905
			*MESH_VERTEX 98	18.8917	-9.18028	103.427
			*MESH_VERTEX 99	-18.3129	-9.05246	103.487
			*MESH_VERTEX 100	16.5229	-2.65688	140.507
			*MESH_VERTEX 101	13.7579	-7.12283	141.02
			*MESH_VERTEX 102	29.7708	-7.50786	84.7651
			*MESH_VERTEX 103	-0.0459837	2.15405	156.9
			*MESH_VERTEX 104	14.7214	-8.33079	147.687
			*MESH_VERTEX 105	15.4017	-7.91823	143.68
			*MESH_VERTEX 106	-20.8385	-9.09875	152.743
			*MESH_VERTEX 107	-28.1139	-6.25757	118.683
			*MESH_VERTEX 108	-14.2255	-8.17772	147.874
			*MESH_VERTEX 109	-16.2195	-2.63652	140.573
			*MESH_VERTEX 110	-14.94	-7.82276	143.859
			*MESH_VERTEX 111	29.4619	-3.16007	90.0721
			*MESH_VERTEX 112	25.4646	-13.4265	92.9244
			*MESH_VERTEX 113	13.0143	-24.2711	4.47662
			*MESH_VERTEX 114	34.1555	-6.27565	91.5294
			*MESH_VERTEX 115	30.291	0.492312	144.988
			*MESH_VERTEX 116	-32.6089	-4.48294	90.6815
			*MESH_VERTEX 117	-28.4509	-14.7476	93.5239
			*MESH_VERTEX 118	-5.03534	-19.2439	140.838
			*MESH_VERTEX 119	5.07071	-19.2231	140.87
			*MESH_VERTEX 120	12.6044	-0.666763	153.04
			*MESH_VERTEX 121	-25.4822	-13.665	92.8717
			*MESH_VERTEX 122	-12.0752	-0.487057	153.143
			*MESH_VERTEX 123	-23.2011	5.64814	143.605
			*MESH_VERTEX 124	-26.8495	-12.0447	92.4894
			*MESH_VERTEX 125	-25.8564	-8.38233	97.312
			*MESH_VERTEX 126	-0.163427	-3.43656	13.1805
			*MESH_VERTEX 127	-31.49	0.486943	121.384
			*MESH_VERTEX 128	-34.0164	-12.1432	93.2121
			*MESH_VERTEX 129	32.5891	-0.902128	4.38918
			*MESH_VERTEX 130	-26.6009	-9.91459	88.6386
			*MESH_VERTEX 131	-23.6523	-11.9074	88.0413
			*MESH_VERTEX 132	-23.6952	0.974276	151.65
			*MESH_VERTEX 133	-11.3121	-2.58511	14.1367
			*MESH_VERTEX 134	-13.8324	-5.90595	13.3333
			*MESH_VERTEX 135	-5.20943	-20.486	141.297
			*MESH_VERTEX 136	-19.151	-4.16925	2.55263
			*MESH_VERTEX 137	32.299	-1.5395	114.12
			*MESH_VERTEX 138	34.0054	-12.128	93.3786
			*MESH_VERTEX 139	-4.06145	-5.56249	154.216
			*MESH_VERTEX 140	-5.0846	-1.43976	157.934
			*MESH_VERTEX 141	30.2788	-9.77606	79.463
			*MESH_VERTEX 142	4.05662	-5.79378	154.343
			*MESH_VERTEX 143	5.05083	-1.44254	157.934
			*MESH_VERTEX 144	-24.1903	-14.5717	89.9268
			*MESH_VERTEX 145	26.2817	-8.68206	80.3073
			*MESH_VERTEX 146	-30.3243	-9.73279	79.5943
			*MESH_VERTEX 147	-29.2539	-8.9701	80.9867
			*MESH_VERTEX 148	-15.7655	-2.5987	14.2709
			*MESH_VERTEX 149	-15.7343	-9.92414	8.31659
			*MESH_VERTEX 150	26.882	-11.9573	92.6698
			*MESH_VERTEX 151	-30.1869	0.339396	5.0278
			*MESH_VERTEX 152	-4.66482	-23.2668	136.768
			*MESH_VERTEX 153	0.0184103	-19.8593	130.575
			*MESH_VERTEX 154	4.68498	-23.191	136.846
			*MESH_VERTEX 155	21.8698	5.02564	145.416
			*MESH_VERTEX 156	-27.6118	-14.6542	93.4107
			*MESH_VERTEX 157	-34.1662	-6.24277	91.3716
			*MESH_VERTEX 158	-7.18453	6.48811	112.233
			*MESH_VERTEX 159	-9.39632	-20.6566	108.263
			*MESH_VERTEX 160	-9.616	-25.4335	58.4183
			*MESH_VERTEX 161	-21.3584	-21.0517	62.9118
			*MESH_VERTEX 162	-23.6994	4.24525	120.257
			*MESH_VERTEX 163	-20.1262	0.488498	120.883
			*MESH_VERTEX 164	-10.0162	-16.7796	115.9
			*MESH_VERTEX 165	6.56941	6.624	112.484
			*MESH_VERTEX 166	13.3361	-18.9045	131.128
			*MESH_VERTEX 167	14.5851	-9.9312	133.209
			*MESH_VERTEX 168	-11.8166	-0.830607	152.186
			*MESH_VERTEX 169	9.83328	-20.4027	109.373
			*MESH_VERTEX 170	-13.2987	-18.0874	130.732
			*MESH_VERTEX 171	-8.29347	-21.5919	129.481
			*MESH_VERTEX 172	7.2537	-18.6737	127.924
			*MESH_VERTEX 173	8.32399	-21.5919	129.481
			*MESH_VERTEX 174	26.7403	-9.75356	88.4628
			*MESH_VERTEX 175	-17.6872	1.54677	5.09235
			*MESH_VERTEX 176	-25.8559	-11.4958	144.313
			*MESH_VERTEX 177	-24.2628	-12.2043	92.2627
			*MESH_VERTEX 178	-16.1961	3.67367	145.585
			*MESH_VERTEX 179	-15.219	2.7953	141.967
			*MESH_VERTEX 180	12.2373	-0.961003	152.119
			*MESH_VERTEX 181	16.3853	-2.95633	14.4089
			*MESH_VERTEX 182	12.5928	2.95952	1.81996
			*MESH_VERTEX 183	-27.7041	-14.9565	82.7539
			*MESH_VERTEX 184	5.24617	-20.4441	141.326
			*MESH_VERTEX 185	14.0898	-19.2304	135.724
			*MESH_VERTEX 186	29.3842	-14.7972	93.7877
			*MESH_VERTEX 187	27.7738	-15.0387	82.6646
			*MESH_VERTEX 188	-13.1943	-19.3846	2.95925
			*MESH_VERTEX 189	-24.0427	-7.21651	90.6244
			*MESH_VERTEX 190	32.6995	-4.6348	90.8706
			*MESH_VERTEX 191	-12.0847	-9.3105	126.274
			*MESH_VERTEX 192	-23.4911	4.63163	95.8339
			*MESH_VERTEX 193	-12.047	-11.5941	117.823
			*MESH_VERTEX 194	23.9501	3.99852	119.929
			*MESH_VERTEX 195	24.397	-7.17005	90.7441
			*MESH_VERTEX 196	-12.1891	3.19339	1.83801
			*MESH_VERTEX 197	9.78769	5.08039	149.141
			*MESH_VERTEX 198	16.0567	2.6702	141.258
			*MESH_VERTEX 199	16.6951	3.53194	145.516
			*MESH_VERTEX 200	-14.074	-19.2305	135.724
			*MESH_VERTEX 201	10.7411	-9.505	148.903
			*MESH_VERTEX 202	26.471	-11.5494	142.828
			*MESH_VERTEX 203	18.3033	-11.6952	146.663
			*MESH_VERTEX 204	-10.7846	-9.48981	148.913
			*MESH_VERTEX 205	-13.4449	-8.11008	142.833
			*MESH_VERTEX 206	26.4816	-8.83548	79.036
			*MESH_VERTEX 207	-17.6928	-11.4928	147.072
			*MESH_VERTEX 208	13.8355	-8.1925	142.697
			*MESH_VERTEX 209	-11.6145	-8.59938	5.88653
			*MESH_VERTEX 210	-3.52031	-1.11981	166.673
			*MESH_VERTEX 211	-3.83585	-1.79956	120.779
			*MESH_VERTEX 212	-0.0531593	-3.27078	120.355
			*MESH_VERTEX 213	11.7888	-8.77421	6.15746
			*MESH_VERTEX 214	12.6174	-19.9257	3.5208
			*MESH_VERTEX 215	3.85563	-1.49419	166.539
			*MESH_VERTEX 216	-17.4031	-16.8525	109.418
			*MESH_VERTEX 217	-28.5309	-16.0153	81.5901
			*MESH_VERTEX 218	-26.7912	-8.7368	91.413
			*MESH_VERTEX 219	12.9518	2.81729	150.262
			*MESH_VERTEX 220	-9.49096	5.02971	149.142
			*MESH_VERTEX 221	-12.4043	2.98656	150.354
			*MESH_VERTEX 222	5.28106	-22.7718	132.032
			*MESH_VERTEX 223	25.4413	-13.5132	81.4604
			*MESH_VERTEX 224	-28.6513	-12.8617	92.9589
			*MESH_VERTEX 225	-31.1439	-9.20559	98.1992
			*MESH_VERTEX 226	24.2922	-14.7094	89.8542
			*MESH_VERTEX 227	26.6098	-8.62523	91.5646
			*MESH_VERTEX 228	23.911	-11.9369	90.6002
			*MESH_VERTEX 229	-25.4085	-13.3858	81.5388
			*MESH_VERTEX 230	-5.21325	-22.7608	132.091
			*MESH_VERTEX 231	19.0724	-5.04193	2.60974
			*MESH_VERTEX 232	20.3371	-13.335	3.40129
			*MESH_VERTEX 233	-26.3467	-8.56879	80.4041
			*MESH_VERTEX 234	18.9296	-8.18392	5.23357
			*MESH_VERTEX 235	12.6559	-9.39121	126.448
			*MESH_VERTEX 236	12.1679	-12.0558	117.592
			*MESH_VERTEX 237	28.6591	-12.746	93.1205
			*MESH_VERTEX 238	31.1486	-9.22213	98.2212
			*MESH_VERTEX 239	11.0035	-16.4431	129.459
			*MESH_VERTEX 240	-11.9068	-14.0018	4.2347
			*MESH_VERTEX 241	-17.714	-18.2338	2.70027
			*MESH_VERTEX 242	-14.5234	-10.1143	133.373
			*MESH_VERTEX 243	26.1613	-6.8427	97.3147
			*MESH_VERTEX 244	15.0878	0.208144	111.853
			*MESH_VERTEX 245	11.5235	-5.12889	151.837
			*MESH_VERTEX 246	-18.8901	-7.44573	5.12704
			*MESH_VERTEX 247	-20.5925	-12.4088	3.14814
			*MESH_VERTEX 248	29.7186	2.18554	113.787
			*MESH_VERTEX 249	-15.149	-1.58603	103.382
			*MESH_VERTEX 250	16.4236	4.12312	139.707
			*MESH_VERTEX 251	-25.2346	-11.3457	58.9343
			*MESH_VERTEX 252	-3.89126	-19.629	123.03
			*MESH_VERTEX 253	-8.94099	-15.5045	123.761
			*MESH_VERTEX 254	-0.0997672	13.2533	96.849
			*MESH_VERTEX 255	24.23	-13.9139	84.06
			*MESH_VERTEX 256	25.9987	-14.2516	87.3582
			*MESH_VERTEX 257	14.8685	-1.37671	103.391
			*MESH_VERTEX 258	0.0358408	-22.8244	141.359
			*MESH_VERTEX 259	5.6752	-22.6282	143.268
			*MESH_VERTEX 260	15.602	-10.3644	8.54949
			*MESH_VERTEX 261	11.7655	-14.1331	4.83022
			*MESH_VERTEX 262	16.6704	-18.9533	3.3158
			*MESH_VERTEX 263	-23.4163	-14.7594	83.718
			*MESH_VERTEX 264	-25.9156	-14.1383	87.4447
			*MESH_VERTEX 265	-24.4976	-13.9134	84.2413
			*MESH_VERTEX 266	-5.64358	-22.6642	143.238
			*MESH_VERTEX 267	-11.0678	-16.3606	129.481
			*MESH_VERTEX 268	-13.7241	-6.56114	138.637
			*MESH_VERTEX 269	26.4217	-11.3907	59.0807
			*MESH_VERTEX 270	10.7821	4.63334	139.046
			*MESH_VERTEX 271	24.2285	-15.4903	83.9926
			*MESH_VERTEX 272	-26.336	-6.41844	97.0787
			*MESH_VERTEX 273	17.4757	-16.7231	109.785
			*MESH_VERTEX 274	10.1669	-17.0813	115.668
			*MESH_VERTEX 275	8.97929	-15.5499	123.729
			*MESH_VERTEX 276	-10.8999	4.66841	139.07
			*MESH_VERTEX 277	-18.8981	-12.0058	140.718
			*MESH_VERTEX 278	-22.9256	-0.427914	117.417
			*MESH_VERTEX 279	-29.5008	2.41551	114.12
			*MESH_VERTEX 280	-29.4326	-3.02911	89.9203
			*MESH_VERTEX 281	-28.712	-3.03929	89.8487
			*MESH_VERTEX 282	-25.3539	2.24769	117.57
			*MESH_VERTEX 283	16.9457	-1.72585	151.678
			*MESH_VERTEX 284	10.6124	-22.3285	132.438
			*MESH_VERTEX 285	5.59018	-22.1514	108.303
			*MESH_VERTEX 286	-4.37663	-1.49738	125.614
			*MESH_VERTEX 287	4.32855	-1.50656	125.686
			*MESH_VERTEX 288	-0.0224233	-2.16559	125.812
			*MESH_VERTEX 289	-10.3442	-22.3908	132.338
			*MESH_VERTEX 290	0.0361775	-18.8401	139.628
			*MESH_VERTEX 291	8.93424	-14.9582	145.22
			*MESH_VERTEX 292	-8.89169	-14.9687	145.212
			*MESH_VERTEX 293	11.5678	-4.93639	126.257
			*MESH_VERTEX 294	9.30071	-4.74976	120.267
			*MESH_VERTEX 295	-12.224	-4.59697	126.232
			*MESH_VERTEX 296	-15.9169	-2.67406	139.082
			*MESH_VERTEX 297	-15.2656	1.64611	141.042
			*MESH_VERTEX 298	0.000240077	-21.0023	135.467
			*MESH_VERTEX 299	-16.4026	4.01197	2.11393
			*MESH_VERTEX 300	25.1115	-5.83955	117.966
			*MESH_VERTEX 301	-16.2736	-1.50251	151.83
			*MESH_VERTEX 302	-11.1551	-5.0212	151.901
			*MESH_VERTEX 303	17.2519	2.56939	150.036
			*MESH_VERTEX 304	16.7499	3.26181	1.90159
			*MESH_VERTEX 305	-15.899	4.11824	140.328
			*MESH_VERTEX 306	-24.6937	-5.58189	118.107
			*MESH_VERTEX 307	17.9792	0.861436	5.09561
			*MESH_VERTEX 308	16.7897	-3.3361	11.6833
			*MESH_VERTEX 309	22.9103	-0.455427	117.1
			*MESH_VERTEX 310	25.3497	2.21124	117.191
			*MESH_VERTEX 311	19.33	-11.9584	139.739
			*MESH_VERTEX 312	16.152	-2.72677	139.025
			*MESH_VERTEX 313	15.6567	1.5561	140.945
			*MESH_VERTEX 314	5.57689	2.0577	154.344
			*MESH_VERTEX 315	-0.263452	7.0262	111.634
			*MESH_VERTEX 316	0.0345131	-22.2452	142.026
			*MESH_VERTEX 317	-17.2516	1.10626	1.29428
			*MESH_VERTEX 318	6.90063	6.96955	78.8126
			*MESH_VERTEX 319	0.00682586	5.78863	103.314
			*MESH_VERTEX 320	-13.3243	4.32939	146.414
			*MESH_VERTEX 321	20.4149	0.376434	120.59
			*MESH_VERTEX 322	-30.3184	-4.05149	118.83
			*MESH_VERTEX 323	-16.2851	-2.8598	11.5818
			*MESH_VERTEX 324	30.5212	-4.20414	118.567
			*MESH_VERTEX 325	-14.5836	-15.3125	132.733
			*MESH_VERTEX 326	12.1347	-5.49546	2.6373
			*MESH_VERTEX 327	12.3747	-0.0366779	1.21645
			*MESH_VERTEX 328	-16.6279	2.71846	150.128
			*MESH_VERTEX 329	-21.2588	5.23499	145.655
			*MESH_VERTEX 330	11.4377	-3.06362	11.4546
			*MESH_VERTEX 331	-20.9718	-12.2683	-0.335102
			*MESH_VERTEX 332	-21.2363	-16.0495	1.49918
			*MESH_VERTEX 333	-16.0843	0.239969	111.454
			*MESH_VERTEX 334	-17.7501	-8.48698	111.319
			*MESH_VERTEX 335	7.93165	-23.8616	78.2399
			*MESH_VERTEX 336	-7.95151	2.40183	131.866
			*MESH_VERTEX 337	-14.2972	-3.01137	133.378
			*MESH_VERTEX 338	-5.50756	1.74598	154.556
			*MESH_VERTEX 339	-0.0933875	4.00979	149.46
			*MESH_VERTEX 340	11.9812	-19.2421	140.229
			*MESH_VERTEX 341	-5.04425	-22.0446	108.427
			*MESH_VERTEX 342	-11.84	-13.9476	-0.415956
			*MESH_VERTEX 343	-11.9546	-19.2307	140.237
			*MESH_VERTEX 344	-11.3866	0.687527	4.7172
			*MESH_VERTEX 345	-11.0433	-2.8742	11.4862
			*MESH_VERTEX 346	14.8974	4.04236	146.249
			*MESH_VERTEX 347	11.3718	-14.2774	0.165475
			*MESH_VERTEX 348	-31.2423	-10.7793	92.5799
			*MESH_VERTEX 349	7.94277	2.2754	131.784
			*MESH_VERTEX 350	30.9966	-0.590879	118.274
			*MESH_VERTEX 351	31.2759	-4.81987	122.204
			*MESH_VERTEX 352	-31.0245	-4.66722	122.374
			*MESH_VERTEX 353	-30.7809	-0.430818	118.6
			*MESH_VERTEX 354	31.1896	-10.6854	92.7354
			*MESH_VERTEX 355	25.1126	-12.6714	79.4182
			*MESH_VERTEX 356	-23.2809	-7.25211	122.154
			*MESH_VERTEX 357	31.7229	0.217799	121.091
			*MESH_VERTEX 358	13.9237	-5.34082	138.013
			*MESH_VERTEX 359	-25.1061	-12.5321	79.5063
			*MESH_VERTEX 360	-19.3359	-19.5701	78.8999
			*MESH_VERTEX 361	23.8123	5.5881	142.676
			*MESH_VERTEX 362	20.6147	-17.0228	1.96978
			*MESH_VERTEX 363	-27.9629	-7.53958	122.897
			*MESH_VERTEX 364	-31.7498	-6.67104	91.3143
			*MESH_VERTEX 365	-31.1044	-4.44608	96.7781
			*MESH_VERTEX 366	30.1683	-2.54252	144.753
			*MESH_VERTEX 367	12.6071	0.641311	14.4106
			*MESH_VERTEX 368	15.2471	5.04067	5.80505
			*MESH_VERTEX 369	11.7025	0.422627	4.76417
			*MESH_VERTEX 370	31.6548	-6.63846	91.4841
			*MESH_VERTEX 371	31.1034	-4.49687	96.8533
			*MESH_VERTEX 372	14.4624	-3.25593	133.205
			*MESH_VERTEX 373	-6.9295	7.47545	60.8003
			*MESH_VERTEX 374	-21.9149	-19.7958	58.177
			*MESH_VERTEX 375	-14.7098	5.48756	5.97093
			*MESH_VERTEX 376	14.7137	-14.6704	137.013
			*MESH_VERTEX 377	6.88205	-1.54568	155.447
			*MESH_VERTEX 378	28.7074	-12.8213	86.365
			*MESH_VERTEX 379	-12.1051	-5.20665	2.40896
			*MESH_VERTEX 380	-28.6547	-12.7555	86.4714
			*MESH_VERTEX 381	-17.6894	-2.02872	79.2968
			*MESH_VERTEX 382	-29.5149	-14.2136	80.514
			*MESH_VERTEX 383	19.1943	-1.54292	79.3807
			*MESH_VERTEX 384	-7.28965	-22.6904	100.314
			*MESH_VERTEX 385	-25.8764	-9.92332	98.0961
			*MESH_VERTEX 386	19.8158	-9.21112	0.244197
			*MESH_VERTEX 387	29.5594	-14.2693	80.3984
			*MESH_VERTEX 388	24.2917	-8.0306	91.0109
			*MESH_VERTEX 389	25.9002	-9.87841	98.1806
			*MESH_VERTEX 390	25.1304	-7.69408	113.94
			*MESH_VERTEX 391	-14.8198	-14.6644	137.019
			*MESH_VERTEX 392	-29.171	3.03985	118.075
			*MESH_VERTEX 393	-7.35301	-1.48133	155.256
			*MESH_VERTEX 394	-32.0863	-1.28594	114.455
			*MESH_VERTEX 395	-24.9135	-7.46995	114.197
			*MESH_VERTEX 396	28.2354	-7.64874	122.605
			*MESH_VERTEX 397	-11.7373	-8.11595	118.795
			*MESH_VERTEX 398	2.66709	-7.41218	164.65
			*MESH_VERTEX 399	8.04478	7.58361	62.5028
			*MESH_VERTEX 400	-9.16737	-25.3867	63.3321
			*MESH_VERTEX 401	-2.75379	-7.29263	164.695
			*MESH_VERTEX 402	9.43312	4.11576	149.415
			*MESH_VERTEX 403	-28.9499	-5.94217	88.4691
			*MESH_VERTEX 404	-29.1753	-5.53825	90.6637
			*MESH_VERTEX 405	-29.17	-3.55002	96.3955
			*MESH_VERTEX 406	-19.9319	-8.25815	0.176341
			*MESH_VERTEX 407	29.1043	-5.53823	90.8571
			*MESH_VERTEX 408	29.1985	-3.60118	96.5122
			*MESH_VERTEX 409	14.4627	-15.3984	132.67
			*MESH_VERTEX 410	29.0471	3.06143	117.645
			*MESH_VERTEX 411	-9.03823	4.10117	149.59
			*MESH_VERTEX 412	12.1414	-10.0568	0.498495
			*MESH_VERTEX 413	-5.82307	7.15955	78.4147
			*MESH_VERTEX 414	20.0405	-19.5822	78.7358
			*MESH_VERTEX 415	25.2581	-12.1386	80.7324
			*MESH_VERTEX 416	-25.2556	-12.0069	80.8132
			*MESH_VERTEX 417	-25.7185	2.05455	113.795
			*MESH_VERTEX 418	31.7984	-5.42493	114.91
			*MESH_VERTEX 419	15.9011	0.554161	14.7305
			*MESH_VERTEX 420	17.4837	-8.60238	111.763
			*MESH_VERTEX 421	14.1202	-6.48086	138.002
			*MESH_VERTEX 422	-26.3445	-10.8083	144.589
			*MESH_VERTEX 423	27.6594	-11.195	98.6394
			*MESH_VERTEX 424	0.808684	17.2468	3.24283
			*MESH_VERTEX 425	-12.2376	-9.65221	0.155152
			*MESH_VERTEX 426	-15.3231	3.14335	140.016
			*MESH_VERTEX 427	-31.5932	-5.18026	115.197
			*MESH_VERTEX 428	-27.6187	-11.2169	98.5879
			*MESH_VERTEX 429	3.71684	-20.4958	115.186
			*MESH_VERTEX 430	-12.4639	-12.4075	143.584
			*MESH_VERTEX 431	-12.4167	1.05214	14.5665
			*MESH_VERTEX 432	25.8154	1.90074	113.481
			*MESH_VERTEX 433	29.2943	-7.71943	115.178
			*MESH_VERTEX 434	15.8263	3.16209	139.406
			*MESH_VERTEX 435	28.4471	-13.6519	82.3536
			*MESH_VERTEX 436	-28.4052	-13.5819	82.4511
			*MESH_VERTEX 437	22.9195	-4.3249	114.451
			*MESH_VERTEX 438	-13.525	-5.43989	138.63
			*MESH_VERTEX 439	-3.58667	-20.4594	115.238
			*MESH_VERTEX 440	-0.000649752	4.81889	137.821
			*MESH_VERTEX 441	-0.000396679	2.75122	131.537
			*MESH_VERTEX 442	8.76445	-25.1857	62.7838
			*MESH_VERTEX 443	20.6072	-4.01996	121.666
			*MESH_VERTEX 444	23.644	-7.40187	121.886
			*MESH_VERTEX 445	-29.0888	-7.48884	115.429
			*MESH_VERTEX 446	6.93961	-22.6224	99.86
			*MESH_VERTEX 447	-22.9162	-0.696314	114.003
			*MESH_VERTEX 448	-15.4874	-0.113199	14.4287
			*MESH_VERTEX 449	-20.3271	-3.91836	121.939
			*MESH_VERTEX 450	23.4464	-10.9981	79.1865
			*MESH_VERTEX 451	26.5493	-7.40016	94.9979
			*MESH_VERTEX 452	-22.8356	-4.18078	114.694
			*MESH_VERTEX 453	12.3525	-12.4007	143.589
			*MESH_VERTEX 454	17.5453	0.226327	2.35396
			*MESH_VERTEX 455	17.2991	4.32664	140.055
			*MESH_VERTEX 456	-22.4497	-10.6359	79.0774
			*MESH_VERTEX 457	27.0066	-10.8386	143.098
			*MESH_VERTEX 458	20.595	-13.3574	-0.0283685
			*MESH_VERTEX 459	-26.5093	-7.39765	94.9269
			*MESH_VERTEX 460	-24.1136	-8.02538	90.8955
			*MESH_VERTEX 461	-26.1272	-6.96169	97.2279
			*MESH_VERTEX 462	-19.8634	-11.9094	141.201
			*MESH_VERTEX 463	-24.9394	-6.44976	90.4949
			*MESH_VERTEX 464	23.007	-0.843156	113.731
			*MESH_VERTEX 465	22.149	-20.3513	62.8547
			*MESH_VERTEX 466	29.2677	-6.04415	88.4144
			*MESH_VERTEX 467	-29.045	1.23577	146.141
			*MESH_VERTEX 468	-0.0890836	5.28993	149.446
			*MESH_VERTEX 469	-16.5521	-13.3088	4.95592
