*3DSMAX_ASCIIEXPORT	110
*COMMENT "[ GothicSourcer v3.10 ] - August 2006"
*SCENE {
	*SCENE_FILENAME "ARMOR_PAL_H.MAX"
	*SCENE_FIRSTFRAME 0
	*SCENE_LASTFRAME 100
	*SCENE_FRAMESPEED 25
	*SCENE_TICKSPERFRAME 192
	*SCENE_BACKGROUND_STATIC 0	0	0
	*SCENE_AMBIENT_STATIC 0.2	0.2	0.2
}
*MATERIAL_LIST {
	*MATERIAL_COUNT 2
	*MATERIAL 0 {
		*MATERIAL_NAME "PAL-RUESTUNG"
		*MATERIAL_CLASS "Standard"
		*MATERIAL_AMBIENT 0.352941	0.345098	0.341176
		*MATERIAL_DIFFUSE 0.352941	0.345098	0.341176
		*MATERIAL_SPECULAR 0.9	0.9	0.9
		*MATERIAL_SHINE 0.1
		*MATERIAL_SHINESTRENGTH 0
		*MATERIAL_TRANSPARENCY 0
		*MATERIAL_WIRESIZE 1
		*MATERIAL_SHADING Blinn
		*MATERIAL_XP_FALLOFF 0
		*MATERIAL_SELFILLUM 0
		*MATERIAL_FALLOFF In
		*MATERIAL_XP_TYPE Filter
		*MAP_DIFFUSE {
			*MAP_NAME "Map #1"
			*MAP_CLASS "Bitmap"
			*MAP_SUBNO 1
			*MAP_AMOUNT 1
			*BITMAP "PALADIN.TGA"
			*MAP_TYPE Screen
			*UVW_U_OFFSET 0
			*UVW_V_OFFSET 0
			*UVW_U_TILING 1
			*UVW_V_TILING 1
			*UVW_ANGLE 0
			*UVW_BLUR 1
			*UVW_BLUR_OFFSET 0
			*UVW_NOUSE_AMT 1
			*UVW_NOISE_SIZE 1
			*UVW_NOISE_LEVEL 1
			*UVW_NOISE_PHASE 0
			*BITMAP_FILTER Pyramidal
		}
	}
	*MATERIAL 1 {
		*MATERIAL_NAME "PAL-HELM"
		*MATERIAL_CLASS "Standard"
		*MATERIAL_AMBIENT 0.45098	0.447059	0.435294
		*MATERIAL_DIFFUSE 0.45098	0.447059	0.435294
		*MATERIAL_SPECULAR 0.9	0.9	0.9
		*MATERIAL_SHINE 0.1
		*MATERIAL_SHINESTRENGTH 0
		*MATERIAL_TRANSPARENCY 0
		*MATERIAL_WIRESIZE 1
		*MATERIAL_SHADING Blinn
		*MATERIAL_XP_FALLOFF 0
		*MATERIAL_SELFILLUM 0
		*MATERIAL_FALLOFF In
		*MATERIAL_XP_TYPE Filter
		*MAP_DIFFUSE {
			*MAP_NAME "Map #2"
			*MAP_CLASS "Bitmap"
			*MAP_SUBNO 1
			*MAP_AMOUNT 1
			*BITMAP "PAL-HELM.TGA"
			*MAP_TYPE Screen
			*UVW_U_OFFSET 0
			*UVW_V_OFFSET 0
			*UVW_U_TILING 1
			*UVW_V_TILING 1
			*UVW_ANGLE 0
			*UVW_BLUR 1
			*UVW_BLUR_OFFSET 0
			*UVW_NOUSE_AMT 1
			*UVW_NOISE_SIZE 1
			*UVW_NOISE_LEVEL 1
			*UVW_NOISE_PHASE 0
			*BITMAP_FILTER Pyramidal
		}
	}
}
*HELPEROBJECT {
	*NODE_NAME "Bip01"
	*NODE_TM {
		*NODE_NAME "Bip01"
		*TM_ROW0 6.27438e-006	-1	0
		*TM_ROW1 1	6.27438e-006	0
		*TM_ROW2 -0	-0	1
		*TM_ROW3 0	-7.37745	99.9496
		*TM_POS 0	-7.37745	99.9496
		*TM_ROTAXIS 0	0	1
		*TM_ROTANGLE 1.57079
		*TM_SCALE 1	1	1
		*TM_SCALEAXIS 0	0	0
		*TM_SCALEAXISANG 0	0	0
	}
}
*HELPEROBJECT {
	*NODE_NAME "Bip01 Pelvis"
	*NODE_PARENT "Bip01"
	*NODE_TM {
		*NODE_NAME "Bip01 Pelvis"
		*TM_ROW0 -5.96014e-008	1.79264e-006	1
		*TM_ROW1 -1.79264e-006	-1	1.79264e-006
		*TM_ROW2 1	-1.79264e-006	-5.96014e-008
		*TM_ROW3 1e-005	-8.0113	99.9496
		*TM_POS 1e-005	-8.0113	99.9496
		*TM_ROTAXIS 0.707107	0	0.707107
		*TM_ROTANGLE 3.1416
		*TM_SCALE 1	1	1
		*TM_SCALEAXIS 0	0	0
		*TM_SCALEAXISANG 0	0	0
	}
}
*HELPEROBJECT {
	*NODE_NAME "Bip01 Spine"
	*NODE_PARENT "Bip01 Pelvis"
	*NODE_TM {
		*NODE_NAME "Bip01 Spine"
		*TM_ROW0 6.6944e-008	-0.0205947	0.999788
		*TM_ROW1 5.48642e-006	-0.999788	-0.0205947
		*TM_ROW2 1	5.48642e-006	6.6944e-008
		*TM_ROW3 1e-005	-7.92216	102.35
		*TM_POS 1e-005	-7.92216	102.35
		*TM_ROTAXIS 0.707088	-0.00727998	0.707088
		*TM_ROTANGLE 3.12703
		*TM_SCALE 1	1	1
		*TM_SCALEAXIS 0	0	0
		*TM_SCALEAXISANG 0	0	0
	}
}
*HELPEROBJECT {
	*NODE_NAME "Bip01 Spine1"
	*NODE_PARENT "Bip01 Spine"
	*NODE_TM {
		*NODE_NAME "Bip01 Spine1"
		*TM_ROW0 6.76996e-008	-0.00276992	0.999996
		*TM_ROW1 -1.92621e-006	-0.999996	-0.00276991
		*TM_ROW2 1	-1.92621e-006	6.76996e-008
		*TM_ROW3 1e-005	-8.11442	112.175
		*TM_POS 1e-005	-8.11442	112.175
		*TM_ROTAXIS -0.707107	0.000979995	-0.707106
		*TM_ROTANGLE 3.14355
		*TM_SCALE 1	1	1
		*TM_SCALEAXIS 0	0	0
		*TM_SCALEAXISANG 0	0	0
	}
}
*HELPEROBJECT {
	*NODE_NAME "Bip01 Spine2"
	*NODE_PARENT "Bip01 Spine1"
	*NODE_TM {
		*NODE_NAME "Bip01 Spine2"
		*TM_ROW0 3.48622e-008	0.180243	0.983622
		*TM_ROW1 1.67638e-006	-0.983622	0.180243
		*TM_ROW2 1	1.67638e-006	3.48621e-008
		*TM_ROW3 1e-005	-8.1264	124.961
		*TM_POS 1e-005	-8.1264	124.961
		*TM_ROTAXIS 0.705652	0.0641202	0.705652
		*TM_ROTANGLE 3.26966
		*TM_SCALE 1	1	1
		*TM_SCALEAXIS 0	0	0
		*TM_SCALEAXISANG 0	0	0
	}
}
*HELPEROBJECT {
	*NODE_NAME "Bip01 Neck"
	*NODE_PARENT "Bip01 Spine2"
	*NODE_TM {
		*NODE_NAME "Bip01 Neck"
		*TM_ROW0 6.08698e-007	-0.167043	0.98595
		*TM_ROW1 4.70132e-006	-0.98595	-0.167043
		*TM_ROW2 1	4.70132e-006	6.08698e-007
		*TM_ROW3 -2.11471e-012	-2.71656	154.454
		*TM_POS -2.11471e-012	-2.71656	154.454
		*TM_ROTAXIS -0.70586	0.05937	-0.705859
		*TM_ROTANGLE 3.2602
		*TM_SCALE 1	1	1
		*TM_SCALEAXIS 0	0	0
		*TM_SCALEAXISANG 0	0	0
	}
}
*HELPEROBJECT {
	*NODE_NAME "Bip01 Head"
	*NODE_PARENT "Bip01 Neck"
	*NODE_TM {
		*NODE_NAME "Bip01 Head"
		*TM_ROW0 -5.96015e-008	1.76921e-006	1
		*TM_ROW1 -1.79264e-006	-1	1.77916e-006
		*TM_ROW2 1	-1.79264e-006	-5.96014e-008
		*TM_ROW3 1.63729e-011	-3.85901	161.198
		*TM_POS 1.63729e-011	-3.85901	161.198
		*TM_ROTAXIS -0.707107	4.76653e-009	-0.707107
		*TM_ROTANGLE 3.14159
		*TM_SCALE 1	1	1
		*TM_SCALEAXIS 0	0	0
		*TM_SCALEAXISANG 0	0	0
	}
}
*HELPEROBJECT {
	*NODE_NAME "ZS_HELMET"
	*NODE_PARENT "Bip01 Head"
	*NODE_TM {
		*NODE_NAME "ZS_HELMET"
		*TM_ROW0 1	5.73874e-013	4.35659e-014
		*TM_ROW1 -4.07319e-013	0.996917	-0.0784593
		*TM_ROW2 -4.76109e-014	0.0784593	0.996918
		*TM_ROW3 1e-005	-7.06248	173.704
		*TM_POS 1e-005	-7.06248	173.704
		*TM_ROTAXIS 1	5.81045e-013	-6.25288e-012
		*TM_ROTANGLE 0.078541
		*TM_SCALE 1	1	1
		*TM_SCALEAXIS 0	0	0
		*TM_SCALEAXISANG 0	0	0
	}
}
*HELPEROBJECT {
	*NODE_NAME "Bip01 L Clavicle"
	*NODE_PARENT "Bip01 Neck"
	*NODE_TM {
		*NODE_NAME "Bip01 L Clavicle"
		*TM_ROW0 0.935229	-0.203893	-0.289439
		*TM_ROW1 0.156435	0.971369	-0.178803
		*TM_ROW2 0.317608	0.121943	0.940348
		*TM_ROW3 7.96399	-1.25804	148.729
		*TM_POS 7.96399	-1.25804	148.729
		*TM_ROTAXIS 0.391939	-0.791119	0.469589
		*TM_ROTANGLE 0.39376
		*TM_SCALE 1	1	1
		*TM_SCALEAXIS 0	0	0
		*TM_SCALEAXISANG 0	0	0
	}
}
*HELPEROBJECT {
	*NODE_NAME "Bip01 L UpperArm"
	*NODE_PARENT "Bip01 L Clavicle"
	*NODE_TM {
		*NODE_NAME "Bip01 L UpperArm"
		*TM_ROW0 0.246229	0.0989026	-0.964152
		*TM_ROW1 0.412789	0.889345	0.196649
		*TM_ROW2 0.876913	-0.446412	0.178157
		*TM_ROW3 20.4269	-3.97508	144.872
		*TM_POS 20.4269	-3.97508	144.872
		*TM_ROTAXIS -0.325561	-0.932072	0.15891
		*TM_ROTANGLE 1.41328
		*TM_SCALE 1	1	1
		*TM_SCALEAXIS 0	0	0
		*TM_SCALEAXISANG 0	0	0
	}
}
*HELPEROBJECT {
	*NODE_NAME "Bip01 L Forearm"
	*NODE_PARENT "Bip01 L UpperArm"
	*NODE_TM {
		*NODE_NAME "Bip01 L Forearm"
		*TM_ROW0 0.0455122	-0.291882	-0.955371
		*TM_ROW1 0.478489	0.845886	-0.235638
		*TM_ROW2 0.876913	-0.44641	0.17816
		*TM_ROW3 27.2982	-1.21526	117.966
		*TM_POS 27.2982	-1.21526	117.966
		*TM_ROTAXIS -0.10545	-0.916697	0.385419
		*TM_ROTANGLE 1.53601
		*TM_SCALE 1	1	1
		*TM_SCALEAXIS 0	0	0
		*TM_SCALEAXISANG 0	0	0
	}
}
*HELPEROBJECT {
	*NODE_NAME "Bip01 L Hand"
	*NODE_PARENT "Bip01 L Forearm"
	*NODE_TM {
		*NODE_NAME "Bip01 L Hand"
		*TM_ROW0 0.0455132	-0.291886	-0.95537
		*TM_ROW1 -0.876533	0.44708	-0.17835
		*TM_ROW2 0.479185	0.845531	-0.2355
		*TM_ROW3 28.5642	-9.33439	91.391
		*TM_POS 28.5642	-9.33439	91.391
		*TM_ROTAXIS 0.551391	-0.772552	-0.314851
		*TM_ROTANGLE 1.95137
		*TM_SCALE 1	1	1
		*TM_SCALEAXIS 0	0	0
		*TM_SCALEAXISANG 0	0	0
	}
}
*HELPEROBJECT {
	*NODE_NAME "Bip01 L Finger0"
	*NODE_PARENT "Bip01 L Hand"
	*NODE_TM {
		*NODE_NAME "Bip01 L Finger0"
		*TM_ROW0 0.0455152	-0.291888	-0.955369
		*TM_ROW1 -0.876915	0.446405	-0.178165
		*TM_ROW2 0.478485	0.845886	-0.235643
		*TM_ROW3 29.15	-13.0909	79.0956
		*TM_POS 29.15	-13.0909	79.0956
		*TM_ROTAXIS 0.551581	-0.772311	-0.31511
		*TM_ROTANGLE 1.95181
		*TM_SCALE 1	1	1
		*TM_SCALEAXIS 0	0	0
		*TM_SCALEAXISANG 0	0	0
	}
}
*HELPEROBJECT {
	*NODE_NAME "ZS_LEFTHAND"
	*NODE_PARENT "Bip01 L Hand"
	*NODE_TM {
		*NODE_NAME "ZS_LEFTHAND"
		*TM_ROW0 0.435606	0.890062	-0.134303
		*TM_ROW1 0.180312	-0.232461	-0.955745
		*TM_ROW2 -0.881893	0.392112	-0.261751
		*TM_ROW3 26.7605	-11.5468	82.7857
		*TM_POS 26.7605	-11.5468	82.7857
		*TM_ROTAXIS 0.794322	0.440571	-0.418271
		*TM_ROTANGLE 2.12858
		*TM_SCALE 1	1	1
		*TM_SCALEAXIS 0	0	0
		*TM_SCALEAXISANG 0	0	0
	}
}
*HELPEROBJECT {
	*NODE_NAME "ZS_LEFTARM"
	*NODE_PARENT "Bip01 L Forearm"
	*NODE_TM {
		*NODE_NAME "ZS_LEFTARM"
		*TM_ROW0 0.0759923	-0.150176	-0.985735
		*TM_ROW1 0.524499	0.846792	-0.0885736
		*TM_ROW2 0.848013	-0.510285	0.143117
		*TM_ROW3 26.9101	-7.67833	110.055
		*TM_POS 26.9101	-7.67833	110.055
		*TM_ROTAXIS -0.21097	-0.917372	0.337521
		*TM_ROTANGLE 1.53784
		*TM_SCALE 1	1	1
		*TM_SCALEAXIS 0	0	0
		*TM_SCALEAXISANG 0	0	0
	}
}
*HELPEROBJECT {
	*NODE_NAME "Bip01 R Clavicle"
	*NODE_PARENT "Bip01 Neck"
	*NODE_TM {
		*NODE_NAME "Bip01 R Clavicle"
		*TM_ROW0 -0.935227	-0.203899	-0.28944
		*TM_ROW1 -0.156442	0.971369	-0.178799
		*TM_ROW2 0.317609	-0.121937	-0.940349
		*TM_ROW3 -7.96398	-1.25806	148.729
		*TM_POS -7.96398	-1.25806	148.729
		*TM_ROTAXIS -0.0929799	0.992639	-0.0775999
		*TM_ROTANGLE 3.45235
		*TM_SCALE 1	1	1
		*TM_SCALEAXIS 0	0	0
		*TM_SCALEAXISANG 0	0	0
	}
}
*HELPEROBJECT {
	*NODE_NAME "Bip01 R UpperArm"
	*NODE_PARENT "Bip01 R Clavicle"
	*NODE_TM {
		*NODE_NAME "Bip01 R UpperArm"
		*TM_ROW0 -0.246232	0.0988932	-0.964153
		*TM_ROW1 -0.412793	0.889345	0.196642
		*TM_ROW2 0.876911	0.446415	-0.178163
		*TM_ROW3 -20.4269	-3.97513	144.872
		*TM_POS -20.4269	-3.97513	144.872
		*TM_ROTAXIS 0.12961	-0.955353	-0.265521
		*TM_ROTANGLE 1.84162
		*TM_SCALE 1	1	1
		*TM_SCALEAXIS 0	0	0
		*TM_SCALEAXISANG 0	0	0
	}
}
*HELPEROBJECT {
	*NODE_NAME "Bip01 R Forearm"
	*NODE_PARENT "Bip01 R UpperArm"
	*NODE_TM {
		*NODE_NAME "Bip01 R Forearm"
		*TM_ROW0 -0.0455087	-0.291889	-0.955369
		*TM_ROW1 -0.478487	0.845885	-0.235646
		*TM_ROW2 0.876915	0.446408	-0.17816
		*TM_ROW3 -27.2982	-1.21534	117.966
		*TM_POS -27.2982	-1.21534	117.966
		*TM_ROTAXIS 0.347279	-0.932937	-0.0950097
		*TM_ROTANGLE 1.76083
		*TM_SCALE 1	1	1
		*TM_SCALEAXIS 0	0	0
		*TM_SCALEAXISANG 0	0	0
	}
}
*HELPEROBJECT {
	*NODE_NAME "Bip01 R Hand"
	*NODE_PARENT "Bip01 R Forearm"
	*NODE_TM {
		*NODE_NAME "Bip01 R Hand"
		*TM_ROW0 -0.0455115	-0.291885	-0.95537
		*TM_ROW1 0.87653	0.447088	-0.17835
		*TM_ROW2 0.479192	-0.845527	0.235499
		*TM_ROW3 -28.5642	-9.33445	91.3911
		*TM_POS -28.5642	-9.33445	91.3911
		*TM_ROTAXIS -0.33922	-0.72939	0.59407
		*TM_ROTANGLE 1.75327
		*TM_SCALE 1	1	1
		*TM_SCALEAXIS 0	0	0
		*TM_SCALEAXISANG 0	0	0
	}
}
*HELPEROBJECT {
	*NODE_NAME "Bip01 R Finger0"
	*NODE_PARENT "Bip01 R Hand"
	*NODE_TM {
		*NODE_NAME "Bip01 R Finger0"
		*TM_ROW0 -0.0455056	-0.291877	-0.955373
		*TM_ROW1 0.876914	0.446413	-0.178152
		*TM_ROW2 0.478489	-0.845886	0.235636
		*TM_ROW3 -29.1499	-13.0909	79.0956
		*TM_POS -29.1499	-13.0909	79.0956
		*TM_ROTAXIS -0.33952	-0.729071	0.594291
		*TM_ROTANGLE 1.75354
		*TM_SCALE 1	1	1
		*TM_SCALEAXIS 0	0	0
		*TM_SCALEAXISANG 0	0	0
	}
}
*HELPEROBJECT {
	*NODE_NAME "ZS_RIGHTHAND"
	*NODE_PARENT "Bip01 R Hand"
	*NODE_TM {
		*NODE_NAME "ZS_RIGHTHAND"
		*TM_ROW0 -0.464344	0.856417	-0.225687
		*TM_ROW1 0.177861	0.339806	0.923525
		*TM_ROW2 0.867612	0.388692	-0.31011
		*TM_ROW3 -20.9389	-19.9852	85.8932
		*TM_POS -20.9389	-19.9852	85.8932
		*TM_ROTAXIS 0.383811	0.784581	0.486951
		*TM_ROTANGLE 3.91244
		*TM_SCALE 1	1	1
		*TM_SCALEAXIS 0	0	0
		*TM_SCALEAXISANG 0	0	0
	}
}
*HELPEROBJECT {
	*NODE_NAME "ZS_CROSSBOW"
	*NODE_PARENT "Bip01 Spine2"
	*NODE_TM {
		*NODE_NAME "ZS_CROSSBOW"
		*TM_ROW0 -0.382687	-0.111464	0.91713
		*TM_ROW1 -0.923878	0.0461715	-0.379891
		*TM_ROW2 -1.2517e-006	-0.992695	-0.120648
		*TM_ROW3 -14.434	10.5915	165.98
		*TM_POS -14.434	10.5915	165.98
		*TM_ROTAXIS -0.447329	0.669479	-0.593039
		*TM_ROTANGLE 2.38705
		*TM_SCALE 1	1	1
		*TM_SCALEAXIS 0	0	0
		*TM_SCALEAXISANG 0	0	0
	}
}
*HELPEROBJECT {
	*NODE_NAME "ZS_LONGSWORD"
	*NODE_PARENT "Bip01 Spine2"
	*NODE_TM {
		*NODE_NAME "ZS_LONGSWORD"
		*TM_ROW0 -0.499829	-0.0915011	0.861277
		*TM_ROW1 -0.865729	0.0828188	-0.493614
		*TM_ROW2 -0.0261636	-0.992355	-0.12061
		*TM_ROW3 -18.1593	6.92629	157.64
		*TM_POS -18.1593	6.92629	157.64
		*TM_ROTAXIS -0.38996	0.69388	-0.60536
		*TM_ROTANGLE 2.44778
		*TM_SCALE 1	1	1
		*TM_SCALEAXIS 0	0	0
		*TM_SCALEAXISANG 0	0	0
	}
}
*HELPEROBJECT {
	*NODE_NAME "ZS_SHIELD"
	*NODE_PARENT "Bip01 Spine2"
	*NODE_TM {
		*NODE_NAME "ZS_SHIELD"
		*TM_ROW0 -0.0138681	0.114196	-0.993362
		*TM_ROW1 -0.908393	0.413755	0.0602465
		*TM_ROW2 0.417888	0.903198	0.0979964
		*TM_ROW3 8.76511	9.5282	131.875
		*TM_POS 8.76511	9.5282	131.875
		*TM_ROTAXIS 0.435421	-0.728972	-0.528212
		*TM_ROTANGLE 1.82457
		*TM_SCALE 1	1	1
		*TM_SCALEAXIS 0	0	0
		*TM_SCALEAXISANG 0	0	0
	}
}
*HELPEROBJECT {
	*NODE_NAME "ZS_BOW"
	*NODE_PARENT "Bip01 Spine2"
	*NODE_TM {
		*NODE_NAME "ZS_BOW"
		*TM_ROW0 -0.341816	-0.0868229	0.935748
		*TM_ROW1 0.0119438	0.995242	0.0967059
		*TM_ROW2 -0.939691	0.044232	-0.339153
		*TM_ROW3 0.5012	12.4143	124.55
		*TM_POS 0.5012	12.4143	124.55
		*TM_ROTAXIS -0.0279299	0.998227	0.0525698
		*TM_ROTANGLE 1.92076
		*TM_SCALE 1	1	1
		*TM_SCALEAXIS 0	0	0
		*TM_SCALEAXISANG 0	0	0
	}
}
*HELPEROBJECT {
	*NODE_NAME "ZS_SWORD"
	*NODE_PARENT "Bip01 Spine"
	*NODE_TM {
		*NODE_NAME "ZS_SWORD"
		*TM_ROW0 5.79068e-007	-0.347172	0.937802
		*TM_ROW1 1.04308e-007	0.937802	0.347172
		*TM_ROW2 -1	-1.04308e-007	5.79068e-007
		*TM_ROW3 17.5015	-4.36211	106.367
		*TM_POS 17.5015	-4.36211	106.367
		*TM_ROTAXIS -0.17367	0.96937	0.17367
		*TM_ROTANGLE 1.6019
		*TM_SCALE 1	1	1
		*TM_SCALEAXIS 0	0	0
		*TM_SCALEAXISANG 0	0	0
	}
}
*HELPEROBJECT {
	*NODE_NAME "Bip01 L Thigh"
	*NODE_PARENT "Bip01 Pelvis"
	*NODE_TM {
		*NODE_NAME "Bip01 L Thigh"
		*TM_ROW0 0.0534879	-0.0367886	-0.997891
		*TM_ROW1 -0.00216181	-0.999323	0.0367256
		*TM_ROW2 -0.998566	0.000192882	-0.0535313
		*TM_ROW3 9.01023	-8.01129	99.9496
		*TM_POS 9.01023	-8.01129	99.9496
		*TM_ROTAXIS 0.72572	-0.01342	-0.68786
		*TM_ROTANGLE 3.16677
		*TM_SCALE 1	1	1
		*TM_SCALEAXIS 0	0	0
		*TM_SCALEAXISANG 0	0	0
	}
}
*HELPEROBJECT {
	*NODE_NAME "Bip01 L Calf"
	*NODE_PARENT "Bip01 L Thigh"
	*NODE_TM {
		*NODE_NAME "Bip01 L Calf"
		*TM_ROW0 0.0525131	0.197552	-0.978885
		*TM_ROW1 0.0103904	-0.980292	-0.197278
		*TM_ROW2 -0.998566	0.000188708	-0.0535307
		*TM_ROW3 11.1149	-9.45845	60.6877
		*TM_POS 11.1149	-9.45845	60.6877
		*TM_ROTAXIS 0.723901	0.0721501	-0.686121
		*TM_ROTANGLE 3.00478
		*TM_SCALE 1	1	1
		*TM_SCALEAXIS 0	0	0
		*TM_SCALEAXISANG 0	0	0
	}
}
*HELPEROBJECT {
	*NODE_NAME "Bip01 L Foot"
	*NODE_PARENT "Bip01 L Calf"
	*NODE_TM {
		*NODE_NAME "Bip01 L Foot"
		*TM_ROW0 -6.00563e-007	7.23674e-006	-1
		*TM_ROW1 0.173652	-0.984807	-7.2672e-006
		*TM_ROW2 -0.984807	-0.173652	-5.93313e-007
		*TM_ROW3 13.6935	0.240668	12.6267
		*TM_POS 13.6935	0.240668	12.6267
		*TM_ROTAXIS 0.705757	0.0617498	-0.705757
		*TM_ROTANGLE 3.26493
		*TM_SCALE 1	1	1
		*TM_SCALEAXIS 0	0	0
		*TM_SCALEAXISANG 0	0	0
	}
}
*HELPEROBJECT {
	*NODE_NAME "Bip01 L Toe0"
	*NODE_PARENT "Bip01 L Foot"
	*NODE_TM {
		*NODE_NAME "Bip01 L Toe0"
		*TM_ROW0 0.173646	-0.984808	5.05606e-006
		*TM_ROW1 5.06961e-006	5.93591e-006	1
		*TM_ROW2 -0.984808	-0.173646	5.91983e-006
		*TM_ROW3 17.6256	-22.0591	-2.43328e-006
		*TM_POS 17.6256	-22.0591	-2.43328e-006
		*TM_ROTAXIS -0.644398	0.540718	0.540718
		*TM_ROTANGLE 1.99673
		*TM_SCALE 1	1	1
		*TM_SCALEAXIS 0	0	0
		*TM_SCALEAXISANG 0	0	0
	}
}
*HELPEROBJECT {
	*NODE_NAME "Bip01 R Thigh"
	*NODE_PARENT "Bip01 Pelvis"
	*NODE_TM {
		*NODE_NAME "Bip01 R Thigh"
		*TM_ROW0 -0.0535034	-0.0367749	-0.99789
		*TM_ROW1 0.00205776	-0.999324	0.0367174
		*TM_ROW2 -0.998566	-8.89041e-005	0.0535432
		*TM_ROW3 -9.01021	-8.01132	99.9496
		*TM_POS -9.01021	-8.01132	99.9496
		*TM_ROTAXIS 0.687862	-0.01262	-0.725732
		*TM_ROTANGLE 3.16835
		*TM_SCALE 1	1	1
		*TM_SCALEAXIS 0	0	0
		*TM_SCALEAXISANG 0	0	0
	}
}
*HELPEROBJECT {
	*NODE_NAME "Bip01 R Calf"
	*NODE_PARENT "Bip01 R Thigh"
	*NODE_TM {
		*NODE_NAME "Bip01 R Calf"
		*TM_ROW0 -0.0525024	0.197539	-0.978888
		*TM_ROW1 -0.0104967	-0.980295	-0.19726
		*TM_ROW2 -0.998566	-8.16062e-005	0.0535415
		*TM_ROW3 -11.1154	-9.45856	60.6878
		*TM_POS -11.1154	-9.45856	60.6878
		*TM_ROTAXIS 0.686298	0.0684898	-0.724088
		*TM_ROTANGLE 2.99744
		*TM_SCALE 1	1	1
		*TM_SCALEAXIS 0	0	0
		*TM_SCALEAXISANG 0	0	0
	}
}
*HELPEROBJECT {
	*NODE_NAME "Bip01 R Foot"
	*NODE_PARENT "Bip01 R Calf"
	*NODE_TM {
		*NODE_NAME "Bip01 R Foot"
		*TM_ROW0 -5.86066e-007	-7.25461e-006	-1
		*TM_ROW1 -0.173652	-0.984807	7.24331e-006
		*TM_ROW2 -0.984807	0.173652	-5.91966e-007
		*TM_ROW3 -13.6935	0.24065	12.6267
		*TM_POS -13.6935	0.24065	12.6267
		*TM_ROTAXIS 0.705757	-0.0617498	-0.705757
		*TM_ROTANGLE 3.01826
		*TM_SCALE 1	1	1
		*TM_SCALEAXIS 0	0	0
		*TM_SCALEAXISANG 0	0	0
	}
}
*HELPEROBJECT {
	*NODE_NAME "Bip01 R Toe0"
	*NODE_PARENT "Bip01 R Foot"
	*NODE_TM {
		*NODE_NAME "Bip01 R Toe0"
		*TM_ROW0 -0.173651	-0.984807	3.50312e-006
		*TM_ROW1 3.50539e-006	3.00781e-006	1
		*TM_ROW2 -0.984808	0.173651	3.01546e-006
		*TM_ROW3 -17.6255	-22.0592	3.52698e-005
		*TM_POS -17.6255	-22.0592	3.52698e-005
		*TM_ROTAXIS 0.510271	-0.608121	-0.608121
		*TM_ROTANGLE 4.08526
		*TM_SCALE 1	1	1
		*TM_SCALEAXIS 0	0	0
		*TM_SCALEAXISANG 0	0	0
	}
}
*HELPEROBJECT {
	*NODE_NAME "Dummy"
	*NODE_PARENT "Bip01 L Finger0"
	*NODE_TM {
		*NODE_NAME "Dummy"
		*TM_ROW0 -1	-0	0
		*TM_ROW1 -0	-1	0
		*TM_ROW2 -0	-0	1
		*TM_ROW3 29.4428	-14.9691	72.9478
		*TM_POS 29.4428	-14.9691	72.9478
		*TM_ROTAXIS 0	0	-1
		*TM_ROTANGLE 3.14159
		*TM_SCALE 1	1	1
		*TM_SCALEAXIS 0	0	0
		*TM_SCALEAXISANG 0	0	0
	}
}
*HELPEROBJECT {
	*NODE_NAME "Dummy1"
	*NODE_PARENT "Bip01 R Finger0"
	*NODE_TM {
		*NODE_NAME "Dummy1"
		*TM_ROW0 -1	-0	0
		*TM_ROW1 -0	-1	0
		*TM_ROW2 -0	-0	1
		*TM_ROW3 -29.4428	-14.9692	72.9479
		*TM_POS -29.4428	-14.9692	72.9479
		*TM_ROTAXIS 0	0	-1
		*TM_ROTANGLE 3.14159
		*TM_SCALE 1	1	1
		*TM_SCALEAXIS 0	0	0
		*TM_SCALEAXISANG 0	0	0
	}
}
*HELPEROBJECT {
	*NODE_NAME "Dummy2"
	*NODE_PARENT "Bip01 L Toe0"
	*NODE_TM {
		*NODE_NAME "Dummy2"
		*TM_ROW0 -1	-0	0
		*TM_ROW1 -0	-1	0
		*TM_ROW2 -0	-0	1
		*TM_ROW3 19.5916	-33.209	-6.31336
		*TM_POS 19.5916	-33.209	-6.31336
		*TM_ROTAXIS 0	0	-1
		*TM_ROTANGLE 3.14159
		*TM_SCALE 1	1	1
		*TM_SCALEAXIS 0	0	0
		*TM_SCALEAXISANG 0	0	0
	}
}
*HELPEROBJECT {
	*NODE_NAME "Dummy3"
	*NODE_PARENT "Bip01 R Toe0"
	*NODE_TM {
		*NODE_NAME "Dummy3"
		*TM_ROW0 -1	-0	0
		*TM_ROW1 -0	-1	0
		*TM_ROW2 -0	-0	1
		*TM_ROW3 -19.5915	-33.2091	-6.31332
		*TM_POS -19.5915	-33.2091	-6.31332
		*TM_ROTAXIS 0	0	-1
		*TM_ROTANGLE 3.14159
		*TM_SCALE 1	1	1
		*TM_SCALEAXIS 0	0	0
		*TM_SCALEAXISANG 0	0	0
	}
}
*GEOMOBJECT {
	*NODE_NAME "zm_Skin"
	*NODE_PARENT "Bip01"
	*NODE_TM {
		*NODE_NAME "zm_Skin"
		*TM_ROW0 -1	-0	0
		*TM_ROW1 -0	-1	0
		*TM_ROW2 -0	-0	1
		*TM_ROW3 -0	-0	0
		*TM_POS -0	-0	0
		*TM_ROTAXIS 0	0	-1
		*TM_ROTANGLE 3.14159
		*TM_SCALE 1	1	1
		*TM_SCALEAXIS 0	0	0
		*TM_SCALEAXISANG 0	0	0
	}
	*MATERIAL_REF 0
	*MESH_SOFTSKIN {
		*TIMEVALUE 0
		*MESH_NUMVERTEX 569
		*MESH_NUMFACES 1028
		*MESH_VERTEX_LIST {
			*MESH_VERTEX 0	17.7996	-17.9011	160.175
			*MESH_VERTEX 1	-21.2589	-18.9833	76.029
			*MESH_VERTEX 2	-22.6042	-3.26272	118.761
			*MESH_VERTEX 3	-12.6051	8.43116	0.270104
			*MESH_VERTEX 4	-12.7568	-19.356	82.5099
			*MESH_VERTEX 5	-21.0296	-0.288545	49.4021
			*MESH_VERTEX 6	-15.7313	-26.876	-0.0909327
			*MESH_VERTEX 7	28.2304	-7.0952	75.8986
			*MESH_VERTEX 8	14.0746	14.2166	163.848
			*MESH_VERTEX 9	-16.0714	4.52488	161.982
			*MESH_VERTEX 10	13.7467	-18.272	82.1003
			*MESH_VERTEX 11	7.81558	1.73357	12.2132
			*MESH_VERTEX 12	12.2188	1.02689	81.346
			*MESH_VERTEX 13	-17.7995	-17.9012	160.175
			*MESH_VERTEX 14	-19.5952	3.74379	133.929
			*MESH_VERTEX 15	1.03698	-8.73391	81.2593
			*MESH_VERTEX 16	-28.2305	-7.09506	75.8986
			*MESH_VERTEX 17	8.06956	10.8181	75.8032
			*MESH_VERTEX 18	-16.923	-28.1235	79.8421
			*MESH_VERTEX 19	-5.21026	11.2499	87.8027
			*MESH_VERTEX 20	20.3841	5.70779	76.8777
			*MESH_VERTEX 21	15.7633	-15.9466	147.359
			*MESH_VERTEX 22	-15.7517	-15.963	147.365
			*MESH_VERTEX 23	-42.5669	3.51801	115.972
			*MESH_VERTEX 24	-29.268	-8.59493	122.591
			*MESH_VERTEX 25	-38.3141	7.00015	127.646
			*MESH_VERTEX 26	21.6102	2.825	58.262
			*MESH_VERTEX 27	19.6866	-11.0015	68.2003
			*MESH_VERTEX 28	22.1588	-6.82495	50.5018
			*MESH_VERTEX 29	-21.652	0.348809	58.1595
			*MESH_VERTEX 30	-19.0728	-13.4736	67.8822
			*MESH_VERTEX 31	-21.4786	-9.13841	50.186
			*MESH_VERTEX 32	38.7397	-7.94247	142.578
			*MESH_VERTEX 33	15.4526	-1.14724	135.288
			*MESH_VERTEX 34	-12.4966	-0.0492102	80.8854
			*MESH_VERTEX 35	-5.31128	-0.0466569	166.412
			*MESH_VERTEX 36	-2.40713e-005	-12.3088	160.914
			*MESH_VERTEX 37	0.0239668	-11.3214	149.183
			*MESH_VERTEX 38	-3.65668	-25.9232	90.9647
			*MESH_VERTEX 39	-4.9577	-30.0425	79.7823
			*MESH_VERTEX 40	18.5113	-26.6118	79.0916
			*MESH_VERTEX 41	6.71046	-29.3157	78.7929
			*MESH_VERTEX 42	17.7074	1.87711	90.008
			*MESH_VERTEX 43	14.4249	-19.9033	91.2646
			*MESH_VERTEX 44	16.7972	-22.2681	73.2289
			*MESH_VERTEX 45	9.50489	0.496333	156.231
			*MESH_VERTEX 46	-9.48288	0.506835	156.269
			*MESH_VERTEX 47	1.03764	0.249401	50.1101
			*MESH_VERTEX 48	2.08251	-11.1298	64.2635
			*MESH_VERTEX 49	0.875785	1.24456	60.6278
			*MESH_VERTEX 50	-0.691257	-7.85737	81.1368
			*MESH_VERTEX 51	-0.818571	-0.804187	50.3646
			*MESH_VERTEX 52	-1.42625	-12.4839	64.2722
			*MESH_VERTEX 53	-0.908324	-0.0185356	60.8396
			*MESH_VERTEX 54	5.75861	5.07892	10.3978
			*MESH_VERTEX 55	9.5782	-4.12676	10.989
			*MESH_VERTEX 56	5.80639	-0.284268	18.9036
			*MESH_VERTEX 57	5.3973	-25.4321	91.8131
			*MESH_VERTEX 58	-19.8753	-19.4517	84.5457
			*MESH_VERTEX 59	21.2589	-18.9835	76.0291
			*MESH_VERTEX 60	22.6051	-3.30546	118.678
			*MESH_VERTEX 61	19.8725	-19.4718	84.5138
			*MESH_VERTEX 62	-38.6836	-8.98855	143.266
			*MESH_VERTEX 63	-13.4135	18.1174	157.214
			*MESH_VERTEX 64	9.16288	10.88	148.665
			*MESH_VERTEX 65	5.31131	-0.046695	166.412
			*MESH_VERTEX 66	39.5371	8.11449	120.898
			*MESH_VERTEX 67	29.3579	-8.50778	122.532
			*MESH_VERTEX 68	42.5413	3.09322	115.033
			*MESH_VERTEX 69	-5.15228	4.39134	10.6493
			*MESH_VERTEX 70	-5.03894	-1.27245	19.0307
			*MESH_VERTEX 71	-6.12016	-3.59079	7.35774
			*MESH_VERTEX 72	-20.2689	3.44148	9.26345
			*MESH_VERTEX 73	-19.9355	1.34088	20.9544
			*MESH_VERTEX 74	-18.1216	-3.71996	12.5583
			*MESH_VERTEX 75	3.39849	-6.59933	46.7176
			*MESH_VERTEX 76	-2.70172	-7.69679	46.7689
			*MESH_VERTEX 77	21.153	4.42843	9.36825
			*MESH_VERTEX 78	20.3999	2.27854	21.0537
			*MESH_VERTEX 79	19.0558	-2.64721	12.6441
			*MESH_VERTEX 80	21.1965	1.95927	49.4945
			*MESH_VERTEX 81	-25.1749	-8.49035	77.7687
			*MESH_VERTEX 82	-19.8969	-10.659	90.6505
			*MESH_VERTEX 83	-13.5516	-20.3613	91.0319
			*MESH_VERTEX 84	-15.4426	-23.9387	73.8043
			*MESH_VERTEX 85	-8.08758	10.515	75.269
			*MESH_VERTEX 86	-20.3857	4.58941	75.9234
			*MESH_VERTEX 87	-17.9879	1.16402	89.3322
			*MESH_VERTEX 88	-18.6405	0.2292	70.0783
			*MESH_VERTEX 89	5.06168	11.5342	88.0015
			*MESH_VERTEX 90	18.4308	2.19403	70.6057
			*MESH_VERTEX 91	-13.7008	-7.42357	13.9613
			*MESH_VERTEX 92	38.4213	7.03683	127.706
			*MESH_VERTEX 93	-40.9545	-2.64405	113.336
			*MESH_VERTEX 94	-11.9705	16.2588	150.425
			*MESH_VERTEX 95	-9.16673	10.8781	148.667
			*MESH_VERTEX 96	13.6212	9.2976	0.10323
			*MESH_VERTEX 97	16.7222	-26.0136	0.148397
			*MESH_VERTEX 98	-24.3657	9.4895	141.338
			*MESH_VERTEX 99	-15.5379	-1.90994	134.831
			*MESH_VERTEX 100	23.9394	11.11	135.921
			*MESH_VERTEX 101	44.6157	-5.23918	122.514
			*MESH_VERTEX 102	-38.2812	-5.06099	121.891
			*MESH_VERTEX 103	-39.4037	8.05712	121.483
			*MESH_VERTEX 104	-44.527	-5.31747	122.754
			*MESH_VERTEX 105	-40.4614	-0.46998	123.014
			*MESH_VERTEX 106	-25.3232	-11.1974	59.7306
			*MESH_VERTEX 107	-21.0718	-13.7018	58.1716
			*MESH_VERTEX 108	-21.7989	-8.07501	59.392
			*MESH_VERTEX 109	25.9373	-8.44903	60.1414
			*MESH_VERTEX 110	21.8745	-11.2333	58.5562
			*MESH_VERTEX 111	22.2383	-5.55227	59.6842
			*MESH_VERTEX 112	-32.5504	-5.78064	144.885
			*MESH_VERTEX 113	20.2026	-9.51059	90.7426
			*MESH_VERTEX 114	25.5401	-6.7779	78.1748
			*MESH_VERTEX 115	3.27346	10.799	102.509
			*MESH_VERTEX 116	8.11649	-13.7292	-0.705505
			*MESH_VERTEX 117	-30.6317	4.98092	153.393
			*MESH_VERTEX 118	-36.3746	6.38048	154.384
			*MESH_VERTEX 119	-33.9135	3.24404	150.719
			*MESH_VERTEX 120	30.316	5.3276	152.985
			*MESH_VERTEX 121	35.8762	7.03658	153.828
			*MESH_VERTEX 122	33.5244	3.82972	150.25
			*MESH_VERTEX 123	-23.914	11.3291	135.823
			*MESH_VERTEX 124	-31.9726	8.91965	141.121
			*MESH_VERTEX 125	-36.2638	3.33861	149.651
			*MESH_VERTEX 126	32.55	-6.19888	144.891
			*MESH_VERTEX 127	35.8215	4.05121	149.105
			*MESH_VERTEX 128	16.6266	4.67943	161.513
			*MESH_VERTEX 129	31.0685	9.35437	140.82
			*MESH_VERTEX 130	32.3194	9.59529	111.281
			*MESH_VERTEX 131	31.7638	3.37056	145.489
			*MESH_VERTEX 132	24.1862	9.64709	141.356
			*MESH_VERTEX 133	19.5584	3.80863	133.914
			*MESH_VERTEX 134	30.2629	-5.76819	154.282
			*MESH_VERTEX 135	35.6369	-7.74373	157.203
			*MESH_VERTEX 136	33.0303	-6.53292	151.417
			*MESH_VERTEX 137	-30.028	-6.27064	154.679
			*MESH_VERTEX 138	-35.2295	-8.5466	157.848
			*MESH_VERTEX 139	-32.8105	-7.20992	151.93
			*MESH_VERTEX 140	-23.9895	-15.3839	150.334
			*MESH_VERTEX 141	-26.8972	-20.7895	151.585
			*MESH_VERTEX 142	-27.0533	-15.8497	147.951
			*MESH_VERTEX 143	24.7041	-15.0472	150.09
			*MESH_VERTEX 144	27.9071	-20.2238	151.188
			*MESH_VERTEX 145	27.7074	-15.3352	147.606
			*MESH_VERTEX 146	5.36439	4.95262	13.837
			*MESH_VERTEX 147	-35.5192	-11.7132	79.0463
			*MESH_VERTEX 148	-19.0763	2.48894	13.719
			*MESH_VERTEX 149	-22.8908	-19.8418	-0.158185
			*MESH_VERTEX 150	35.5191	-11.7133	79.0463
			*MESH_VERTEX 151	14.8857	-6.43217	13.9479
			*MESH_VERTEX 152	19.914	3.35996	13.792
			*MESH_VERTEX 153	23.888	-18.9855	0.144537
			*MESH_VERTEX 154	20.1448	-5.15349	124.65
			*MESH_VERTEX 155	16.5144	-19.7274	140.851
			*MESH_VERTEX 156	20.4282	-11.4258	142.126
			*MESH_VERTEX 157	-31.4857	2.95626	144.545
			*MESH_VERTEX 158	-38.1714	5.53341	113.261
			*MESH_VERTEX 159	-14.0495	-24.62	55.8301
			*MESH_VERTEX 160	-3.63208	-19.616	82.2221
			*MESH_VERTEX 161	-3.3827	0.586342	48.8274
			*MESH_VERTEX 162	-18.3119	-6.188	159.299
			*MESH_VERTEX 163	-7.10257	-14.5914	-0.663853
			*MESH_VERTEX 164	-7.11189	0.892216	12.3615
			*MESH_VERTEX 165	15.5675	-22.5969	56.2984
			*MESH_VERTEX 166	4.66696	-19.1259	81.6814
			*MESH_VERTEX 167	3.54329	1.75605	48.5836
			*MESH_VERTEX 168	40.2803	1.04629	131.265
			*MESH_VERTEX 169	12.0829	3.84888	159.249
			*MESH_VERTEX 170	-19.6498	5.8559	11.8119
			*MESH_VERTEX 171	-21.0602	-1.35542	9.04755
			*MESH_VERTEX 172	-17.9114	-1.0611	14.5505
			*MESH_VERTEX 173	20.4107	6.89637	11.8068
			*MESH_VERTEX 174	21.9675	-0.335549	9.19823
			*MESH_VERTEX 175	18.4791	-0.206517	14.6375
			*MESH_VERTEX 176	0.012085	-21.7032	146.55
			*MESH_VERTEX 177	-12.0806	3.85499	159.25
			*MESH_VERTEX 178	-15.7056	-19.725	140.772
			*MESH_VERTEX 179	-17.747	-10.3502	138.764
			*MESH_VERTEX 180	-9.70022	1.86699	114.186
			*MESH_VERTEX 181	40.74	-3.22305	112.94
			*MESH_VERTEX 182	38.3563	-4.9805	121.756
			*MESH_VERTEX 183	-40.1615	1.09938	131.223
			*MESH_VERTEX 184	36.3752	-1.6798	120.109
			*MESH_VERTEX 185	26.2816	-12.3318	130.163
			*MESH_VERTEX 186	25.0381	-13.3884	94.2354
			*MESH_VERTEX 187	28.6085	-20.7651	81.0676
			*MESH_VERTEX 188	-20.7873	5.76418	138.607
			*MESH_VERTEX 189	17.9886	-8.83918	82.5979
			*MESH_VERTEX 190	-17.5963	-10.475	82.5498
			*MESH_VERTEX 191	-25.0458	-13.3748	94.2414
			*MESH_VERTEX 192	-28.6085	-20.765	81.0676
			*MESH_VERTEX 193	9.94961	1.85826	114.019
			*MESH_VERTEX 194	-22.1669	-12.2157	71.9131
			*MESH_VERTEX 195	22.7319	-10.5807	71.967
			*MESH_VERTEX 196	-0.732581	5.70375	156.741
			*MESH_VERTEX 197	-36.3556	-1.708	120.149
			*MESH_VERTEX 198	4.67458	8.38019	69.9887
			*MESH_VERTEX 199	28.7319	-5.43211	157.703
			*MESH_VERTEX 200	-28.5476	-5.86731	158.005
			*MESH_VERTEX 201	18.2411	-6.24708	159.355
			*MESH_VERTEX 202	37.6857	3.44306	109.931
			*MESH_VERTEX 203	-23.2161	-8.23058	91.9885
			*MESH_VERTEX 204	9.3332	-18.269	114.547
			*MESH_VERTEX 205	20.1641	6.21137	-1.68319
			*MESH_VERTEX 206	-19.1159	5.36851	-1.66766
			*MESH_VERTEX 207	-4.57944	-0.597073	80.5945
			*MESH_VERTEX 208	-7.03475	-24.4598	55.8203
			*MESH_VERTEX 209	14.8187	-7.53317	157.368
			*MESH_VERTEX 210	-6.61077	-6.09366	164.21
			*MESH_VERTEX 211	-6.95792	-7.35424	155.888
			*MESH_VERTEX 212	-20.1451	-5.15594	124.668
			*MESH_VERTEX 213	-14.8864	-7.49215	157.332
			*MESH_VERTEX 214	4.35751	-0.0277104	80.926
			*MESH_VERTEX 215	23.2116	-8.2416	91.9842
			*MESH_VERTEX 216	8.55851	-22.8581	56.1401
			*MESH_VERTEX 217	-24.4309	-16.7515	147.97
			*MESH_VERTEX 218	6.61076	-6.0937	164.21
			*MESH_VERTEX 219	0.16543	-9.40885	79.2292
			*MESH_VERTEX 220	25.1604	-16.3626	147.713
			*MESH_VERTEX 221	17.8723	-16.4308	82.7194
			*MESH_VERTEX 222	-17.8745	-16.4147	82.7455
			*MESH_VERTEX 223	-35.9301	3.79999	134.372
			*MESH_VERTEX 224	-31.9325	7.21193	119.948
			*MESH_VERTEX 225	-20.0984	-11.8137	142.613
			*MESH_VERTEX 226	-24.0745	-20.3161	140.018
			*MESH_VERTEX 227	-29.1943	-17.5124	146.83
			*MESH_VERTEX 228	7.00041	-7.3515	155.877
			*MESH_VERTEX 229	24.8155	-19.8641	139.794
			*MESH_VERTEX 230	29.8918	-16.856	146.402
			*MESH_VERTEX 231	-39.7062	-2.45861	120.107
			*MESH_VERTEX 232	16.0762	-7.53728	113.871
			*MESH_VERTEX 233	-26.6127	-14.4824	150.316
			*MESH_VERTEX 234	17.9034	-10.3987	138.837
			*MESH_VERTEX 235	-30.8638	-8.57859	153.136
			*MESH_VERTEX 236	27.252	-14.0202	149.984
			*MESH_VERTEX 237	29.3498	-5.84903	85.7841
			*MESH_VERTEX 238	26.0156	7.9339	111.291
			*MESH_VERTEX 239	-15.5422	-16.988	48.884
			*MESH_VERTEX 240	19.9157	-15.9755	75.4229
			*MESH_VERTEX 241	-39.0361	-3.1702	124.66
			*MESH_VERTEX 242	31.2055	-7.98887	152.676
			*MESH_VERTEX 243	20.4049	5.85687	138.281
			*MESH_VERTEX 244	16.7289	-15.0469	49.2788
			*MESH_VERTEX 245	39.1401	-3.08766	124.547
			*MESH_VERTEX 246	39.7623	-2.50262	119.72
			*MESH_VERTEX 247	40.5568	-0.381117	122.819
			*MESH_VERTEX 248	-9.8539	-18.6549	113.81
			*MESH_VERTEX 249	-15.8512	-7.52269	114.143
			*MESH_VERTEX 250	29.315	6.52424	155.417
			*MESH_VERTEX 251	11.9704	16.2589	150.425
			*MESH_VERTEX 252	13.4134	18.1175	157.214
			*MESH_VERTEX 253	11.8695	9.8748	157.55
			*MESH_VERTEX 254	-32.1195	-5.03838	153.295
			*MESH_VERTEX 255	32.2597	-4.43501	152.815
			*MESH_VERTEX 256	32.5045	2.98209	152.587
			*MESH_VERTEX 257	-32.7852	2.45302	153.034
			*MESH_VERTEX 258	-15.3303	-1.1115	61.6142
			*MESH_VERTEX 259	-12.3357	6.44164	50.3865
			*MESH_VERTEX 260	15.3199	1.03927	61.6839
			*MESH_VERTEX 261	12.0986	8.17516	50.1566
			*MESH_VERTEX 262	-29.5475	6.26941	155.85
			*MESH_VERTEX 263	-19.9158	-15.9753	75.4229
			*MESH_VERTEX 264	-21.8038	-11.0105	134.445
			*MESH_VERTEX 265	21.8205	-10.9183	134.426
			*MESH_VERTEX 266	-21.1408	-11.5243	60.8855
			*MESH_VERTEX 267	16.2146	7.96364	136.11
			*MESH_VERTEX 268	17.2376	13.3431	139.48
			*MESH_VERTEX 269	21.7622	-9.01033	61.218
			*MESH_VERTEX 270	-32.3415	5.43721	150.69
			*MESH_VERTEX 271	31.8477	5.90745	150.295
			*MESH_VERTEX 272	-2.8707	-24.2797	105.991
			*MESH_VERTEX 273	-16.2511	7.92436	136.12
			*MESH_VERTEX 274	-17.1879	13.6832	139.57
			*MESH_VERTEX 275	7.12124	-26.2237	73.7966
			*MESH_VERTEX 276	-28.1401	-5.55561	119.111
			*MESH_VERTEX 277	-5.81464	-20.2962	64.1192
			*MESH_VERTEX 278	-15.294	-20.5673	64.1229
			*MESH_VERTEX 279	-15.2918	-23.0962	63.9364
			*MESH_VERTEX 280	-35.5091	-0.869177	122.253
			*MESH_VERTEX 281	-35.164	-7.35643	125.506
			*MESH_VERTEX 282	6.93881	-18.6618	64.2881
			*MESH_VERTEX 283	16.4155	-18.3552	64.4645
			*MESH_VERTEX 284	16.5702	-20.8816	64.3102
			*MESH_VERTEX 285	35.5932	-0.781169	122.134
			*MESH_VERTEX 286	35.2746	-7.29221	125.392
			*MESH_VERTEX 287	-26.2816	-12.3319	130.163
			*MESH_VERTEX 288	28.1444	-5.57829	119.047
			*MESH_VERTEX 289	-26.1168	8.39894	111.96
			*MESH_VERTEX 290	-32.3871	10.1444	112.324
			*MESH_VERTEX 291	-29.3604	-5.83118	85.7774
			*MESH_VERTEX 292	-0.0332692	10.6027	155.936
			*MESH_VERTEX 293	7.49319	0.781623	60.8225
			*MESH_VERTEX 294	2.31231	-7.84116	57.8595
			*MESH_VERTEX 295	8.72957	-15.1005	48.7029
			*MESH_VERTEX 296	-18.8129	-7.58089	132.687
			*MESH_VERTEX 297	-22.9083	1.81786	119.189
			*MESH_VERTEX 298	-7.48765	-0.883894	60.9063
			*MESH_VERTEX 299	-1.74147	-9.12591	57.905
			*MESH_VERTEX 300	-7.54522	-16.5491	48.4608
			*MESH_VERTEX 301	22.8873	1.78131	119.239
			*MESH_VERTEX 302	-16.9197	6.15568	168.48
			*MESH_VERTEX 303	-12.9349	13.9508	164.218
			*MESH_VERTEX 304	2.23899e-005	1.91665	167.264
			*MESH_VERTEX 305	-16.6178	-15.4857	56.9169
			*MESH_VERTEX 306	-5.8219	-22.7738	63.6613
			*MESH_VERTEX 307	7.10485	-21.1395	63.8619
			*MESH_VERTEX 308	-34.2004	-8.57438	114.529
			*MESH_VERTEX 309	17.5602	-13.3065	57.2607
			*MESH_VERTEX 310	-15.4911	-25.4645	5.45696
			*MESH_VERTEX 311	-10.6271	-14.2229	8.16568
			*MESH_VERTEX 312	-20.0313	-12.324	8.1141
			*MESH_VERTEX 313	16.3804	-24.5472	5.67669
			*MESH_VERTEX 314	11.4771	-13.2759	8.18378
			*MESH_VERTEX 315	20.8823	-11.3843	8.28784
			*MESH_VERTEX 316	21.7201	-17.4091	88.9266
			*MESH_VERTEX 317	22.4177	-6.87567	57.12
			*MESH_VERTEX 318	-21.8522	-9.35297	56.8015
			*MESH_VERTEX 319	-18.5037	-2.0828	133.065
			*MESH_VERTEX 320	-11.1095	11.8876	153.168
			*MESH_VERTEX 321	-5.2432	7.85938	69.7592
			*MESH_VERTEX 322	-21.728	-17.3871	88.9282
			*MESH_VERTEX 323	-21.6308	13.692	146.698
			*MESH_VERTEX 324	-3.85122	10.6723	102.372
			*MESH_VERTEX 325	-23.3902	-17.6062	77.1274
			*MESH_VERTEX 326	23.3901	-17.6064	77.1275
			*MESH_VERTEX 327	21.5556	13.4464	146.434
			*MESH_VERTEX 328	-13.0442	-11.0188	153.732
			*MESH_VERTEX 329	-14.8902	-17.7404	154.741
			*MESH_VERTEX 330	34.2717	-8.43975	114.513
			*MESH_VERTEX 331	27.75	-5.36707	80.8282
			*MESH_VERTEX 332	-27.7563	-5.36222	80.8091
			*MESH_VERTEX 333	24.2979	-12.8818	141.548
			*MESH_VERTEX 334	-8.70949	-5.02597	11.0821
			*MESH_VERTEX 335	-5.29286	1.34165	7.70613
			*MESH_VERTEX 336	-4.91475	2.24094	17.2782
			*MESH_VERTEX 337	-4.81224	4.11882	14.0872
			*MESH_VERTEX 338	-5.91155	-1.82073	14.5212
			*MESH_VERTEX 339	-8.25855	-2.47739	13.6283
			*MESH_VERTEX 340	-32.7009	-10.1255	75.917
			*MESH_VERTEX 341	32.7008	-10.1256	75.917
			*MESH_VERTEX 342	20.9128	1.09938	13.2346
			*MESH_VERTEX 343	20.5077	1.40405	16.3873
			*MESH_VERTEX 344	23.2566	1.66812	15.5748
			*MESH_VERTEX 345	20.6313	2.77	14.6762
			*MESH_VERTEX 346	15.1164	-19.8195	136.859
			*MESH_VERTEX 347	-5.40297	-14.7709	55.455
			*MESH_VERTEX 348	-0.972922	-12.2591	55.1659
			*MESH_VERTEX 349	31.9642	7.26403	119.88
			*MESH_VERTEX 350	5.58795	3.16009	17.0782
			*MESH_VERTEX 351	6.72513	-0.905619	14.4087
			*MESH_VERTEX 352	9.15656	-1.7419	13.4145
			*MESH_VERTEX 353	-19.7964	4.79023	89.3114
			*MESH_VERTEX 354	6.3522	-13.3001	55.5913
			*MESH_VERTEX 355	1.78552	-11.0673	55.1738
			*MESH_VERTEX 356	-17.5449	-2.38527	169.649
			*MESH_VERTEX 357	-20.0875	-0.0170104	13.1401
			*MESH_VERTEX 358	-19.8685	0.513478	16.2756
			*MESH_VERTEX 359	-22.5583	0.78552	15.4128
			*MESH_VERTEX 360	-19.8542	1.89139	14.5805
			*MESH_VERTEX 361	18.7416	-5.88537	132.862
			*MESH_VERTEX 362	-19.4499	-9.66328	129.757
			*MESH_VERTEX 363	-31.2874	-14.7338	92.8039
			*MESH_VERTEX 364	14.8903	-17.7403	154.741
			*MESH_VERTEX 365	24.2191	-18.4992	83.3837
			*MESH_VERTEX 366	-24.221	-18.4849	83.4073
			*MESH_VERTEX 367	-15.063	-19.88	136.872
			*MESH_VERTEX 368	-37.1706	2.07957	141.915
			*MESH_VERTEX 369	6.96452	-2.61081	7.21382
			*MESH_VERTEX 370	36.6068	2.88733	141.372
			*MESH_VERTEX 371	-0.22956	-22.5387	113.941
			*MESH_VERTEX 372	4.13908	-23.9004	106.073
			*MESH_VERTEX 373	29.8323	9.4264	134.895
			*MESH_VERTEX 374	17.5449	-2.38518	169.649
			*MESH_VERTEX 375	16.9197	6.15576	168.48
			*MESH_VERTEX 376	12.9348	13.9508	164.218
			*MESH_VERTEX 377	0.127329	4.13706	114.127
			*MESH_VERTEX 378	-17.739	-15.8668	60.8548
			*MESH_VERTEX 379	13.3651	-10.9194	153.559
			*MESH_VERTEX 380	18.6312	-13.5528	61.1811
			*MESH_VERTEX 381	-25.8112	6.76528	123.174
			*MESH_VERTEX 382	19.4798	5.46081	90.1712
			*MESH_VERTEX 383	19.4498	-9.66323	129.757
			*MESH_VERTEX 384	-35.4687	-8.1884	151.908
			*MESH_VERTEX 385	35.7152	-7.35621	151.292
			*MESH_VERTEX 386	12.4058	-23.6905	-0.289994
			*MESH_VERTEX 387	-11.4059	-24.5525	-0.426301
			*MESH_VERTEX 388	-10.5489	15.8331	150.652
			*MESH_VERTEX 389	10.5488	15.8332	150.652
			*MESH_VERTEX 390	-22.4679	5.01076	132.977
			*MESH_VERTEX 391	-29.8323	9.42622	134.895
			*MESH_VERTEX 392	24.8398	-9.67999	-0.943415
			*MESH_VERTEX 393	-23.8158	-10.5252	-1.17164
			*MESH_VERTEX 394	-18.5136	-13.9021	52.9824
			*MESH_VERTEX 395	19.4313	-11.6955	53.3478
			*MESH_VERTEX 396	-24.9744	-12.0053	142.428
			*MESH_VERTEX 397	-0.0198435	10.93	136.411
			*MESH_VERTEX 398	-14.0747	14.2165	163.848
			*MESH_VERTEX 399	-19.0879	-10.8124	58.4744
			*MESH_VERTEX 400	19.7148	-8.46457	58.7702
			*MESH_VERTEX 401	21.891	1.50908	111.882
			*MESH_VERTEX 402	-0.0242552	-3.28126	160.54
			*MESH_VERTEX 403	23.6249	-15.4635	152.631
			*MESH_VERTEX 404	31.2904	-14.7525	92.7212
			*MESH_VERTEX 405	33.4477	-6.26355	84.7838
			*MESH_VERTEX 406	18.0664	-13.7005	86.7425
			*MESH_VERTEX 407	-33.4577	-6.24998	84.7698
			*MESH_VERTEX 408	-18.0746	-13.6777	86.7484
			*MESH_VERTEX 409	-22.0823	1.8906	111.898
			*MESH_VERTEX 410	11.1481	11.8697	153.194
			*MESH_VERTEX 411	-35.8465	-5.79983	133.549
			*MESH_VERTEX 412	10.1528	4.35539	-1.83868
			*MESH_VERTEX 413	-9.1048	3.50526	-1.65592
			*MESH_VERTEX 414	0.0388741	-24.5614	137.103
			*MESH_VERTEX 415	25.8923	6.84322	123.245
			*MESH_VERTEX 416	-35.3034	3.86832	120.07
			*MESH_VERTEX 417	18.3648	-0.796357	161.734
			*MESH_VERTEX 418	38.7143	-4.93146	131.692
			*MESH_VERTEX 419	-10.1939	-5.90441	18.8289
			*MESH_VERTEX 420	-14.4966	-6.69936	18.8142
			*MESH_VERTEX 421	-38.6006	-4.85673	131.745
			*MESH_VERTEX 422	-5.69628	-26.2818	73.4262
			*MESH_VERTEX 423	-18.1443	-11.4337	166.62
			*MESH_VERTEX 424	-18.7269	-2.05064	169.248
			*MESH_VERTEX 425	18.1444	-11.4336	166.62
			*MESH_VERTEX 426	18.7269	-2.05055	169.248
			*MESH_VERTEX 427	-6.70888	12.6353	88.0895
			*MESH_VERTEX 428	6.26934	12.8197	88.3138
			*MESH_VERTEX 429	12.4407	9.64784	12.8449
			*MESH_VERTEX 430	15.7084	8.39476	18.2521
			*MESH_VERTEX 431	18.9092	-0.256125	19.2082
			*MESH_VERTEX 432	-11.6608	8.65468	13.0343
			*MESH_VERTEX 433	-15.3815	7.25332	18.4352
			*MESH_VERTEX 434	-18.0721	-1.59408	19.1291
			*MESH_VERTEX 435	11.3101	-5.03889	18.8719
			*MESH_VERTEX 436	15.6521	-5.57339	18.9533
			*MESH_VERTEX 437	29.739	-7.81158	119.671
			*MESH_VERTEX 438	35.9989	-6.45093	117.394
			*MESH_VERTEX 439	28.7384	-9.94832	113.755
			*MESH_VERTEX 440	-23.045	-15.7935	152.699
			*MESH_VERTEX 441	-16.8084	-17.6509	160.568
			*MESH_VERTEX 442	16.8085	-17.6508	160.568
			*MESH_VERTEX 443	-15.8735	5.72464	168.875
			*MESH_VERTEX 444	15.8735	5.72471	168.875
			*MESH_VERTEX 445	35.8466	-5.79975	133.549
			*MESH_VERTEX 446	-29.7211	-7.87193	119.557
			*MESH_VERTEX 447	-36.1021	-6.26951	117.341
			*MESH_VERTEX 448	-20.8004	-5.06668	122.939
			*MESH_VERTEX 449	-12.2141	17.7092	157.615
			*MESH_VERTEX 450	12.214	17.7093	157.615
			*MESH_VERTEX 451	16.9057	-1.94442	132.512
			*MESH_VERTEX 452	-18.4239	-0.733235	161.671
			*MESH_VERTEX 453	4.47336	-9.97066	161.904
			*MESH_VERTEX 454	38.4703	-2.29915	112.077
			*MESH_VERTEX 455	18.9738	-11.346	166.301
			*MESH_VERTEX 456	-18.9738	-11.3461	166.301
			*MESH_VERTEX 457	35.9301	3.80016	134.372
			*MESH_VERTEX 458	-4.47339	-9.97063	161.904
			*MESH_VERTEX 459	-20.5837	1.56408	125.134
			*MESH_VERTEX 460	-13.733	6.31711	124.423
			*MESH_VERTEX 461	16.2102	-18.3089	154.527
			*MESH_VERTEX 462	-4.56558	-27.2194	93.3475
			*MESH_VERTEX 463	-38.3979	-2.44086	112.078
			*MESH_VERTEX 464	-16.2101	-18.309	154.527
			*MESH_VERTEX 465	13.7475	6.30278	124.403
			*MESH_VERTEX 466	-21.3133	-14.6635	76.783
			*MESH_VERTEX 467	21.3132	-14.6637	76.783
			*MESH_VERTEX 468	22.2482	7.43007	135.336
			*MESH_VERTEX 469	33.0505	-4.58028	89.4889
			*MESH_VERTEX 470	34.1186	-11.6623	91.1425
			*MESH_VERTEX 471	4.30472	-13.5077	58.9538
			*MESH_VERTEX 472	5.28669	-11.5243	50.8161
			*MESH_VERTEX 473	0.4653	-8.3794	55.5724
			*MESH_VERTEX 474	-3.40517	-14.9221	58.8836
			*MESH_VERTEX 475	-4.36226	-12.8249	50.7228
