*3DSMAX_ASCIIEXPORT	110
*COMMENT "[ GothicSourcer v3.10 ] - August 2006"
*SCENE {
	*SCENE_FILENAME "ARMOR_SLD_L.MAX"
	*SCENE_FIRSTFRAME 0
	*SCENE_LASTFRAME 100
	*SCENE_FRAMESPEED 25
	*SCENE_TICKSPERFRAME 192
	*SCENE_BACKGROUND_STATIC 0	0	0
	*SCENE_AMBIENT_STATIC 0.2	0.2	0.2
}
*MATERIAL_LIST {
	*MATERIAL_COUNT 1
	*MATERIAL 0 {
		*MATERIAL_NAME "Compound Material #1"
		*MATERIAL_CLASS "Multi/Sub-Object"
		*NUMSUBMTLS 2
		*SUBMATERIAL 0 {
			*MATERIAL_NAME "DIEBR_STUNG"
			*MATERIAL_CLASS "Standard"
			*MATERIAL_AMBIENT 0.290196	0.239216	0.176471
			*MATERIAL_DIFFUSE 0.290196	0.239216	0.176471
			*MATERIAL_SPECULAR 0.9	0.9	0.9
			*MATERIAL_SHINE 0.1
			*MATERIAL_SHINESTRENGTH 0
			*MATERIAL_TRANSPARENCY 0
			*MATERIAL_WIRESIZE 1
			*MATERIAL_SHADING Blinn
			*MATERIAL_XP_FALLOFF 0
			*MATERIAL_SELFILLUM 0
			*MATERIAL_FALLOFF In
			*MATERIAL_XP_TYPE Filter
			*MAP_DIFFUSE {
				*MAP_NAME "Map #1-1"
				*MAP_CLASS "Bitmap"
				*MAP_SUBNO 1
				*MAP_AMOUNT 1
				*BITMAP "HUM_ORGS_ARMOR_V0.TGA"
				*MAP_TYPE Screen
				*UVW_U_OFFSET 0
				*UVW_V_OFFSET 0
				*UVW_U_TILING 1
				*UVW_V_TILING 1
				*UVW_ANGLE 0
				*UVW_BLUR 1
				*UVW_BLUR_OFFSET 0
				*UVW_NOUSE_AMT 1
				*UVW_NOISE_SIZE 1
				*UVW_NOISE_LEVEL 1
				*UVW_NOISE_PHASE 0
				*BITMAP_FILTER Pyramidal
			}
		}
		*SUBMATERIAL 1 {
			*MATERIAL_NAME "NACKED_MUSCEL0"
			*MATERIAL_CLASS "Standard"
			*MATERIAL_AMBIENT 0.509804	0.407843	0.305882
			*MATERIAL_DIFFUSE 0.509804	0.407843	0.305882
			*MATERIAL_SPECULAR 0.9	0.9	0.9
			*MATERIAL_SHINE 0.1
			*MATERIAL_SHINESTRENGTH 0
			*MATERIAL_TRANSPARENCY 0
			*MATERIAL_WIRESIZE 1
			*MATERIAL_SHADING Blinn
			*MATERIAL_XP_FALLOFF 0
			*MATERIAL_SELFILLUM 0
			*MATERIAL_FALLOFF In
			*MATERIAL_XP_TYPE Filter
			*MAP_DIFFUSE {
				*MAP_NAME "Map #1-2"
				*MAP_CLASS "Bitmap"
				*MAP_SUBNO 1
				*MAP_AMOUNT 1
				*BITMAP "HUM_BODY_NAKED_V0_C0.TGA"
				*MAP_TYPE Screen
				*UVW_U_OFFSET 0
				*UVW_V_OFFSET 0
				*UVW_U_TILING 1
				*UVW_V_TILING 1
				*UVW_ANGLE 0
				*UVW_BLUR 1
				*UVW_BLUR_OFFSET 0
				*UVW_NOUSE_AMT 1
				*UVW_NOISE_SIZE 1
				*UVW_NOISE_LEVEL 1
				*UVW_NOISE_PHASE 0
				*BITMAP_FILTER Pyramidal
			}
		}
	}
}
*HELPEROBJECT {
	*NODE_NAME "Bip01"
	*NODE_TM {
		*NODE_NAME "Bip01"
		*TM_ROW0 6.27438e-006	-1	0
		*TM_ROW1 1	6.27438e-006	0
		*TM_ROW2 -0	-0	1
		*TM_ROW3 0	-7.37745	99.9496
		*TM_POS 0	-7.37745	99.9496
		*TM_ROTAXIS 0	0	1
		*TM_ROTANGLE 1.57079
		*TM_SCALE 1	1	1
		*TM_SCALEAXIS 0	0	0
		*TM_SCALEAXISANG 0	0	0
	}
}
*HELPEROBJECT {
	*NODE_NAME "Bip01 Pelvis"
	*NODE_PARENT "Bip01"
	*NODE_TM {
		*NODE_NAME "Bip01 Pelvis"
		*TM_ROW0 -5.96014e-008	1.79264e-006	1
		*TM_ROW1 -1.79264e-006	-1	1.79264e-006
		*TM_ROW2 1	-1.79264e-006	-5.96014e-008
		*TM_ROW3 1e-005	-8.0113	99.9496
		*TM_POS 1e-005	-8.0113	99.9496
		*TM_ROTAXIS 0.707107	0	0.707107
		*TM_ROTANGLE 3.1416
		*TM_SCALE 1	1	1
		*TM_SCALEAXIS 0	0	0
		*TM_SCALEAXISANG 0	0	0
	}
}
*HELPEROBJECT {
	*NODE_NAME "Bip01 Spine"
	*NODE_PARENT "Bip01 Pelvis"
	*NODE_TM {
		*NODE_NAME "Bip01 Spine"
		*TM_ROW0 6.6944e-008	-0.0205947	0.999788
		*TM_ROW1 5.48642e-006	-0.999788	-0.0205947
		*TM_ROW2 1	5.48642e-006	6.6944e-008
		*TM_ROW3 1e-005	-7.92216	102.35
		*TM_POS 1e-005	-7.92216	102.35
		*TM_ROTAXIS 0.707088	-0.00727998	0.707088
		*TM_ROTANGLE 3.12703
		*TM_SCALE 1	1	1
		*TM_SCALEAXIS 0	0	0
		*TM_SCALEAXISANG 0	0	0
	}
}
*HELPEROBJECT {
	*NODE_NAME "Bip01 Spine1"
	*NODE_PARENT "Bip01 Spine"
	*NODE_TM {
		*NODE_NAME "Bip01 Spine1"
		*TM_ROW0 6.76996e-008	-0.00276992	0.999996
		*TM_ROW1 -1.92621e-006	-0.999996	-0.00276991
		*TM_ROW2 1	-1.92621e-006	6.76996e-008
		*TM_ROW3 1e-005	-8.11442	112.175
		*TM_POS 1e-005	-8.11442	112.175
		*TM_ROTAXIS -0.707107	0.000979995	-0.707106
		*TM_ROTANGLE 3.14355
		*TM_SCALE 1	1	1
		*TM_SCALEAXIS 0	0	0
		*TM_SCALEAXISANG 0	0	0
	}
}
*HELPEROBJECT {
	*NODE_NAME "Bip01 Spine2"
	*NODE_PARENT "Bip01 Spine1"
	*NODE_TM {
		*NODE_NAME "Bip01 Spine2"
		*TM_ROW0 3.48622e-008	0.180243	0.983622
		*TM_ROW1 1.67638e-006	-0.983622	0.180243
		*TM_ROW2 1	1.67638e-006	3.48621e-008
		*TM_ROW3 1e-005	-8.1264	124.961
		*TM_POS 1e-005	-8.1264	124.961
		*TM_ROTAXIS 0.705652	0.0641202	0.705652
		*TM_ROTANGLE 3.26966
		*TM_SCALE 1	1	1
		*TM_SCALEAXIS 0	0	0
		*TM_SCALEAXISANG 0	0	0
	}
}
*HELPEROBJECT {
	*NODE_NAME "Bip01 Neck"
	*NODE_PARENT "Bip01 Spine2"
	*NODE_TM {
		*NODE_NAME "Bip01 Neck"
		*TM_ROW0 6.08698e-007	-0.167043	0.98595
		*TM_ROW1 4.70132e-006	-0.98595	-0.167043
		*TM_ROW2 1	4.70132e-006	6.08698e-007
		*TM_ROW3 -2.11471e-012	-2.71656	154.454
		*TM_POS -2.11471e-012	-2.71656	154.454
		*TM_ROTAXIS -0.70586	0.05937	-0.705859
		*TM_ROTANGLE 3.2602
		*TM_SCALE 1	1	1
		*TM_SCALEAXIS 0	0	0
		*TM_SCALEAXISANG 0	0	0
	}
}
*HELPEROBJECT {
	*NODE_NAME "Bip01 Head"
	*NODE_PARENT "Bip01 Neck"
	*NODE_TM {
		*NODE_NAME "Bip01 Head"
		*TM_ROW0 -5.96015e-008	1.76921e-006	1
		*TM_ROW1 -1.79264e-006	-1	1.77916e-006
		*TM_ROW2 1	-1.79264e-006	-5.96014e-008
		*TM_ROW3 1.63729e-011	-3.85901	161.198
		*TM_POS 1.63729e-011	-3.85901	161.198
		*TM_ROTAXIS -0.707107	4.76653e-009	-0.707107
		*TM_ROTANGLE 3.14159
		*TM_SCALE 1	1	1
		*TM_SCALEAXIS 0	0	0
		*TM_SCALEAXISANG 0	0	0
	}
}
*HELPEROBJECT {
	*NODE_NAME "ZS_HELMET"
	*NODE_PARENT "Bip01 Head"
	*NODE_TM {
		*NODE_NAME "ZS_HELMET"
		*TM_ROW0 1	5.73874e-013	4.35659e-014
		*TM_ROW1 -4.07319e-013	0.996917	-0.0784593
		*TM_ROW2 -4.76109e-014	0.0784593	0.996918
		*TM_ROW3 1e-005	-7.06248	173.704
		*TM_POS 1e-005	-7.06248	173.704
		*TM_ROTAXIS 1	5.81045e-013	-6.25288e-012
		*TM_ROTANGLE 0.078541
		*TM_SCALE 1	1	1
		*TM_SCALEAXIS 0	0	0
		*TM_SCALEAXISANG 0	0	0
	}
}
*HELPEROBJECT {
	*NODE_NAME "Bip01 L Clavicle"
	*NODE_PARENT "Bip01 Neck"
	*NODE_TM {
		*NODE_NAME "Bip01 L Clavicle"
		*TM_ROW0 0.935229	-0.203893	-0.289439
		*TM_ROW1 0.156435	0.971369	-0.178803
		*TM_ROW2 0.317608	0.121943	0.940348
		*TM_ROW3 7.96399	-1.25804	148.729
		*TM_POS 7.96399	-1.25804	148.729
		*TM_ROTAXIS 0.391939	-0.791119	0.469589
		*TM_ROTANGLE 0.39376
		*TM_SCALE 1	1	1
		*TM_SCALEAXIS 0	0	0
		*TM_SCALEAXISANG 0	0	0
	}
}
*HELPEROBJECT {
	*NODE_NAME "Bip01 L UpperArm"
	*NODE_PARENT "Bip01 L Clavicle"
	*NODE_TM {
		*NODE_NAME "Bip01 L UpperArm"
		*TM_ROW0 0.246229	0.0989026	-0.964152
		*TM_ROW1 0.412789	0.889345	0.196649
		*TM_ROW2 0.876913	-0.446412	0.178157
		*TM_ROW3 20.4269	-3.97508	144.872
		*TM_POS 20.4269	-3.97508	144.872
		*TM_ROTAXIS -0.325561	-0.932072	0.15891
		*TM_ROTANGLE 1.41328
		*TM_SCALE 1	1	1
		*TM_SCALEAXIS 0	0	0
		*TM_SCALEAXISANG 0	0	0
	}
}
*HELPEROBJECT {
	*NODE_NAME "Bip01 L Forearm"
	*NODE_PARENT "Bip01 L UpperArm"
	*NODE_TM {
		*NODE_NAME "Bip01 L Forearm"
		*TM_ROW0 0.0455122	-0.291882	-0.955371
		*TM_ROW1 0.478489	0.845886	-0.235638
		*TM_ROW2 0.876913	-0.44641	0.17816
		*TM_ROW3 27.2982	-1.21526	117.966
		*TM_POS 27.2982	-1.21526	117.966
		*TM_ROTAXIS -0.10545	-0.916697	0.385419
		*TM_ROTANGLE 1.53601
		*TM_SCALE 1	1	1
		*TM_SCALEAXIS 0	0	0
		*TM_SCALEAXISANG 0	0	0
	}
}
*HELPEROBJECT {
	*NODE_NAME "Bip01 L Hand"
	*NODE_PARENT "Bip01 L Forearm"
	*NODE_TM {
		*NODE_NAME "Bip01 L Hand"
		*TM_ROW0 0.0455132	-0.291886	-0.95537
		*TM_ROW1 -0.876533	0.44708	-0.17835
		*TM_ROW2 0.479185	0.845531	-0.2355
		*TM_ROW3 28.5642	-9.33439	91.391
		*TM_POS 28.5642	-9.33439	91.391
		*TM_ROTAXIS 0.551391	-0.772552	-0.314851
		*TM_ROTANGLE 1.95137
		*TM_SCALE 1	1	1
		*TM_SCALEAXIS 0	0	0
		*TM_SCALEAXISANG 0	0	0
	}
}
*HELPEROBJECT {
	*NODE_NAME "Bip01 L Finger0"
	*NODE_PARENT "Bip01 L Hand"
	*NODE_TM {
		*NODE_NAME "Bip01 L Finger0"
		*TM_ROW0 0.0455152	-0.291888	-0.955369
		*TM_ROW1 -0.876915	0.446405	-0.178165
		*TM_ROW2 0.478485	0.845886	-0.235643
		*TM_ROW3 29.15	-13.0909	79.0956
		*TM_POS 29.15	-13.0909	79.0956
		*TM_ROTAXIS 0.551581	-0.772311	-0.31511
		*TM_ROTANGLE 1.95181
		*TM_SCALE 1	1	1
		*TM_SCALEAXIS 0	0	0
		*TM_SCALEAXISANG 0	0	0
	}
}
*HELPEROBJECT {
	*NODE_NAME "ZS_LEFTHAND"
	*NODE_PARENT "Bip01 L Hand"
	*NODE_TM {
		*NODE_NAME "ZS_LEFTHAND"
		*TM_ROW0 0.435606	0.890062	-0.134303
		*TM_ROW1 0.180312	-0.232461	-0.955745
		*TM_ROW2 -0.881893	0.392112	-0.261751
		*TM_ROW3 26.7605	-11.5468	82.7857
		*TM_POS 26.7605	-11.5468	82.7857
		*TM_ROTAXIS 0.794322	0.440571	-0.418271
		*TM_ROTANGLE 2.12858
		*TM_SCALE 1	1	1
		*TM_SCALEAXIS 0	0	0
		*TM_SCALEAXISANG 0	0	0
	}
}
*HELPEROBJECT {
	*NODE_NAME "ZS_LEFTARM"
	*NODE_PARENT "Bip01 L Forearm"
	*NODE_TM {
		*NODE_NAME "ZS_LEFTARM"
		*TM_ROW0 0.0759923	-0.150176	-0.985735
		*TM_ROW1 0.524499	0.846792	-0.0885736
		*TM_ROW2 0.848013	-0.510285	0.143117
		*TM_ROW3 26.9101	-7.67833	110.055
		*TM_POS 26.9101	-7.67833	110.055
		*TM_ROTAXIS -0.21097	-0.917372	0.337521
		*TM_ROTANGLE 1.53784
		*TM_SCALE 1	1	1
		*TM_SCALEAXIS 0	0	0
		*TM_SCALEAXISANG 0	0	0
	}
}
*HELPEROBJECT {
	*NODE_NAME "Bip01 R Clavicle"
	*NODE_PARENT "Bip01 Neck"
	*NODE_TM {
		*NODE_NAME "Bip01 R Clavicle"
		*TM_ROW0 -0.935227	-0.203899	-0.28944
		*TM_ROW1 -0.156442	0.971369	-0.178799
		*TM_ROW2 0.317609	-0.121937	-0.940349
		*TM_ROW3 -7.96398	-1.25806	148.729
		*TM_POS -7.96398	-1.25806	148.729
		*TM_ROTAXIS -0.0929799	0.992639	-0.0775999
		*TM_ROTANGLE 3.45235
		*TM_SCALE 1	1	1
		*TM_SCALEAXIS 0	0	0
		*TM_SCALEAXISANG 0	0	0
	}
}
*HELPEROBJECT {
	*NODE_NAME "Bip01 R UpperArm"
	*NODE_PARENT "Bip01 R Clavicle"
	*NODE_TM {
		*NODE_NAME "Bip01 R UpperArm"
		*TM_ROW0 -0.246232	0.0988932	-0.964153
		*TM_ROW1 -0.412793	0.889345	0.196642
		*TM_ROW2 0.876911	0.446415	-0.178163
		*TM_ROW3 -20.4269	-3.97513	144.872
		*TM_POS -20.4269	-3.97513	144.872
		*TM_ROTAXIS 0.12961	-0.955353	-0.265521
		*TM_ROTANGLE 1.84162
		*TM_SCALE 1	1	1
		*TM_SCALEAXIS 0	0	0
		*TM_SCALEAXISANG 0	0	0
	}
}
*HELPEROBJECT {
	*NODE_NAME "Bip01 R Forearm"
	*NODE_PARENT "Bip01 R UpperArm"
	*NODE_TM {
		*NODE_NAME "Bip01 R Forearm"
		*TM_ROW0 -0.0455087	-0.291889	-0.955369
		*TM_ROW1 -0.478487	0.845885	-0.235646
		*TM_ROW2 0.876915	0.446408	-0.17816
		*TM_ROW3 -27.2982	-1.21534	117.966
		*TM_POS -27.2982	-1.21534	117.966
		*TM_ROTAXIS 0.347279	-0.932937	-0.0950097
		*TM_ROTANGLE 1.76083
		*TM_SCALE 1	1	1
		*TM_SCALEAXIS 0	0	0
		*TM_SCALEAXISANG 0	0	0
	}
}
*HELPEROBJECT {
	*NODE_NAME "Bip01 R Hand"
	*NODE_PARENT "Bip01 R Forearm"
	*NODE_TM {
		*NODE_NAME "Bip01 R Hand"
		*TM_ROW0 -0.0455115	-0.291885	-0.95537
		*TM_ROW1 0.87653	0.447088	-0.17835
		*TM_ROW2 0.479192	-0.845527	0.235499
		*TM_ROW3 -28.5642	-9.33445	91.3911
		*TM_POS -28.5642	-9.33445	91.3911
		*TM_ROTAXIS -0.33922	-0.72939	0.59407
		*TM_ROTANGLE 1.75327
		*TM_SCALE 1	1	1
		*TM_SCALEAXIS 0	0	0
		*TM_SCALEAXISANG 0	0	0
	}
}
*HELPEROBJECT {
	*NODE_NAME "Bip01 R Finger0"
	*NODE_PARENT "Bip01 R Hand"
	*NODE_TM {
		*NODE_NAME "Bip01 R Finger0"
		*TM_ROW0 -0.0455056	-0.291877	-0.955373
		*TM_ROW1 0.876914	0.446413	-0.178152
		*TM_ROW2 0.478489	-0.845886	0.235636
		*TM_ROW3 -29.1499	-13.0909	79.0956
		*TM_POS -29.1499	-13.0909	79.0956
		*TM_ROTAXIS -0.33952	-0.729071	0.594291
		*TM_ROTANGLE 1.75354
		*TM_SCALE 1	1	1
		*TM_SCALEAXIS 0	0	0
		*TM_SCALEAXISANG 0	0	0
	}
}
*HELPEROBJECT {
	*NODE_NAME "ZS_RIGHTHAND"
	*NODE_PARENT "Bip01 R Hand"
	*NODE_TM {
		*NODE_NAME "ZS_RIGHTHAND"
		*TM_ROW0 -0.464344	0.856417	-0.225687
		*TM_ROW1 0.177861	0.339806	0.923525
		*TM_ROW2 0.867612	0.388692	-0.31011
		*TM_ROW3 -20.9389	-19.9852	85.8932
		*TM_POS -20.9389	-19.9852	85.8932
		*TM_ROTAXIS 0.383811	0.784581	0.486951
		*TM_ROTANGLE 3.91244
		*TM_SCALE 1	1	1
		*TM_SCALEAXIS 0	0	0
		*TM_SCALEAXISANG 0	0	0
	}
}
*HELPEROBJECT {
	*NODE_NAME "ZS_CROSSBOW"
	*NODE_PARENT "Bip01 Spine2"
	*NODE_TM {
		*NODE_NAME "ZS_CROSSBOW"
		*TM_ROW0 -0.382687	-0.111464	0.91713
		*TM_ROW1 -0.923878	0.0461715	-0.379891
		*TM_ROW2 -1.2517e-006	-0.992695	-0.120648
		*TM_ROW3 -14.434	10.5915	165.98
		*TM_POS -14.434	10.5915	165.98
		*TM_ROTAXIS -0.447329	0.669479	-0.593039
		*TM_ROTANGLE 2.38705
		*TM_SCALE 1	1	1
		*TM_SCALEAXIS 0	0	0
		*TM_SCALEAXISANG 0	0	0
	}
}
*HELPEROBJECT {
	*NODE_NAME "ZS_LONGSWORD"
	*NODE_PARENT "Bip01 Spine2"
	*NODE_TM {
		*NODE_NAME "ZS_LONGSWORD"
		*TM_ROW0 -0.499829	-0.0915011	0.861277
		*TM_ROW1 -0.865729	0.0828188	-0.493614
		*TM_ROW2 -0.0261636	-0.992355	-0.12061
		*TM_ROW3 -18.1593	6.92629	157.64
		*TM_POS -18.1593	6.92629	157.64
		*TM_ROTAXIS -0.38996	0.69388	-0.60536
		*TM_ROTANGLE 2.44778
		*TM_SCALE 1	1	1
		*TM_SCALEAXIS 0	0	0
		*TM_SCALEAXISANG 0	0	0
	}
}
*HELPEROBJECT {
	*NODE_NAME "ZS_SHIELD"
	*NODE_PARENT "Bip01 Spine2"
	*NODE_TM {
		*NODE_NAME "ZS_SHIELD"
		*TM_ROW0 -0.0138681	0.114196	-0.993362
		*TM_ROW1 -0.908393	0.413755	0.0602465
		*TM_ROW2 0.417888	0.903198	0.0979964
		*TM_ROW3 8.76511	9.5282	131.875
		*TM_POS 8.76511	9.5282	131.875
		*TM_ROTAXIS 0.435421	-0.728972	-0.528212
		*TM_ROTANGLE 1.82457
		*TM_SCALE 1	1	1
		*TM_SCALEAXIS 0	0	0
		*TM_SCALEAXISANG 0	0	0
	}
}
*HELPEROBJECT {
	*NODE_NAME "ZS_BOW"
	*NODE_PARENT "Bip01 Spine2"
	*NODE_TM {
		*NODE_NAME "ZS_BOW"
		*TM_ROW0 -0.341816	-0.0868229	0.935748
		*TM_ROW1 0.0119438	0.995242	0.0967059
		*TM_ROW2 -0.939691	0.044232	-0.339153
		*TM_ROW3 0.5012	12.4143	124.55
		*TM_POS 0.5012	12.4143	124.55
		*TM_ROTAXIS -0.0279299	0.998227	0.0525698
		*TM_ROTANGLE 1.92076
		*TM_SCALE 1	1	1
		*TM_SCALEAXIS 0	0	0
		*TM_SCALEAXISANG 0	0	0
	}
}
*HELPEROBJECT {
	*NODE_NAME "ZS_SWORD"
	*NODE_PARENT "Bip01 Spine"
	*NODE_TM {
		*NODE_NAME "ZS_SWORD"
		*TM_ROW0 5.79068e-007	-0.347172	0.937802
		*TM_ROW1 1.04308e-007	0.937802	0.347172
		*TM_ROW2 -1	-1.04308e-007	5.79068e-007
		*TM_ROW3 17.5015	-4.36211	106.367
		*TM_POS 17.5015	-4.36211	106.367
		*TM_ROTAXIS -0.17367	0.96937	0.17367
		*TM_ROTANGLE 1.6019
		*TM_SCALE 1	1	1
		*TM_SCALEAXIS 0	0	0
		*TM_SCALEAXISANG 0	0	0
	}
}
*HELPEROBJECT {
	*NODE_NAME "Bip01 L Thigh"
	*NODE_PARENT "Bip01 Pelvis"
	*NODE_TM {
		*NODE_NAME "Bip01 L Thigh"
		*TM_ROW0 0.0534879	-0.0367886	-0.997891
		*TM_ROW1 -0.00216181	-0.999323	0.0367256
		*TM_ROW2 -0.998566	0.000192882	-0.0535313
		*TM_ROW3 9.01023	-8.01129	99.9496
		*TM_POS 9.01023	-8.01129	99.9496
		*TM_ROTAXIS 0.72572	-0.01342	-0.68786
		*TM_ROTANGLE 3.16677
		*TM_SCALE 1	1	1
		*TM_SCALEAXIS 0	0	0
		*TM_SCALEAXISANG 0	0	0
	}
}
*HELPEROBJECT {
	*NODE_NAME "Bip01 L Calf"
	*NODE_PARENT "Bip01 L Thigh"
	*NODE_TM {
		*NODE_NAME "Bip01 L Calf"
		*TM_ROW0 0.0525131	0.197552	-0.978885
		*TM_ROW1 0.0103904	-0.980292	-0.197278
		*TM_ROW2 -0.998566	0.000188708	-0.0535307
		*TM_ROW3 11.1149	-9.45845	60.6877
		*TM_POS 11.1149	-9.45845	60.6877
		*TM_ROTAXIS 0.723901	0.0721501	-0.686121
		*TM_ROTANGLE 3.00478
		*TM_SCALE 1	1	1
		*TM_SCALEAXIS 0	0	0
		*TM_SCALEAXISANG 0	0	0
	}
}
*HELPEROBJECT {
	*NODE_NAME "Bip01 L Foot"
	*NODE_PARENT "Bip01 L Calf"
	*NODE_TM {
		*NODE_NAME "Bip01 L Foot"
		*TM_ROW0 -6.00563e-007	7.23674e-006	-1
		*TM_ROW1 0.173652	-0.984807	-7.2672e-006
		*TM_ROW2 -0.984807	-0.173652	-5.93313e-007
		*TM_ROW3 13.6935	0.240668	12.6267
		*TM_POS 13.6935	0.240668	12.6267
		*TM_ROTAXIS 0.705757	0.0617498	-0.705757
		*TM_ROTANGLE 3.26493
		*TM_SCALE 1	1	1
		*TM_SCALEAXIS 0	0	0
		*TM_SCALEAXISANG 0	0	0
	}
}
*HELPEROBJECT {
	*NODE_NAME "Bip01 L Toe0"
	*NODE_PARENT "Bip01 L Foot"
	*NODE_TM {
		*NODE_NAME "Bip01 L Toe0"
		*TM_ROW0 0.173646	-0.984808	5.05606e-006
		*TM_ROW1 5.06961e-006	5.93591e-006	1
		*TM_ROW2 -0.984808	-0.173646	5.91983e-006
		*TM_ROW3 17.6256	-22.0591	-2.43328e-006
		*TM_POS 17.6256	-22.0591	-2.43328e-006
		*TM_ROTAXIS -0.644398	0.540718	0.540718
		*TM_ROTANGLE 1.99673
		*TM_SCALE 1	1	1
		*TM_SCALEAXIS 0	0	0
		*TM_SCALEAXISANG 0	0	0
	}
}
*HELPEROBJECT {
	*NODE_NAME "Bip01 R Thigh"
	*NODE_PARENT "Bip01 Pelvis"
	*NODE_TM {
		*NODE_NAME "Bip01 R Thigh"
		*TM_ROW0 -0.0535034	-0.0367749	-0.99789
		*TM_ROW1 0.00205776	-0.999324	0.0367174
		*TM_ROW2 -0.998566	-8.89041e-005	0.0535432
		*TM_ROW3 -9.01021	-8.01132	99.9496
		*TM_POS -9.01021	-8.01132	99.9496
		*TM_ROTAXIS 0.687862	-0.01262	-0.725732
		*TM_ROTANGLE 3.16835
		*TM_SCALE 1	1	1
		*TM_SCALEAXIS 0	0	0
		*TM_SCALEAXISANG 0	0	0
	}
}
*HELPEROBJECT {
	*NODE_NAME "Bip01 R Calf"
	*NODE_PARENT "Bip01 R Thigh"
	*NODE_TM {
		*NODE_NAME "Bip01 R Calf"
		*TM_ROW0 -0.0525024	0.197539	-0.978888
		*TM_ROW1 -0.0104967	-0.980295	-0.19726
		*TM_ROW2 -0.998566	-8.16062e-005	0.0535415
		*TM_ROW3 -11.1154	-9.45856	60.6878
		*TM_POS -11.1154	-9.45856	60.6878
		*TM_ROTAXIS 0.686298	0.0684898	-0.724088
		*TM_ROTANGLE 2.99744
		*TM_SCALE 1	1	1
		*TM_SCALEAXIS 0	0	0
		*TM_SCALEAXISANG 0	0	0
	}
}
*HELPEROBJECT {
	*NODE_NAME "Bip01 R Foot"
	*NODE_PARENT "Bip01 R Calf"
	*NODE_TM {
		*NODE_NAME "Bip01 R Foot"
		*TM_ROW0 -5.86066e-007	-7.25461e-006	-1
		*TM_ROW1 -0.173652	-0.984807	7.24331e-006
		*TM_ROW2 -0.984807	0.173652	-5.91966e-007
		*TM_ROW3 -13.6935	0.24065	12.6267
		*TM_POS -13.6935	0.24065	12.6267
		*TM_ROTAXIS 0.705757	-0.0617498	-0.705757
		*TM_ROTANGLE 3.01826
		*TM_SCALE 1	1	1
		*TM_SCALEAXIS 0	0	0
		*TM_SCALEAXISANG 0	0	0
	}
}
*HELPEROBJECT {
	*NODE_NAME "Bip01 R Toe0"
	*NODE_PARENT "Bip01 R Foot"
	*NODE_TM {
		*NODE_NAME "Bip01 R Toe0"
		*TM_ROW0 -0.173651	-0.984807	3.50312e-006
		*TM_ROW1 3.50539e-006	3.00781e-006	1
		*TM_ROW2 -0.984808	0.173651	3.01546e-006
		*TM_ROW3 -17.6255	-22.0592	3.52698e-005
		*TM_POS -17.6255	-22.0592	3.52698e-005
		*TM_ROTAXIS 0.510271	-0.608121	-0.608121
		*TM_ROTANGLE 4.08526
		*TM_SCALE 1	1	1
		*TM_SCALEAXIS 0	0	0
		*TM_SCALEAXISANG 0	0	0
	}
}
*HELPEROBJECT {
	*NODE_NAME "Dummy"
	*NODE_PARENT "Bip01 L Finger0"
	*NODE_TM {
		*NODE_NAME "Dummy"
		*TM_ROW0 -1	-0	0
		*TM_ROW1 -0	-1	0
		*TM_ROW2 -0	-0	1
		*TM_ROW3 29.4428	-14.9691	72.9478
		*TM_POS 29.4428	-14.9691	72.9478
		*TM_ROTAXIS 0	0	-1
		*TM_ROTANGLE 3.14159
		*TM_SCALE 1	1	1
		*TM_SCALEAXIS 0	0	0
		*TM_SCALEAXISANG 0	0	0
	}
}
*HELPEROBJECT {
	*NODE_NAME "Dummy1"
	*NODE_PARENT "Bip01 R Finger0"
	*NODE_TM {
		*NODE_NAME "Dummy1"
		*TM_ROW0 -1	-0	0
		*TM_ROW1 -0	-1	0
		*TM_ROW2 -0	-0	1
		*TM_ROW3 -29.4428	-14.9692	72.9479
		*TM_POS -29.4428	-14.9692	72.9479
		*TM_ROTAXIS 0	0	-1
		*TM_ROTANGLE 3.14159
		*TM_SCALE 1	1	1
		*TM_SCALEAXIS 0	0	0
		*TM_SCALEAXISANG 0	0	0
	}
}
*HELPEROBJECT {
	*NODE_NAME "Dummy2"
	*NODE_PARENT "Bip01 L Toe0"
	*NODE_TM {
		*NODE_NAME "Dummy2"
		*TM_ROW0 -1	-0	0
		*TM_ROW1 -0	-1	0
		*TM_ROW2 -0	-0	1
		*TM_ROW3 19.5916	-33.209	-6.31336
		*TM_POS 19.5916	-33.209	-6.31336
		*TM_ROTAXIS 0	0	-1
		*TM_ROTANGLE 3.14159
		*TM_SCALE 1	1	1
		*TM_SCALEAXIS 0	0	0
		*TM_SCALEAXISANG 0	0	0
	}
}
*HELPEROBJECT {
	*NODE_NAME "Dummy3"
	*NODE_PARENT "Bip01 R Toe0"
	*NODE_TM {
		*NODE_NAME "Dummy3"
		*TM_ROW0 -1	-0	0
		*TM_ROW1 -0	-1	0
		*TM_ROW2 -0	-0	1
		*TM_ROW3 -19.5915	-33.2091	-6.31332
		*TM_POS -19.5915	-33.2091	-6.31332
		*TM_ROTAXIS 0	0	-1
		*TM_ROTANGLE 3.14159
		*TM_SCALE 1	1	1
		*TM_SCALEAXIS 0	0	0
		*TM_SCALEAXISANG 0	0	0
	}
}
*GEOMOBJECT {
	*NODE_NAME "zm_Skin"
	*NODE_PARENT "Bip01"
	*NODE_TM {
		*NODE_NAME "zm_Skin"
		*TM_ROW0 -1	-0	0
		*TM_ROW1 -0	-1	0
		*TM_ROW2 -0	-0	1
		*TM_ROW3 -0	-0	0
		*TM_POS -0	-0	0
		*TM_ROTAXIS 0	0	-1
		*TM_ROTANGLE 3.14159
		*TM_SCALE 1	1	1
		*TM_SCALEAXIS 0	0	0
		*TM_SCALEAXISANG 0	0	0
	}
	*MATERIAL_REF 0
	*MESH_SOFTSKIN {
		*TIMEVALUE 0
		*MESH_NUMVERTEX 369
		*MESH_NUMFACES 681
		*MESH_VERTEX_LIST {
			*MESH_VERTEX 0	-25.3326	4.25468	147.118
			*MESH_VERTEX 1	15.5298	-18.7096	84.1992
			*MESH_VERTEX 2	6.42054	-14.7703	-0.46723
			*MESH_VERTEX 3	-3.54393	2.25395	85.2659
			*MESH_VERTEX 4	-5.69004	-14.4405	-0.429793
			*MESH_VERTEX 5	-19.5455	-18.3065	92.476
			*MESH_VERTEX 6	-26.0786	-14.0108	92.5745
			*MESH_VERTEX 7	-23.3521	-19.7812	141.782
			*MESH_VERTEX 8	-20.7174	-5.18009	53.4174
			*MESH_VERTEX 9	-24.214	-10.2399	-0.000486407
			*MESH_VERTEX 10	16.7262	-6.1673	165.126
			*MESH_VERTEX 11	24.27	-10.6014	0.0724458
			*MESH_VERTEX 12	9.57147e-005	-3.72553	153.189
			*MESH_VERTEX 13	-11.0933	-4.17029	166.925
			*MESH_VERTEX 14	-16.5845	-8.69615	137.293
			*MESH_VERTEX 15	-15.1568	-23.5481	0.0960727
			*MESH_VERTEX 16	14.9314	-23.925	0.235969
			*MESH_VERTEX 17	-23.7369	-15.0956	79.1341
			*MESH_VERTEX 18	-35.2907	-10.6126	81.4223
			*MESH_VERTEX 19	-30.0141	-5.45484	90.3956
			*MESH_VERTEX 20	-29.8379	-4.40411	89.8413
			*MESH_VERTEX 21	-9.469	7.8199	1.22724
			*MESH_VERTEX 22	29.3697	-6.78933	78.4743
			*MESH_VERTEX 23	24.234	5.03971	142.73
			*MESH_VERTEX 24	23.3707	-13.7804	78.9184
			*MESH_VERTEX 25	25.9574	9.32018	139.809
			*MESH_VERTEX 26	23.0151	-5.7869	89.3996
			*MESH_VERTEX 27	30.6953	-4.50458	119.274
			*MESH_VERTEX 28	9.79115	7.59549	0.981771
			*MESH_VERTEX 29	-34.4556	-7.0556	153.847
			*MESH_VERTEX 30	-23.8738	-10.5205	91.1464
			*MESH_VERTEX 31	-16.5148	-20.4361	97.3692
			*MESH_VERTEX 32	-16.0737	1.72242	87.8003
			*MESH_VERTEX 33	-11.8325	-14.7947	158.65
			*MESH_VERTEX 34	-15.2002	-24.3653	161.372
			*MESH_VERTEX 35	-18.2243	-16.5768	154.741
			*MESH_VERTEX 36	11.3233	2.40265	61.3698
			*MESH_VERTEX 37	-16.6709	-3.34185	163.295
			*MESH_VERTEX 38	-24.246	-7.85239	172.27
			*MESH_VERTEX 39	-21.349	-7.55541	160.177
			*MESH_VERTEX 40	7.35699	0.782984	156.759
			*MESH_VERTEX 41	0.0485529	-11.3731	148.529
			*MESH_VERTEX 42	-7.13544	0.522829	156.668
			*MESH_VERTEX 43	4.71536	-9.19504	163.486
			*MESH_VERTEX 44	-17.3736	8.69182	83.2641
			*MESH_VERTEX 45	-17.8141	3.61764	158.746
			*MESH_VERTEX 46	-17.6813	13.0045	166.952
			*MESH_VERTEX 47	-12.5657	6.63547	158.917
			*MESH_VERTEX 48	29.4748	-4.94931	153.515
			*MESH_VERTEX 49	-15.8255	10.5875	121.579
			*MESH_VERTEX 50	-18.6303	5.84825	139.248
			*MESH_VERTEX 51	0.00949856	-9.61255	87.9139
			*MESH_VERTEX 52	0.000161388	-18.9523	154.993
			*MESH_VERTEX 53	16.417	-23.4718	68.6164
			*MESH_VERTEX 54	7.10706	-17.8915	91.6406
			*MESH_VERTEX 55	-28.7355	9.34585	141.139
			*MESH_VERTEX 56	-26.4624	-11.1253	145.466
			*MESH_VERTEX 57	-12.2794	-21.1733	121.306
			*MESH_VERTEX 58	-3.54179	-0.373427	167.192
			*MESH_VERTEX 59	-4.73769	-8.97538	163.409
			*MESH_VERTEX 60	3.77989	-0.61768	167.202
			*MESH_VERTEX 61	-34.2964	-11.4288	92.1665
			*MESH_VERTEX 62	-13.6306	-9.01899	14.2961
			*MESH_VERTEX 63	-5.25085	1.09858	13.1689
			*MESH_VERTEX 64	10.3939	2.56811	164.465
			*MESH_VERTEX 65	-10.4973	2.07608	163.065
			*MESH_VERTEX 66	13.8081	-9.23302	14.3269
			*MESH_VERTEX 67	16.4296	-7.10295	111.483
			*MESH_VERTEX 68	10.0325	2.60134	105.454
			*MESH_VERTEX 69	-17.2947	4.57806	115.408
			*MESH_VERTEX 70	-21.7466	10.5371	133.446
			*MESH_VERTEX 71	15.147	8.20181	86.269
			*MESH_VERTEX 72	5.21494	0.640566	12.9477
			*MESH_VERTEX 73	-29.9337	-7.6602	78.7243
			*MESH_VERTEX 74	15.6681	-10.4041	139.736
			*MESH_VERTEX 75	23.361	-3.76075	117.019
			*MESH_VERTEX 76	20.8348	-4.05366	154.006
			*MESH_VERTEX 77	12.6798	4.67606	87.8233
			*MESH_VERTEX 78	-28.9831	-18.2987	81.4516
			*MESH_VERTEX 79	-27.7792	-12.9961	92.894
			*MESH_VERTEX 80	25.0113	5.00015	119.681
			*MESH_VERTEX 81	28.0675	-17.4909	80.7761
			*MESH_VERTEX 82	34.5949	-9.99821	81.1377
			*MESH_VERTEX 83	3.31853	5.44815	86.2741
			*MESH_VERTEX 84	-24.4604	5.19474	139.959
			*MESH_VERTEX 85	-16.7702	-0.912631	138.565
			*MESH_VERTEX 86	-34.0169	6.53043	149.043
			*MESH_VERTEX 87	-21.1537	1.50361	13.3763
			*MESH_VERTEX 88	-18.9359	5.56085	-0.67992
			*MESH_VERTEX 89	-20.1427	-8.8983	97.809
			*MESH_VERTEX 90	20.8885	1.52246	13.2864
			*MESH_VERTEX 91	-31.5267	-12.9375	93.3007
			*MESH_VERTEX 92	-31.6604	-6.10868	118.477
			*MESH_VERTEX 93	-31.6777	-7.68058	119.843
			*MESH_VERTEX 94	-22.8188	-4.57925	129.6
			*MESH_VERTEX 95	-10.593	2.48854	105.965
			*MESH_VERTEX 96	-17.2956	-8.127	111.513
			*MESH_VERTEX 97	18.6958	5.1743	-0.825575
			*MESH_VERTEX 98	0.199921	8.64394	103.84
			*MESH_VERTEX 99	-15.1022	-17.2481	158.71
			*MESH_VERTEX 100	-28.7005	-18.1868	148.906
			*MESH_VERTEX 101	-23.8367	7.05094	116.331
			*MESH_VERTEX 102	-7.74492	-19.0495	91.8432
			*MESH_VERTEX 103	20.9896	-16.1333	140.953
			*MESH_VERTEX 104	33.114	1.97294	146.311
			*MESH_VERTEX 105	23.5654	0.624631	146.371
			*MESH_VERTEX 106	-13.4046	3.61859	160.739
			*MESH_VERTEX 107	-16.2734	-6.86726	163.197
			*MESH_VERTEX 108	-13.9372	-17.4038	154.323
			*MESH_VERTEX 109	-16.6955	6.69365	157.091
			*MESH_VERTEX 110	-30.4373	-5.88643	147.689
			*MESH_VERTEX 111	0.0239648	-25.9683	141.926
			*MESH_VERTEX 112	12.5889	-17.7809	111.479
			*MESH_VERTEX 113	13.9968	-22.9578	141.871
			*MESH_VERTEX 114	26.0725	-13.4029	148.573
			*MESH_VERTEX 115	-21.7174	-4.04098	160.391
			*MESH_VERTEX 116	5.52328	-22.0672	81.5758
			*MESH_VERTEX 117	19.9397	7.43613	153.946
			*MESH_VERTEX 118	-2.5435	2.00145	21.8896
			*MESH_VERTEX 119	-3.28091	-6.22932	52.7849
			*MESH_VERTEX 120	-12.6962	-1.24376	54.0753
			*MESH_VERTEX 121	24.5448	-11.9767	144.324
			*MESH_VERTEX 122	27.6943	-7.45376	145.867
			*MESH_VERTEX 123	-23.8628	-11.6057	88.2738
			*MESH_VERTEX 124	-17.9399	7.80072	159.202
			*MESH_VERTEX 125	-3.30068	-7.61863	79.7521
			*MESH_VERTEX 126	26.5035	-13.0136	92.65
			*MESH_VERTEX 127	-20.0981	-13.1618	9.72641
			*MESH_VERTEX 128	-16.0017	-13.9265	158.754
			*MESH_VERTEX 129	29.5965	2.55568	138.118
			*MESH_VERTEX 130	35.0576	0.189475	107.467
			*MESH_VERTEX 131	-32.8073	-6.32064	90.6095
			*MESH_VERTEX 132	20.7861	-1.64464	137.212
			*MESH_VERTEX 133	20.9034	-13.0111	129.669
			*MESH_VERTEX 134	17.2828	-9.72719	139.22
			*MESH_VERTEX 135	-34.0568	-6.39006	90.249
			*MESH_VERTEX 136	-21.6573	-3.82203	116.277
			*MESH_VERTEX 137	-19.6009	2.72866	118.297
			*MESH_VERTEX 138	19.8	-13.4386	9.79497
			*MESH_VERTEX 139	-31.4321	-14.8256	93.2513
			*MESH_VERTEX 140	-27.0213	-9.39685	131.274
			*MESH_VERTEX 141	-14.6628	7.21106	98.5077
			*MESH_VERTEX 142	19.0244	2.21144	139.468
			*MESH_VERTEX 143	-11.8836	2.47962	111.516
			*MESH_VERTEX 144	-31.46	4.6093	110.13
			*MESH_VERTEX 145	20.7954	-6.81413	115.574
			*MESH_VERTEX 146	5.48027	-18.8438	82.8251
			*MESH_VERTEX 147	-33.3542	-5.60986	132.841
			*MESH_VERTEX 148	11.2087	3.01716	111.495
			*MESH_VERTEX 149	14.3866	7.71798	115.306
			*MESH_VERTEX 150	18.5543	-12.473	144.203
			*MESH_VERTEX 151	-8.08286	-14.9835	51.3255
			*MESH_VERTEX 152	-5.34568	-21.1826	81.6071
			*MESH_VERTEX 153	11.8629	-20.1004	105.316
			*MESH_VERTEX 154	-20.0984	-13.0092	142.681
			*MESH_VERTEX 155	15.6926	-16.4315	47.0864
			*MESH_VERTEX 156	10.6145	-9.58431	19.0391
			*MESH_VERTEX 157	-24.4843	-16.2916	128.82
			*MESH_VERTEX 158	-15.0138	-15.4791	51.7035
			*MESH_VERTEX 159	-11.4734	-20.3971	105.316
			*MESH_VERTEX 160	-6.73017	-17.9426	46.7043
			*MESH_VERTEX 161	-13.9554	2.55717	50.7624
			*MESH_VERTEX 162	5.29646	-24.1287	67.5098
			*MESH_VERTEX 163	21.2732	-8.51566	84.1338
			*MESH_VERTEX 164	13.0359	2.57255	82.6643
			*MESH_VERTEX 165	23.918	-7.26595	82.1968
			*MESH_VERTEX 166	22.9022	-3.68104	60.6195
			*MESH_VERTEX 167	22.169	-8.5991	65.6657
			*MESH_VERTEX 168	15.5778	1.72131	64.8302
			*MESH_VERTEX 169	-0.0409785	-8.45352	59.9109
			*MESH_VERTEX 170	5.63606	1.82703	64.0789
			*MESH_VERTEX 171	20.3763	6.41148	130.312
			*MESH_VERTEX 172	15.9808	12.5335	140.64
			*MESH_VERTEX 173	14.3448	-22.8793	4.34296
			*MESH_VERTEX 174	8.78906	-15.4592	9.03195
			*MESH_VERTEX 175	-21.9845	-6.47243	121.29
			*MESH_VERTEX 176	-21.7486	-7.57887	115.552
			*MESH_VERTEX 177	-14.6061	-22.5449	4.22156
			*MESH_VERTEX 178	-9.08426	-15.1707	9.00827
			*MESH_VERTEX 179	-24.4538	-1.0463	84.901
			*MESH_VERTEX 180	-19.4431	-6.43947	88.9183
			*MESH_VERTEX 181	-22.1067	-11.4553	144.592
			*MESH_VERTEX 182	-12.9684	-21.3493	115.58
			*MESH_VERTEX 183	23.0361	-10.9005	87.7902
			*MESH_VERTEX 184	26.098	-8.17432	91.2755
			*MESH_VERTEX 185	-6.39999	-5.50075	165.073
			*MESH_VERTEX 186	-26.733	-15.7252	80.4394
			*MESH_VERTEX 187	-24.1542	-14.8098	79.5035
			*MESH_VERTEX 188	-27.0335	-16.3049	85.6016
			*MESH_VERTEX 189	22.7389	-0.695135	107.7
			*MESH_VERTEX 190	29.7871	-5.86165	86.8832
			*MESH_VERTEX 191	28.4513	-4.62432	83.8989
			*MESH_VERTEX 192	31.4746	2.30554	106.685
			*MESH_VERTEX 193	26.5278	5.78592	137.5
			*MESH_VERTEX 194	-21.0046	0.781862	111.459
			*MESH_VERTEX 195	-25.0916	-13.7858	79.4655
			*MESH_VERTEX 196	-25.8087	-8.70326	91.1326
			*MESH_VERTEX 197	-25.3809	-17.0417	80.0922
			*MESH_VERTEX 198	25.9091	-14.813	79.8386
			*MESH_VERTEX 199	24.3392	-12.7869	78.9254
			*MESH_VERTEX 200	22.9508	-14.0414	78.5283
			*MESH_VERTEX 201	26.1085	-15.5988	84.9685
			*MESH_VERTEX 202	24.5217	-16.0689	79.439
			*MESH_VERTEX 203	6.37766	-5.91558	165.079
			*MESH_VERTEX 204	10.7044	-22.9177	-0.100591
			*MESH_VERTEX 205	0.0638623	-21.996	111.488
			*MESH_VERTEX 206	-0.00153769	-25.3886	115.713
			*MESH_VERTEX 207	-33.7149	-10.2501	92.2997
			*MESH_VERTEX 208	-0.0121732	8.96934	113.845
			*MESH_VERTEX 209	21.7312	-8.95488	97.789
			*MESH_VERTEX 210	16.7362	-6.76305	105.224
			*MESH_VERTEX 211	-22.3655	-17.4401	0.315441
			*MESH_VERTEX 212	-23.7977	-0.551433	22.1226
			*MESH_VERTEX 213	-12.8003	-11.6726	19.215
			*MESH_VERTEX 214	-15.4221	-18.4997	47.4887
			*MESH_VERTEX 215	4.05178	2.53597	81.9366
			*MESH_VERTEX 216	23.4778	1.94732	150.207
			*MESH_VERTEX 217	-27.4412	-8.18783	91.4129
			*MESH_VERTEX 218	11.5798	7.90475	51.0757
			*MESH_VERTEX 219	-29.0328	-5.31674	84.0801
			*MESH_VERTEX 220	-30.4462	-6.40619	87.0911
			*MESH_VERTEX 221	0.47306	-8.0413	64.293
			*MESH_VERTEX 222	6.47089	-21.6611	65.0375
			*MESH_VERTEX 223	0.000152269	3.61377	161.176
			*MESH_VERTEX 224	13.7167	-21.0819	115.372
			*MESH_VERTEX 225	26.84	-5.61547	118.582
			*MESH_VERTEX 226	-5.51328	1.64441	79.1648
			*MESH_VERTEX 227	4.63219	4.10121	66.2956
			*MESH_VERTEX 228	14.9683	3.83294	80.8628
			*MESH_VERTEX 229	22.1387	-17.8136	0.441242
			*MESH_VERTEX 230	12.0987	4.83599	103.885
			*MESH_VERTEX 231	-0.405486	12.8887	79.1479
			*MESH_VERTEX 232	-0.0884481	7.35926	90.7027
			*MESH_VERTEX 233	0.144264	4.9315	105.81
			*MESH_VERTEX 234	-1.40549	-7.06704	81.8475
			*MESH_VERTEX 235	-10.9255	-22.5349	-0.208944
			*MESH_VERTEX 236	22.8393	-10.7031	142.409
			*MESH_VERTEX 237	-10.134	10.9678	22.0804
			*MESH_VERTEX 238	23.6596	0.725048	22.2165
			*MESH_VERTEX 239	0.044953	2.70441	156.701
			*MESH_VERTEX 240	-33.6177	1.81299	117.069
			*MESH_VERTEX 241	-30.7695	3.57918	135.29
			*MESH_VERTEX 242	-22.141	8.39121	119.178
			*MESH_VERTEX 243	-18.3755	-7.82268	105.231
			*MESH_VERTEX 244	-18.4589	-17.0652	101.625
			*MESH_VERTEX 245	18.6834	-16.539	152.481
			*MESH_VERTEX 246	15.6394	-4.94291	137.512
			*MESH_VERTEX 247	-21.4996	-9.25595	81.4262
			*MESH_VERTEX 248	-20.783	-10.2	58.6742
			*MESH_VERTEX 249	16.184	-20.8445	82.9752
			*MESH_VERTEX 250	31.9203	-6.26639	90.592
			*MESH_VERTEX 251	33.0672	-9.95908	92.1368
			*MESH_VERTEX 252	34.5502	-4.19111	108.887
			*MESH_VERTEX 253	-0.0886249	4.97649	111.509
			*MESH_VERTEX 254	-8.58285	3.63752	-1.29591
			*MESH_VERTEX 255	15.5394	3.98172	67.2678
			*MESH_VERTEX 256	8.39888	3.25049	-1.48211
			*MESH_VERTEX 257	21.9427	-5.67432	157.79
			*MESH_VERTEX 258	0.0522526	0.798828	167.641
			*MESH_VERTEX 259	-13.8922	-24.1506	129.673
			*MESH_VERTEX 260	-11.5079	-23.5695	143.48
			*MESH_VERTEX 261	-17.2082	-3.04706	58.5057
			*MESH_VERTEX 262	-7.00654	-2.36963	57.7107
			*MESH_VERTEX 263	-24.6081	-16.3995	85.1092
			*MESH_VERTEX 264	2.54229	-19.5427	90.0457
			*MESH_VERTEX 265	-0.101909	13.741	141.23
			*MESH_VERTEX 266	-23.3881	4.53293	144.679
			*MESH_VERTEX 267	-19.1622	-5.0517	165.106
			*MESH_VERTEX 268	-26.9586	-7.0593	117.55
			*MESH_VERTEX 269	-1.473	-7.59671	66.4729
			*MESH_VERTEX 270	1.50644	-7.03035	79.9058
			*MESH_VERTEX 271	9.08407	11.2854	21.3864
			*MESH_VERTEX 272	2.89326	2.31229	21.4632
			*MESH_VERTEX 273	23.6933	-15.6069	84.4349
			*MESH_VERTEX 274	-22.6815	-14.2583	83.5238
			*MESH_VERTEX 275	21.8543	-13.3519	82.9019
			*MESH_VERTEX 276	9.94615	-14.8305	46.607
			*MESH_VERTEX 277	-21.3549	-5.15511	101.551
			*MESH_VERTEX 278	27.3224	2.1768	144.372
			*MESH_VERTEX 279	0.00333278	-10.4359	162.59
			*MESH_VERTEX 280	-29.7203	5.47395	115.828
			*MESH_VERTEX 281	-33.8741	3.29365	120.872
			*MESH_VERTEX 282	-29.5976	7.35734	120.514
			*MESH_VERTEX 283	22.2679	-6.40175	109.551
			*MESH_VERTEX 284	6.22845	-4.87092	156.192
			*MESH_VERTEX 285	-21.5038	1.89541	115.978
			*MESH_VERTEX 286	-6.40566	-18.3277	60.1275
			*MESH_VERTEX 287	-0.0150035	-27.5828	129.26
			*MESH_VERTEX 288	0.0135982	-25.0755	121.184
			*MESH_VERTEX 289	-22.7855	-5.13153	50.5177
			*MESH_VERTEX 290	-25.681	-14.607	89.8882
			*MESH_VERTEX 291	-33.5641	-2.96279	118.797
			*MESH_VERTEX 292	-35.1651	1.35541	111.451
			*MESH_VERTEX 293	-1.26466	-4.96278	49.3919
			*MESH_VERTEX 294	30.502	-12.9661	93.1212
			*MESH_VERTEX 295	-5.97421	-5.09017	156.116
			*MESH_VERTEX 296	-29.9382	-18.5611	83.0405
			*MESH_VERTEX 297	24.7558	-14.015	89.3364
			*MESH_VERTEX 298	28.9911	-17.8432	82.3626
			*MESH_VERTEX 299	23.404	-11.4965	137.844
			*MESH_VERTEX 300	18.3497	-6.7212	130.592
			*MESH_VERTEX 301	18.9158	-9.46889	134.408
			*MESH_VERTEX 302	10.032	8.28798	14.1256
			*MESH_VERTEX 303	25.5671	2.74408	106.603
			*MESH_VERTEX 304	-26.1632	-8.32207	118.915
			*MESH_VERTEX 305	3.81288	3.98766	79.6949
			*MESH_VERTEX 306	25.3139	-7.89847	122.486
			*MESH_VERTEX 307	-15.8981	-18.9372	60.2563
			*MESH_VERTEX 308	32.8499	-6.81936	86.304
			*MESH_VERTEX 309	14.0569	-23.708	129.202
			*MESH_VERTEX 310	13.0743	-21.183	120.995
			*MESH_VERTEX 311	21.0012	-6.29895	120.789
			*MESH_VERTEX 312	-12.1166	-20.0193	111.498
			*MESH_VERTEX 313	-33.5289	-7.29534	86.4907
			*MESH_VERTEX 314	-34.5501	-3.69042	120.617
			*MESH_VERTEX 315	-20.1835	-4.24677	118.077
			*MESH_VERTEX 316	-20.6767	-5.75468	114.087
			*MESH_VERTEX 317	12.3872	10.4718	121.261
			*MESH_VERTEX 318	23.6384	0.0514568	116.28
			*MESH_VERTEX 319	-15.4558	12.91	140.077
			*MESH_VERTEX 320	19.6916	4.36057	134.35
			*MESH_VERTEX 321	32.6994	1.29328	116.995
			*MESH_VERTEX 322	-26.4982	-8.87291	115.406
			*MESH_VERTEX 323	27.1307	-8.86049	110.387
			*MESH_VERTEX 324	-34.4064	-10.0964	80.1506
			*MESH_VERTEX 325	33.7465	-9.40839	79.8737
			*MESH_VERTEX 326	32.1051	-7.76843	110.129
			*MESH_VERTEX 327	32.2037	-2.3567	117.761
			*MESH_VERTEX 328	30.9289	-4.35885	136.17
			*MESH_VERTEX 329	25.9747	4.03212	115.873
			*MESH_VERTEX 330	14.8238	-19.4787	96.4262
			*MESH_VERTEX 331	-1.01901	-7.8322	58.9902
			*MESH_VERTEX 332	16.0881	-17.2528	52.4469
			*MESH_VERTEX 333	-2.38947	-19.6631	90.097
			*MESH_VERTEX 334	15.9867	-21.3145	65.9151
			*MESH_VERTEX 335	27.8368	-9.66989	135.612
			*MESH_VERTEX 336	25.5933	-6.70351	144.191
			*MESH_VERTEX 337	29.0283	-5.21751	90.3186
			*MESH_VERTEX 338	21.67	-5.16848	130.65
			*MESH_VERTEX 339	6.79173	-20.872	60.0871
			*MESH_VERTEX 340	16.7142	-3.0204	135.296
			*MESH_VERTEX 341	15.737	-20.758	60.8509
			*MESH_VERTEX 342	-12.3691	3.65312	104.493
			*MESH_VERTEX 343	23.4206	-8.39663	68.4888
			*MESH_VERTEX 344	1.03879	-2.95201	48.829
			*MESH_VERTEX 345	-34.8131	-3.66103	113.435
			*MESH_VERTEX 346	-15.7796	-21.5356	82.4519
			*MESH_VERTEX 347	22.8331	-3.61861	118.035
			*MESH_VERTEX 348	-0.00976603	-22.3253	105.327
			*MESH_VERTEX 349	0.0634967	10.6097	98.3096
			*MESH_VERTEX 350	30.6084	-4.55892	117.964
			*MESH_VERTEX 351	-24.1775	4.65775	109.911
			*MESH_VERTEX 352	29.5249	4.66904	120.954
			*MESH_VERTEX 353	7.96602	-17.1665	52.1486
			*MESH_VERTEX 354	14.1091	5.34575	97.3348
			*MESH_VERTEX 355	-32.1615	-7.75243	115.102
			*MESH_VERTEX 356	-10.1294	9.11451	14.399
			*MESH_VERTEX 357	32.486	2.03595	120.35
			*MESH_VERTEX 358	17.6758	-1.7049	131.863
			*MESH_VERTEX 359	22.285	-2.69369	49.9222
			*MESH_VERTEX 360	26.9484	-5.69675	117.791
			*MESH_VERTEX 361	32.1798	-2.28843	119.756
			*MESH_VERTEX 362	24.136	-9.6814	131.727
			*MESH_VERTEX 363	-0.0565881	11.8535	92.2256
			*MESH_VERTEX 364	-16.655	0.0286599	79.7922
			*MESH_VERTEX 365	22.8039	0.232095	118.407
			*MESH_VERTEX 366	30.2857	3.87984	116.387
			*MESH_VERTEX 367	18.5069	-7.73471	137.963
			*MESH_VERTEX 368	-0.0331678	9.81565	121.506
		}
		*MESH_FACE_LIST {
			*MESH_FACE    0:    A:    272 B:    276 C:    344 AB:    1 BC:    1 CA:    1	 *MESH_SMOOTHING 1 	*MESH_MTLID 0
			*MESH_FACE    1:    A:    218 B:    359 C:    238 AB:    1 BC:    1 CA:    1	 *MESH_SMOOTHING 1 	*MESH_MTLID 0
			*MESH_FACE    2:    A:    98 B:    141 C:    342 AB:    1 BC:    1 CA:    1	 *MESH_SMOOTHING 1 	*MESH_MTLID 0
			*MESH_FACE    3:    A:    288 B:    259 C:    57 AB:    1 BC:    1 CA:    1	 *MESH_SMOOTHING 1 	*MESH_MTLID 0
			*MESH_FACE    4:    A:    333 B:    159 C:    102 AB:    1 BC:    1 CA:    1	 *MESH_SMOOTHING 1 	*MESH_MTLID 0
			*MESH_FACE    5:    A:    346 B:    286 C:    152 AB:    1 BC:    1 CA:    1	 *MESH_SMOOTHING 1 	*MESH_MTLID 0
			*MESH_FACE    6:    A:    277 B:    141 C:    179 AB:    1 BC:    1 CA:    1	 *MESH_SMOOTHING 1 	*MESH_MTLID 0
			*MESH_FACE    7:    A:    161 B:    212 C:    289 AB:    1 BC:    1 CA:    1	 *MESH_SMOOTHING 1 	*MESH_MTLID 0
			*MESH_FACE    8:    A:    287 B:    259 C:    288 AB:    1 BC:    1 CA:    1	 *MESH_SMOOTHING 1 	*MESH_MTLID 0
			*MESH_FACE    9:    A:    157 B:    175 C:    57 AB:    1 BC:    1 CA:    1	 *MESH_SMOOTHING 1 	*MESH_MTLID 0
			*MESH_FACE    10:    A:    282 B:    281 C:    84 AB:    1 BC:    1 CA:    1	 *MESH_SMOOTHING 1 	*MESH_MTLID 0
			*MESH_FACE    11:    A:    85 B:    14 C:    137 AB:    1 BC:    1 CA:    1	 *MESH_SMOOTHING 1 	*MESH_MTLID 0
			*MESH_FACE    12:    A:    364 B:    261 C:    247 AB:    1 BC:    1 CA:    1	 *MESH_SMOOTHING 1 	*MESH_MTLID 0
			*MESH_FACE    13:    A:    248 B:    307 C:    247 AB:    1 BC:    1 CA:    1	 *MESH_SMOOTHING 1 	*MESH_MTLID 0
			*MESH_FACE    14:    A:    214 B:    289 C:    212 AB:    1 BC:    1 CA:    1	 *MESH_SMOOTHING 1 	*MESH_MTLID 0
			*MESH_FACE    15:    A:    118 B:    237 C:    161 AB:    1 BC:    1 CA:    1	 *MESH_SMOOTHING 1 	*MESH_MTLID 0
			*MESH_FACE    16:    A:    49 B:    265 C:    368 AB:    1 BC:    1 CA:    1	 *MESH_SMOOTHING 1 	*MESH_MTLID 0
			*MESH_FACE    17:    A:    100 B:    7 C:    99 AB:    1 BC:    1 CA:    1	 *MESH_SMOOTHING 1 	*MESH_MTLID 0
			*MESH_FACE    18:    A:    276 B:    272 C:    156 AB:    1 BC:    1 CA:    1	 *MESH_SMOOTHING 1 	*MESH_MTLID 0
			*MESH_FACE    19:    A:    271 B:    272 C:    218 AB:    1 BC:    1 CA:    1	 *MESH_SMOOTHING 1 	*MESH_MTLID 0
			*MESH_FACE    20:    A:    309 B:    113 C:    287 AB:    1 BC:    1 CA:    1	 *MESH_SMOOTHING 1 	*MESH_MTLID 0
			*MESH_FACE    21:    A:    267 B:    124 C:    86 AB:    1 BC:    1 CA:    1	 *MESH_SMOOTHING 1 	*MESH_MTLID 0
			*MESH_FACE    22:    A:    65 B:    12 C:    223 AB:    1 BC:    1 CA:    1	 *MESH_SMOOTHING 1 	*MESH_MTLID 0
			*MESH_FACE    23:    A:    10 B:    12 C:    52 AB:    1 BC:    1 CA:    1	 *MESH_SMOOTHING 1 	*MESH_MTLID 0
			*MESH_FACE    24:    A:    85 B:    94 C:    14 AB:    1 BC:    1 CA:    1	 *MESH_SMOOTHING 1 	*MESH_MTLID 0
			*MESH_FACE    25:    A:    100 B:    181 C:    7 AB:    1 BC:    1 CA:    1	 *MESH_SMOOTHING 1 	*MESH_MTLID 0
			*MESH_FACE    26:    A:    88 B:    4 C:    235 AB:    1 BC:    1 CA:    1	 *MESH_SMOOTHING 1 	*MESH_MTLID 0
			*MESH_FACE    27:    A:    127 B:    211 C:    177 AB:    1 BC:    1 CA:    1	 *MESH_SMOOTHING 1 	*MESH_MTLID 0
			*MESH_FACE    28:    A:    97 B:    204 C:    2 AB:    1 BC:    1 CA:    1	 *MESH_SMOOTHING 1 	*MESH_MTLID 0
			*MESH_FACE    29:    A:    174 B:    66 C:    72 AB:    1 BC:    1 CA:    1	 *MESH_SMOOTHING 1 	*MESH_MTLID 0
			*MESH_FACE    30:    A:    194 B:    316 C:    6 AB:    1 BC:    1 CA:    1	 *MESH_SMOOTHING 1 	*MESH_MTLID 0
			*MESH_FACE    31:    A:    139 B:    6 C:    322 AB:    1 BC:    1 CA:    1	 *MESH_SMOOTHING 1 	*MESH_MTLID 0
			*MESH_FACE    32:    A:    237 B:    212 C:    161 AB:    1 BC:    1 CA:    1	 *MESH_SMOOTHING 1 	*MESH_MTLID 0
			*MESH_FACE    33:    A:    88 B:    235 C:    9 AB:    1 BC:    1 CA:    1	 *MESH_SMOOTHING 1 	*MESH_MTLID 0
			*MESH_FACE    34:    A:    319 B:    124 C:    265 AB:    1 BC:    1 CA:    1	 *MESH_SMOOTHING 1 	*MESH_MTLID 0
			*MESH_FACE    35:    A:    171 B:    338 C:    311 AB:    1 BC:    1 CA:    1	 *MESH_SMOOTHING 1 	*MESH_MTLID 0
			*MESH_FACE    36:    A:    359 B:    155 C:    238 AB:    1 BC:    1 CA:    1	 *MESH_SMOOTHING 1 	*MESH_MTLID 0
			*MESH_FACE    37:    A:    363 B:    231 C:    141 AB:    1 BC:    1 CA:    1	 *MESH_SMOOTHING 1 	*MESH_MTLID 0
			*MESH_FACE    38:    A:    271 B:    218 C:    238 AB:    1 BC:    1 CA:    1	 *MESH_SMOOTHING 1 	*MESH_MTLID 0
			*MESH_FACE    39:    A:    97 B:    11 C:    204 AB:    1 BC:    1 CA:    1	 *MESH_SMOOTHING 1 	*MESH_MTLID 0
