*3DSMAX_ASCIIEXPORT	110
*COMMENT "[ GothicSourcer v3.10 ] - August 2006"
*SCENE {
	*SCENE_FILENAME "ARMOR_PIR_H_ADDON.MAX"
	*SCENE_FIRSTFRAME 0
	*SCENE_LASTFRAME 100
	*SCENE_FRAMESPEED 25
	*SCENE_TICKSPERFRAME 192
	*SCENE_BACKGROUND_STATIC 0	0	0
	*SCENE_AMBIENT_STATIC 0.2	0.2	0.2
}
*MATERIAL_LIST {
	*MATERIAL_COUNT 2
	*MATERIAL 1 {
		*MATERIAL_NAME "Compound Material #2"
		*MATERIAL_CLASS "Multi/Sub-Object"
		*NUMSUBMTLS 2
		*SUBMATERIAL 0 {
			*MATERIAL_NAME "NACKED_MUSCEL0"
			*MATERIAL_CLASS "Standard"
			*MATERIAL_AMBIENT 0.101961	0.0509804	0.0470588
			*MATERIAL_DIFFUSE 0.101961	0.0509804	0.0470588
			*MATERIAL_SPECULAR 0.9	0.9	0.9
			*MATERIAL_SHINE 0.1
			*MATERIAL_SHINESTRENGTH 0
			*MATERIAL_TRANSPARENCY 0
			*MATERIAL_WIRESIZE 1
			*MATERIAL_SHADING Blinn
			*MATERIAL_XP_FALLOFF 0
			*MATERIAL_SELFILLUM 0
			*MATERIAL_FALLOFF In
			*MATERIAL_XP_TYPE Filter
			*MAP_DIFFUSE {
				*MAP_NAME "Map #2-1"
				*MAP_CLASS "Bitmap"
				*MAP_SUBNO 1
				*MAP_AMOUNT 1
				*BITMAP "PIRAT3.TGA"
				*MAP_TYPE Screen
				*UVW_U_OFFSET 0
				*UVW_V_OFFSET 0
				*UVW_U_TILING 1
				*UVW_V_TILING 1
				*UVW_ANGLE 0
				*UVW_BLUR 1
				*UVW_BLUR_OFFSET 0
				*UVW_NOUSE_AMT 1
				*UVW_NOISE_SIZE 1
				*UVW_NOISE_LEVEL 1
				*UVW_NOISE_PHASE 0
				*BITMAP_FILTER Pyramidal
			}
		}
		*SUBMATERIAL 1 {
			*MATERIAL_NAME "MATERIAL #334"
			*MATERIAL_CLASS "Standard"
			*MATERIAL_AMBIENT 0.509804	0.407843	0.305882
			*MATERIAL_DIFFUSE 0.509804	0.407843	0.305882
			*MATERIAL_SPECULAR 0.9	0.9	0.9
			*MATERIAL_SHINE 0.1
			*MATERIAL_SHINESTRENGTH 0
			*MATERIAL_TRANSPARENCY 0
			*MATERIAL_WIRESIZE 1
			*MATERIAL_SHADING Blinn
			*MATERIAL_XP_FALLOFF 0
			*MATERIAL_SELFILLUM 0
			*MATERIAL_FALLOFF In
			*MATERIAL_XP_TYPE Filter
			*MAP_DIFFUSE {
				*MAP_NAME "Map #2-2"
				*MAP_CLASS "Bitmap"
				*MAP_SUBNO 1
				*MAP_AMOUNT 1
				*BITMAP "HUM_BODY_NAKED_V0_C0.TGA"
				*MAP_TYPE Screen
				*UVW_U_OFFSET 0
				*UVW_V_OFFSET 0
				*UVW_U_TILING 1
				*UVW_V_TILING 1
				*UVW_ANGLE 0
				*UVW_BLUR 1
				*UVW_BLUR_OFFSET 0
				*UVW_NOUSE_AMT 1
				*UVW_NOISE_SIZE 1
				*UVW_NOISE_LEVEL 1
				*UVW_NOISE_PHASE 0
				*BITMAP_FILTER Pyramidal
			}
		}
	}
}
*HELPEROBJECT {
	*NODE_NAME "Bip01"
	*NODE_TM {
		*NODE_NAME "Bip01"
		*TM_ROW0 6.27438e-006	-1	0
		*TM_ROW1 1	6.27438e-006	0
		*TM_ROW2 -0	-0	1
		*TM_ROW3 0	-7.37745	99.9496
		*TM_POS 0	-7.37745	99.9496
		*TM_ROTAXIS 0	0	1
		*TM_ROTANGLE 1.57079
		*TM_SCALE 1	1	1
		*TM_SCALEAXIS 0	0	0
		*TM_SCALEAXISANG 0	0	0
	}
}
*HELPEROBJECT {
	*NODE_NAME "Bip01 Pelvis"
	*NODE_PARENT "Bip01"
	*NODE_TM {
		*NODE_NAME "Bip01 Pelvis"
		*TM_ROW0 -5.96014e-008	1.79264e-006	1
		*TM_ROW1 -1.79264e-006	-1	1.79264e-006
		*TM_ROW2 1	-1.79264e-006	-5.96014e-008
		*TM_ROW3 1e-005	-8.0113	99.9496
		*TM_POS 1e-005	-8.0113	99.9496
		*TM_ROTAXIS 0.707107	0	0.707107
		*TM_ROTANGLE 3.1416
		*TM_SCALE 1	1	1
		*TM_SCALEAXIS 0	0	0
		*TM_SCALEAXISANG 0	0	0
	}
}
*HELPEROBJECT {
	*NODE_NAME "Bip01 Spine"
	*NODE_PARENT "Bip01 Pelvis"
	*NODE_TM {
		*NODE_NAME "Bip01 Spine"
		*TM_ROW0 6.6944e-008	-0.0205947	0.999788
		*TM_ROW1 5.48642e-006	-0.999788	-0.0205947
		*TM_ROW2 1	5.48642e-006	6.6944e-008
		*TM_ROW3 1e-005	-7.92216	102.35
		*TM_POS 1e-005	-7.92216	102.35
		*TM_ROTAXIS 0.707088	-0.00727998	0.707088
		*TM_ROTANGLE 3.12703
		*TM_SCALE 1	1	1
		*TM_SCALEAXIS 0	0	0
		*TM_SCALEAXISANG 0	0	0
	}
}
*HELPEROBJECT {
	*NODE_NAME "Bip01 Spine1"
	*NODE_PARENT "Bip01 Spine"
	*NODE_TM {
		*NODE_NAME "Bip01 Spine1"
		*TM_ROW0 6.76996e-008	-0.00276992	0.999996
		*TM_ROW1 -1.92621e-006	-0.999996	-0.00276991
		*TM_ROW2 1	-1.92621e-006	6.76996e-008
		*TM_ROW3 1e-005	-8.11442	112.175
		*TM_POS 1e-005	-8.11442	112.175
		*TM_ROTAXIS -0.707107	0.000979995	-0.707106
		*TM_ROTANGLE 3.14355
		*TM_SCALE 1	1	1
		*TM_SCALEAXIS 0	0	0
		*TM_SCALEAXISANG 0	0	0
	}
}
*HELPEROBJECT {
	*NODE_NAME "Bip01 Spine2"
	*NODE_PARENT "Bip01 Spine1"
	*NODE_TM {
		*NODE_NAME "Bip01 Spine2"
		*TM_ROW0 3.48622e-008	0.180243	0.983622
		*TM_ROW1 1.67638e-006	-0.983622	0.180243
		*TM_ROW2 1	1.67638e-006	3.48621e-008
		*TM_ROW3 1e-005	-8.1264	124.961
		*TM_POS 1e-005	-8.1264	124.961
		*TM_ROTAXIS 0.705652	0.0641202	0.705652
		*TM_ROTANGLE 3.26966
		*TM_SCALE 1	1	1
		*TM_SCALEAXIS 0	0	0
		*TM_SCALEAXISANG 0	0	0
	}
}
*HELPEROBJECT {
	*NODE_NAME "Bip01 Neck"
	*NODE_PARENT "Bip01 Spine2"
	*NODE_TM {
		*NODE_NAME "Bip01 Neck"
		*TM_ROW0 6.08698e-007	-0.167043	0.98595
		*TM_ROW1 4.70132e-006	-0.98595	-0.167043
		*TM_ROW2 1	4.70132e-006	6.08698e-007
		*TM_ROW3 -2.11471e-012	-2.71656	154.454
		*TM_POS -2.11471e-012	-2.71656	154.454
		*TM_ROTAXIS -0.70586	0.05937	-0.705859
		*TM_ROTANGLE 3.2602
		*TM_SCALE 1	1	1
		*TM_SCALEAXIS 0	0	0
		*TM_SCALEAXISANG 0	0	0
	}
}
*HELPEROBJECT {
	*NODE_NAME "Bip01 Head"
	*NODE_PARENT "Bip01 Neck"
	*NODE_TM {
		*NODE_NAME "Bip01 Head"
		*TM_ROW0 -5.96015e-008	1.76921e-006	1
		*TM_ROW1 -1.79264e-006	-1	1.77916e-006
		*TM_ROW2 1	-1.79264e-006	-5.96014e-008
		*TM_ROW3 1.63729e-011	-3.85901	161.198
		*TM_POS 1.63729e-011	-3.85901	161.198
		*TM_ROTAXIS -0.707107	4.76653e-009	-0.707107
		*TM_ROTANGLE 3.14159
		*TM_SCALE 1	1	1
		*TM_SCALEAXIS 0	0	0
		*TM_SCALEAXISANG 0	0	0
	}
}
*HELPEROBJECT {
	*NODE_NAME "ZS_HELMET"
	*NODE_PARENT "Bip01 Head"
	*NODE_TM {
		*NODE_NAME "ZS_HELMET"
		*TM_ROW0 1	5.73874e-013	4.35659e-014
		*TM_ROW1 -4.07319e-013	0.996917	-0.0784593
		*TM_ROW2 -4.76109e-014	0.0784593	0.996918
		*TM_ROW3 1e-005	-7.06248	173.704
		*TM_POS 1e-005	-7.06248	173.704
		*TM_ROTAXIS 1	5.81045e-013	-6.25288e-012
		*TM_ROTANGLE 0.078541
		*TM_SCALE 1	1	1
		*TM_SCALEAXIS 0	0	0
		*TM_SCALEAXISANG 0	0	0
	}
}
*HELPEROBJECT {
	*NODE_NAME "Bip01 L Clavicle"
	*NODE_PARENT "Bip01 Neck"
	*NODE_TM {
		*NODE_NAME "Bip01 L Clavicle"
		*TM_ROW0 0.935229	-0.203893	-0.289439
		*TM_ROW1 0.156435	0.971369	-0.178803
		*TM_ROW2 0.317608	0.121943	0.940348
		*TM_ROW3 7.96399	-1.25804	148.729
		*TM_POS 7.96399	-1.25804	148.729
		*TM_ROTAXIS 0.391939	-0.791119	0.469589
		*TM_ROTANGLE 0.39376
		*TM_SCALE 1	1	1
		*TM_SCALEAXIS 0	0	0
		*TM_SCALEAXISANG 0	0	0
	}
}
*HELPEROBJECT {
	*NODE_NAME "Bip01 L UpperArm"
	*NODE_PARENT "Bip01 L Clavicle"
	*NODE_TM {
		*NODE_NAME "Bip01 L UpperArm"
		*TM_ROW0 0.246229	0.0989026	-0.964152
		*TM_ROW1 0.412789	0.889345	0.196649
		*TM_ROW2 0.876913	-0.446412	0.178157
		*TM_ROW3 20.4269	-3.97508	144.872
		*TM_POS 20.4269	-3.97508	144.872
		*TM_ROTAXIS -0.325561	-0.932072	0.15891
		*TM_ROTANGLE 1.41328
		*TM_SCALE 1	1	1
		*TM_SCALEAXIS 0	0	0
		*TM_SCALEAXISANG 0	0	0
	}
}
*HELPEROBJECT {
	*NODE_NAME "Bip01 L Forearm"
	*NODE_PARENT "Bip01 L UpperArm"
	*NODE_TM {
		*NODE_NAME "Bip01 L Forearm"
		*TM_ROW0 0.0455122	-0.291882	-0.955371
		*TM_ROW1 0.478489	0.845886	-0.235638
		*TM_ROW2 0.876913	-0.44641	0.17816
		*TM_ROW3 27.2982	-1.21526	117.966
		*TM_POS 27.2982	-1.21526	117.966
		*TM_ROTAXIS -0.10545	-0.916697	0.385419
		*TM_ROTANGLE 1.53601
		*TM_SCALE 1	1	1
		*TM_SCALEAXIS 0	0	0
		*TM_SCALEAXISANG 0	0	0
	}
}
*HELPEROBJECT {
	*NODE_NAME "Bip01 L Hand"
	*NODE_PARENT "Bip01 L Forearm"
	*NODE_TM {
		*NODE_NAME "Bip01 L Hand"
		*TM_ROW0 0.0455132	-0.291886	-0.95537
		*TM_ROW1 -0.876533	0.44708	-0.17835
		*TM_ROW2 0.479185	0.845531	-0.2355
		*TM_ROW3 28.5642	-9.33439	91.391
		*TM_POS 28.5642	-9.33439	91.391
		*TM_ROTAXIS 0.551391	-0.772552	-0.314851
		*TM_ROTANGLE 1.95137
		*TM_SCALE 1	1	1
		*TM_SCALEAXIS 0	0	0
		*TM_SCALEAXISANG 0	0	0
	}
}
*HELPEROBJECT {
	*NODE_NAME "Bip01 L Finger0"
	*NODE_PARENT "Bip01 L Hand"
	*NODE_TM {
		*NODE_NAME "Bip01 L Finger0"
		*TM_ROW0 0.0455152	-0.291888	-0.955369
		*TM_ROW1 -0.876915	0.446405	-0.178165
		*TM_ROW2 0.478485	0.845886	-0.235643
		*TM_ROW3 29.15	-13.0909	79.0956
		*TM_POS 29.15	-13.0909	79.0956
		*TM_ROTAXIS 0.551581	-0.772311	-0.31511
		*TM_ROTANGLE 1.95181
		*TM_SCALE 1	1	1
		*TM_SCALEAXIS 0	0	0
		*TM_SCALEAXISANG 0	0	0
	}
}
*HELPEROBJECT {
	*NODE_NAME "ZS_LEFTHAND"
	*NODE_PARENT "Bip01 L Hand"
	*NODE_TM {
		*NODE_NAME "ZS_LEFTHAND"
		*TM_ROW0 0.435606	0.890062	-0.134303
		*TM_ROW1 0.180312	-0.232461	-0.955745
		*TM_ROW2 -0.881893	0.392112	-0.261751
		*TM_ROW3 26.7605	-11.5468	82.7857
		*TM_POS 26.7605	-11.5468	82.7857
		*TM_ROTAXIS 0.794322	0.440571	-0.418271
		*TM_ROTANGLE 2.12858
		*TM_SCALE 1	1	1
		*TM_SCALEAXIS 0	0	0
		*TM_SCALEAXISANG 0	0	0
	}
}
*HELPEROBJECT {
	*NODE_NAME "ZS_LEFTARM"
	*NODE_PARENT "Bip01 L Forearm"
	*NODE_TM {
		*NODE_NAME "ZS_LEFTARM"
		*TM_ROW0 0.0759923	-0.150176	-0.985735
		*TM_ROW1 0.524499	0.846792	-0.0885736
		*TM_ROW2 0.848013	-0.510285	0.143117
		*TM_ROW3 26.9101	-7.67833	110.055
		*TM_POS 26.9101	-7.67833	110.055
		*TM_ROTAXIS -0.21097	-0.917372	0.337521
		*TM_ROTANGLE 1.53784
		*TM_SCALE 1	1	1
		*TM_SCALEAXIS 0	0	0
		*TM_SCALEAXISANG 0	0	0
	}
}
*HELPEROBJECT {
	*NODE_NAME "Bip01 R Clavicle"
	*NODE_PARENT "Bip01 Neck"
	*NODE_TM {
		*NODE_NAME "Bip01 R Clavicle"
		*TM_ROW0 -0.935227	-0.203899	-0.28944
		*TM_ROW1 -0.156442	0.971369	-0.178799
		*TM_ROW2 0.317609	-0.121937	-0.940349
		*TM_ROW3 -7.96398	-1.25806	148.729
		*TM_POS -7.96398	-1.25806	148.729
		*TM_ROTAXIS -0.0929799	0.992639	-0.0775999
		*TM_ROTANGLE 3.45235
		*TM_SCALE 1	1	1
		*TM_SCALEAXIS 0	0	0
		*TM_SCALEAXISANG 0	0	0
	}
}
*HELPEROBJECT {
	*NODE_NAME "Bip01 R UpperArm"
	*NODE_PARENT "Bip01 R Clavicle"
	*NODE_TM {
		*NODE_NAME "Bip01 R UpperArm"
		*TM_ROW0 -0.246232	0.0988932	-0.964153
		*TM_ROW1 -0.412793	0.889345	0.196642
		*TM_ROW2 0.876911	0.446415	-0.178163
		*TM_ROW3 -20.4269	-3.97513	144.872
		*TM_POS -20.4269	-3.97513	144.872
		*TM_ROTAXIS 0.12961	-0.955353	-0.265521
		*TM_ROTANGLE 1.84162
		*TM_SCALE 1	1	1
		*TM_SCALEAXIS 0	0	0
		*TM_SCALEAXISANG 0	0	0
	}
}
*HELPEROBJECT {
	*NODE_NAME "Bip01 R Forearm"
	*NODE_PARENT "Bip01 R UpperArm"
	*NODE_TM {
		*NODE_NAME "Bip01 R Forearm"
		*TM_ROW0 -0.0455087	-0.291889	-0.955369
		*TM_ROW1 -0.478487	0.845885	-0.235646
		*TM_ROW2 0.876915	0.446408	-0.17816
		*TM_ROW3 -27.2982	-1.21534	117.966
		*TM_POS -27.2982	-1.21534	117.966
		*TM_ROTAXIS 0.347279	-0.932937	-0.0950097
		*TM_ROTANGLE 1.76083
		*TM_SCALE 1	1	1
		*TM_SCALEAXIS 0	0	0
		*TM_SCALEAXISANG 0	0	0
	}
}
*HELPEROBJECT {
	*NODE_NAME "Bip01 R Hand"
	*NODE_PARENT "Bip01 R Forearm"
	*NODE_TM {
		*NODE_NAME "Bip01 R Hand"
		*TM_ROW0 -0.0455115	-0.291885	-0.95537
		*TM_ROW1 0.87653	0.447088	-0.17835
		*TM_ROW2 0.479192	-0.845527	0.235499
		*TM_ROW3 -28.5642	-9.33445	91.3911
		*TM_POS -28.5642	-9.33445	91.3911
		*TM_ROTAXIS -0.33922	-0.72939	0.59407
		*TM_ROTANGLE 1.75327
		*TM_SCALE 1	1	1
		*TM_SCALEAXIS 0	0	0
		*TM_SCALEAXISANG 0	0	0
	}
}
*HELPEROBJECT {
	*NODE_NAME "Bip01 R Finger0"
	*NODE_PARENT "Bip01 R Hand"
	*NODE_TM {
		*NODE_NAME "Bip01 R Finger0"
		*TM_ROW0 -0.0455056	-0.291877	-0.955373
		*TM_ROW1 0.876914	0.446413	-0.178152
		*TM_ROW2 0.478489	-0.845886	0.235636
		*TM_ROW3 -29.1499	-13.0909	79.0956
		*TM_POS -29.1499	-13.0909	79.0956
		*TM_ROTAXIS -0.33952	-0.729071	0.594291
		*TM_ROTANGLE 1.75354
		*TM_SCALE 1	1	1
		*TM_SCALEAXIS 0	0	0
		*TM_SCALEAXISANG 0	0	0
	}
}
*HELPEROBJECT {
	*NODE_NAME "ZS_RIGHTHAND"
	*NODE_PARENT "Bip01 R Hand"
	*NODE_TM {
		*NODE_NAME "ZS_RIGHTHAND"
		*TM_ROW0 -0.464344	0.856417	-0.225687
		*TM_ROW1 0.177861	0.339806	0.923525
		*TM_ROW2 0.867612	0.388692	-0.31011
		*TM_ROW3 -20.9389	-19.9852	85.8932
		*TM_POS -20.9389	-19.9852	85.8932
		*TM_ROTAXIS 0.383811	0.784581	0.486951
		*TM_ROTANGLE 3.91244
		*TM_SCALE 1	1	1
		*TM_SCALEAXIS 0	0	0
		*TM_SCALEAXISANG 0	0	0
	}
}
*HELPEROBJECT {
	*NODE_NAME "ZS_CROSSBOW"
	*NODE_PARENT "Bip01 Spine2"
	*NODE_TM {
		*NODE_NAME "ZS_CROSSBOW"
		*TM_ROW0 -0.382687	-0.111464	0.91713
		*TM_ROW1 -0.923878	0.0461715	-0.379891
		*TM_ROW2 -1.2517e-006	-0.992695	-0.120648
		*TM_ROW3 -14.434	10.5915	165.98
		*TM_POS -14.434	10.5915	165.98
		*TM_ROTAXIS -0.447329	0.669479	-0.593039
		*TM_ROTANGLE 2.38705
		*TM_SCALE 1	1	1
		*TM_SCALEAXIS 0	0	0
		*TM_SCALEAXISANG 0	0	0
	}
}
*HELPEROBJECT {
	*NODE_NAME "ZS_LONGSWORD"
	*NODE_PARENT "Bip01 Spine2"
	*NODE_TM {
		*NODE_NAME "ZS_LONGSWORD"
		*TM_ROW0 -0.499829	-0.0915011	0.861277
		*TM_ROW1 -0.865729	0.0828188	-0.493614
		*TM_ROW2 -0.0261636	-0.992355	-0.12061
		*TM_ROW3 -18.1593	6.92629	157.64
		*TM_POS -18.1593	6.92629	157.64
		*TM_ROTAXIS -0.38996	0.69388	-0.60536
		*TM_ROTANGLE 2.44778
		*TM_SCALE 1	1	1
		*TM_SCALEAXIS 0	0	0
		*TM_SCALEAXISANG 0	0	0
	}
}
*HELPEROBJECT {
	*NODE_NAME "ZS_SHIELD"
	*NODE_PARENT "Bip01 Spine2"
	*NODE_TM {
		*NODE_NAME "ZS_SHIELD"
		*TM_ROW0 -0.0138681	0.114196	-0.993362
		*TM_ROW1 -0.908393	0.413755	0.0602465
		*TM_ROW2 0.417888	0.903198	0.0979964
		*TM_ROW3 8.76511	9.5282	131.875
		*TM_POS 8.76511	9.5282	131.875
		*TM_ROTAXIS 0.435421	-0.728972	-0.528212
		*TM_ROTANGLE 1.82457
		*TM_SCALE 1	1	1
		*TM_SCALEAXIS 0	0	0
		*TM_SCALEAXISANG 0	0	0
	}
}
*HELPEROBJECT {
	*NODE_NAME "ZS_BOW"
	*NODE_PARENT "Bip01 Spine2"
	*NODE_TM {
		*NODE_NAME "ZS_BOW"
		*TM_ROW0 -0.341816	-0.0868229	0.935748
		*TM_ROW1 0.0119438	0.995242	0.0967059
		*TM_ROW2 -0.939691	0.044232	-0.339153
		*TM_ROW3 0.5012	12.4143	124.55
		*TM_POS 0.5012	12.4143	124.55
		*TM_ROTAXIS -0.0279299	0.998227	0.0525698
		*TM_ROTANGLE 1.92076
		*TM_SCALE 1	1	1
		*TM_SCALEAXIS 0	0	0
		*TM_SCALEAXISANG 0	0	0
	}
}
*HELPEROBJECT {
	*NODE_NAME "ZS_SWORD"
	*NODE_PARENT "Bip01 Spine"
	*NODE_TM {
		*NODE_NAME "ZS_SWORD"
		*TM_ROW0 5.79068e-007	-0.347172	0.937802
		*TM_ROW1 1.04308e-007	0.937802	0.347172
		*TM_ROW2 -1	-1.04308e-007	5.79068e-007
		*TM_ROW3 17.5015	-4.36211	106.367
		*TM_POS 17.5015	-4.36211	106.367
		*TM_ROTAXIS -0.17367	0.96937	0.17367
		*TM_ROTANGLE 1.6019
		*TM_SCALE 1	1	1
		*TM_SCALEAXIS 0	0	0
		*TM_SCALEAXISANG 0	0	0
	}
}
*HELPEROBJECT {
	*NODE_NAME "Bip01 L Thigh"
	*NODE_PARENT "Bip01 Pelvis"
	*NODE_TM {
		*NODE_NAME "Bip01 L Thigh"
		*TM_ROW0 0.0534879	-0.0367886	-0.997891
		*TM_ROW1 -0.00216181	-0.999323	0.0367256
		*TM_ROW2 -0.998566	0.000192882	-0.0535313
		*TM_ROW3 9.01023	-8.01129	99.9496
		*TM_POS 9.01023	-8.01129	99.9496
		*TM_ROTAXIS 0.72572	-0.01342	-0.68786
		*TM_ROTANGLE 3.16677
		*TM_SCALE 1	1	1
		*TM_SCALEAXIS 0	0	0
		*TM_SCALEAXISANG 0	0	0
	}
}
*HELPEROBJECT {
	*NODE_NAME "Bip01 L Calf"
	*NODE_PARENT "Bip01 L Thigh"
	*NODE_TM {
		*NODE_NAME "Bip01 L Calf"
		*TM_ROW0 0.0525131	0.197552	-0.978885
		*TM_ROW1 0.0103904	-0.980292	-0.197278
		*TM_ROW2 -0.998566	0.000188708	-0.0535307
		*TM_ROW3 11.1149	-9.45845	60.6877
		*TM_POS 11.1149	-9.45845	60.6877
		*TM_ROTAXIS 0.723901	0.0721501	-0.686121
		*TM_ROTANGLE 3.00478
		*TM_SCALE 1	1	1
		*TM_SCALEAXIS 0	0	0
		*TM_SCALEAXISANG 0	0	0
	}
}
*HELPEROBJECT {
	*NODE_NAME "Bip01 L Foot"
	*NODE_PARENT "Bip01 L Calf"
	*NODE_TM {
		*NODE_NAME "Bip01 L Foot"
		*TM_ROW0 -6.00563e-007	7.23674e-006	-1
		*TM_ROW1 0.173652	-0.984807	-7.2672e-006
		*TM_ROW2 -0.984807	-0.173652	-5.93313e-007
		*TM_ROW3 13.6935	0.240668	12.6267
		*TM_POS 13.6935	0.240668	12.6267
		*TM_ROTAXIS 0.705757	0.0617498	-0.705757
		*TM_ROTANGLE 3.26493
		*TM_SCALE 1	1	1
		*TM_SCALEAXIS 0	0	0
		*TM_SCALEAXISANG 0	0	0
	}
}
*HELPEROBJECT {
	*NODE_NAME "Bip01 L Toe0"
	*NODE_PARENT "Bip01 L Foot"
	*NODE_TM {
		*NODE_NAME "Bip01 L Toe0"
		*TM_ROW0 0.173646	-0.984808	5.05606e-006
		*TM_ROW1 5.06961e-006	5.93591e-006	1
		*TM_ROW2 -0.984808	-0.173646	5.91983e-006
		*TM_ROW3 17.6256	-22.0591	-2.43328e-006
		*TM_POS 17.6256	-22.0591	-2.43328e-006
		*TM_ROTAXIS -0.644398	0.540718	0.540718
		*TM_ROTANGLE 1.99673
		*TM_SCALE 1	1	1
		*TM_SCALEAXIS 0	0	0
		*TM_SCALEAXISANG 0	0	0
	}
}
*HELPEROBJECT {
	*NODE_NAME "Bip01 R Thigh"
	*NODE_PARENT "Bip01 Pelvis"
	*NODE_TM {
		*NODE_NAME "Bip01 R Thigh"
		*TM_ROW0 -0.0535034	-0.0367749	-0.99789
		*TM_ROW1 0.00205776	-0.999324	0.0367174
		*TM_ROW2 -0.998566	-8.89041e-005	0.0535432
		*TM_ROW3 -9.01021	-8.01132	99.9496
		*TM_POS -9.01021	-8.01132	99.9496
		*TM_ROTAXIS 0.687862	-0.01262	-0.725732
		*TM_ROTANGLE 3.16835
		*TM_SCALE 1	1	1
		*TM_SCALEAXIS 0	0	0
		*TM_SCALEAXISANG 0	0	0
	}
}
*HELPEROBJECT {
	*NODE_NAME "Bip01 R Calf"
	*NODE_PARENT "Bip01 R Thigh"
	*NODE_TM {
		*NODE_NAME "Bip01 R Calf"
		*TM_ROW0 -0.0525024	0.197539	-0.978888
		*TM_ROW1 -0.0104967	-0.980295	-0.19726
		*TM_ROW2 -0.998566	-8.16062e-005	0.0535415
		*TM_ROW3 -11.1154	-9.45856	60.6878
		*TM_POS -11.1154	-9.45856	60.6878
		*TM_ROTAXIS 0.686298	0.0684898	-0.724088
		*TM_ROTANGLE 2.99744
		*TM_SCALE 1	1	1
		*TM_SCALEAXIS 0	0	0
		*TM_SCALEAXISANG 0	0	0
	}
}
*HELPEROBJECT {
	*NODE_NAME "Bip01 R Foot"
	*NODE_PARENT "Bip01 R Calf"
	*NODE_TM {
		*NODE_NAME "Bip01 R Foot"
		*TM_ROW0 -5.86066e-007	-7.25461e-006	-1
		*TM_ROW1 -0.173652	-0.984807	7.24331e-006
		*TM_ROW2 -0.984807	0.173652	-5.91966e-007
		*TM_ROW3 -13.6935	0.24065	12.6267
		*TM_POS -13.6935	0.24065	12.6267
		*TM_ROTAXIS 0.705757	-0.0617498	-0.705757
		*TM_ROTANGLE 3.01826
		*TM_SCALE 1	1	1
		*TM_SCALEAXIS 0	0	0
		*TM_SCALEAXISANG 0	0	0
	}
}
*HELPEROBJECT {
	*NODE_NAME "Bip01 R Toe0"
	*NODE_PARENT "Bip01 R Foot"
	*NODE_TM {
		*NODE_NAME "Bip01 R Toe0"
		*TM_ROW0 -0.173651	-0.984807	3.50312e-006
		*TM_ROW1 3.50539e-006	3.00781e-006	1
		*TM_ROW2 -0.984808	0.173651	3.01546e-006
		*TM_ROW3 -17.6255	-22.0592	3.52698e-005
		*TM_POS -17.6255	-22.0592	3.52698e-005
		*TM_ROTAXIS 0.510271	-0.608121	-0.608121
		*TM_ROTANGLE 4.08526
		*TM_SCALE 1	1	1
		*TM_SCALEAXIS 0	0	0
		*TM_SCALEAXISANG 0	0	0
	}
}
*GEOMOBJECT {
	*NODE_NAME "zm_Frill"
	*NODE_PARENT "Bip01 Head"
	*NODE_TM {
		*NODE_NAME "zm_Frill"
		*TM_ROW0 -5.96015e-008	1.76921e-006	1
		*TM_ROW1 -1.79264e-006	-1	1.77916e-006
		*TM_ROW2 1	-1.79264e-006	-5.96014e-008
		*TM_ROW3 1.63729e-011	-3.85901	161.198
		*TM_POS 1.63729e-011	-3.85901	161.198
		*TM_ROTAXIS -0.707107	4.76653e-009	-0.707107
		*TM_ROTANGLE 3.14159
		*TM_SCALE 1	1	1
		*TM_SCALEAXIS 0	0	0
		*TM_SCALEAXISANG 0	0	0
	}
	*WIREFRAME_COLOR 0	0	0
	*MESH {
		*TIMEVALUE 0
		*MESH_NUMVERTEX 173
		*MESH_NUMFACES 309
		*MESH_VERTEX_LIST {
			*MESH_VERTEX 0	-13.243	1.90109	159.781
			*MESH_VERTEX 1	3.56005	-17.0811	156.73
			*MESH_VERTEX 2	-9.13815	2.08187	170.375
			*MESH_VERTEX 3	-7.41428	9.4915	161.289
			*MESH_VERTEX 4	3.07559e-006	4.03139	163.782
			*MESH_VERTEX 5	6.79473e-006	-12.5684	182.013
			*MESH_VERTEX 6	7.10481	4.04717	178.555
			*MESH_VERTEX 7	7.70158	2.46496	162.252
			*MESH_VERTEX 8	-7.10479	4.04717	178.555
			*MESH_VERTEX 9	-7.90945	4.2111	166.471
			*MESH_VERTEX 10	-3.56007	-17.0811	156.73
			*MESH_VERTEX 11	3.11505	-15.6033	160.665
			*MESH_VERTEX 12	-2.76113	-15.7019	163.347
			*MESH_VERTEX 13	2.76112	-15.7019	163.347
			*MESH_VERTEX 14	-11.2921	8.89652	166.138
			*MESH_VERTEX 15	-0.0311046	-10.5011	154.201
			*MESH_VERTEX 16	1.07796e-005	7.34693	176.372
			*MESH_VERTEX 17	7.90946	4.21109	166.471
			*MESH_VERTEX 18	9.29576	-1.97175	171.639
			*MESH_VERTEX 19	8.83751	-3.4927	165.525
			*MESH_VERTEX 20	7.42991	-2.61694	165.945
			*MESH_VERTEX 21	-9.29575	-1.97175	171.639
			*MESH_VERTEX 22	-8.83751	-3.49269	165.525
			*MESH_VERTEX 23	-7.4299	-2.61693	165.945
			*MESH_VERTEX 24	-7.63773	4.4753	164.485
			*MESH_VERTEX 25	7.46753	-14.625	159.988
			*MESH_VERTEX 26	-4.59798e-006	-16.4053	161.252
			*MESH_VERTEX 27	-3.75114	-14.1424	164.47
			*MESH_VERTEX 28	3.75114	-14.1424	164.47
			*MESH_VERTEX 29	-4.39398e-006	-16.6875	163.342
			*MESH_VERTEX 30	-3.57968	-14.2897	162.098
			*MESH_VERTEX 31	-7.46754	-14.625	159.988
			*MESH_VERTEX 32	-4.59798e-006	-16.4053	161.252
			*MESH_VERTEX 33	-3.11507	-15.6033	160.665
			*MESH_VERTEX 34	-2.32969e-006	-16.3689	166.041
			*MESH_VERTEX 35	-3.89229e-006	-16.7008	163.152
			*MESH_VERTEX 36	-3.0685e-006	-17.6716	166.257
			*MESH_VERTEX 37	-7.70158	2.46497	162.252
			*MESH_VERTEX 38	1.89446e-006	3.14027	160.422
			*MESH_VERTEX 39	1.89446e-006	3.14027	160.422
			*MESH_VERTEX 40	1.23937e-006	0.629472	162.523
			*MESH_VERTEX 41	3.67916e-006	5.66325	163.609
			*MESH_VERTEX 42	3.79836e-006	5.66325	163.609
			*MESH_VERTEX 43	-6.78615	4.07908	171.281
			*MESH_VERTEX 44	6.27397	2.92263	166.124
			*MESH_VERTEX 45	7.66891	-12.9275	156.728
			*MESH_VERTEX 46	-7.66892	-12.9275	156.728
			*MESH_VERTEX 47	6.06609	-0.0843358	163.293
			*MESH_VERTEX 48	-6.06609	-0.0843317	163.293
			*MESH_VERTEX 49	-4.10459	-4.01662	182.973
			*MESH_VERTEX 50	4.10461	-4.01662	182.973
			*MESH_VERTEX 51	1.19302e-005	3.53508	181.174
			*MESH_VERTEX 52	-6.27397	2.92263	166.124
			*MESH_VERTEX 53	-4.0526	5.16171	165.286
			*MESH_VERTEX 54	-8.67699	-2.17411	164.49
			*MESH_VERTEX 55	8.677	-2.17411	164.49
			*MESH_VERTEX 56	7.74909	-9.90065	166.274
			*MESH_VERTEX 57	3.22254	-13.8666	177.012
			*MESH_VERTEX 58	3.01592	-15.628	173.263
			*MESH_VERTEX 59	-6.5578	-12.8359	172.401
			*MESH_VERTEX 60	-7.74909	-9.90064	166.274
			*MESH_VERTEX 61	3.57967	-14.2897	162.098
			*MESH_VERTEX 62	4.02926e-006	4.03139	163.782
			*MESH_VERTEX 63	7.23052e-006	6.36697	170.473
			*MESH_VERTEX 64	6.85086	-11.0095	176.895
			*MESH_VERTEX 65	9.66664e-006	-6.84474	183.721
			*MESH_VERTEX 66	-11.151	3.93278	157.222
			*MESH_VERTEX 67	-9.64081	1.39667	163.37
			*MESH_VERTEX 68	-11.981	4.58913	158.223
			*MESH_VERTEX 69	4.67614	-3.88484	159.407
			*MESH_VERTEX 70	5.63959	-9.00842	158.393
			*MESH_VERTEX 71	-4.67614	-3.88484	159.407
			*MESH_VERTEX 72	-5.63959	-9.00841	158.393
			*MESH_VERTEX 73	-8.89971	-1.55928	172.704
			*MESH_VERTEX 74	-3.66228	-14.2507	177.598
			*MESH_VERTEX 75	-3.01592	-15.628	173.263
			*MESH_VERTEX 76	-2.80354e-006	-15.9251	164.589
			*MESH_VERTEX 77	-3.74218	-14.2829	163.148
			*MESH_VERTEX 78	-1.54535	-14.104	170.456
			*MESH_VERTEX 79	-12.4998	1.25661	167.366
			*MESH_VERTEX 80	8.27974	-5.41503	172.575
			*MESH_VERTEX 81	7.88431	-6.66349	164.677
			*MESH_VERTEX 82	-6.85085	-11.0095	176.895
			*MESH_VERTEX 83	-8.27973	-5.41503	172.575
			*MESH_VERTEX 84	-7.88431	-6.66348	164.677
			*MESH_VERTEX 85	-3.23471e-006	-15.5192	163.531
			*MESH_VERTEX 86	-4.53441e-006	-15.6072	162.189
			*MESH_VERTEX 87	-0.411318	-17.9506	159.991
			*MESH_VERTEX 88	-0.411319	-16.9604	157.227
			*MESH_VERTEX 89	0.411306	-17.9506	159.991
			*MESH_VERTEX 90	0.411305	-16.9604	157.227
			*MESH_VERTEX 91	3.66229	-14.2507	177.598
			*MESH_VERTEX 92	-3.22253	-13.8666	177.012
			*MESH_VERTEX 93	8.36427	-2.45972	171.799
			*MESH_VERTEX 94	-8.36426	-2.45971	171.799
			*MESH_VERTEX 95	6.5578	-12.8359	172.401
			*MESH_VERTEX 96	1.43538e-006	-15.1691	172.835
			*MESH_VERTEX 97	7.57414	-4.34674	179.379
			*MESH_VERTEX 98	-7.57412	-4.34674	179.379
			*MESH_VERTEX 99	-1.56018	-16.1969	163.286
			*MESH_VERTEX 100	1.56017	-16.1969	163.286
			*MESH_VERTEX 101	3.74217	-14.2829	163.148
			*MESH_VERTEX 102	-12.9433	4.44149	159.426
			*MESH_VERTEX 103	-2.56313	-15.4607	166.441
			*MESH_VERTEX 104	3.12204	-10.5216	181.758
			*MESH_VERTEX 105	-3.12202	-10.5216	181.758
			*MESH_VERTEX 106	-1.33956e-006	-3.7242	159.477
			*MESH_VERTEX 107	-1.33956e-006	-3.7242	159.477
			*MESH_VERTEX 108	1.98223	-17.8753	159.364
			*MESH_VERTEX 109	-1.98224	-17.8753	159.364
			*MESH_VERTEX 110	-8.8733	-5.7983	174.021
			*MESH_VERTEX 111	8.87331	-5.79831	174.021
			*MESH_VERTEX 112	-0.47679	-17.8419	167.444
			*MESH_VERTEX 113	-5.89294	-11.3392	175.888
			*MESH_VERTEX 114	5.89295	-11.3392	175.888
			*MESH_VERTEX 115	-5.70046	0.971247	181.181
			*MESH_VERTEX 116	5.70048	0.971241	181.181
			*MESH_VERTEX 117	2.56313	-15.4607	166.441
			*MESH_VERTEX 118	0.476786	-17.8419	167.444
			*MESH_VERTEX 119	-6.0063	-12.6307	170.325
			*MESH_VERTEX 120	-6.07615	-13.8237	168.783
			*MESH_VERTEX 121	5.79214e-007	-15.3935	171.481
			*MESH_VERTEX 122	6.0063	-12.6307	170.325
			*MESH_VERTEX 123	1.54535	-14.104	170.456
			*MESH_VERTEX 124	6.07615	-13.8237	168.783
			*MESH_VERTEX 125	8.89972	-1.55929	172.704
			*MESH_VERTEX 126	8.66564	-7.56569	163.365
			*MESH_VERTEX 127	-8.66564	-7.56569	163.365
			*MESH_VERTEX 128	6.78616	4.07907	171.281
			*MESH_VERTEX 129	-9.08413	-3.03803	172.458
			*MESH_VERTEX 130	9.08414	-3.03803	172.458
			*MESH_VERTEX 131	1.16068e-005	-1.78858	183.238
			*MESH_VERTEX 132	-1.44536	-14.1579	171.981
			*MESH_VERTEX 133	1.44537	-14.1579	171.981
			*MESH_VERTEX 134	1.57092	-16.3271	160.662
			*MESH_VERTEX 135	-1.57093	-16.3271	160.662
			*MESH_VERTEX 136	3.53364e-006	-14.7179	177.951
			*MESH_VERTEX 137	5.0963	-14.4444	173.078
			*MESH_VERTEX 138	-5.0963	-14.4444	173.078
			*MESH_VERTEX 139	4.89223	-13.7485	163.526
			*MESH_VERTEX 140	-4.89223	-13.7485	163.526
			*MESH_VERTEX 141	3.40796e-006	-14.3173	177.234
			*MESH_VERTEX 142	-3.72856	-13.8355	171.316
			*MESH_VERTEX 143	3.72856	-13.8355	171.316
			*MESH_VERTEX 144	6.11049	-9.24759	179.121
			*MESH_VERTEX 145	-6.11047	-9.24759	179.121
			*MESH_VERTEX 146	-6.28479e-006	-16.0699	158.391
			*MESH_VERTEX 147	-6.21028e-006	-16.0699	158.391
			*MESH_VERTEX 148	5.39706	-13.6861	161.922
			*MESH_VERTEX 149	-5.39706	-13.6861	161.922
			*MESH_VERTEX 150	-7.9304	5.30379	169.562
			*MESH_VERTEX 151	-2.86762e-006	-17.9642	167.461
			*MESH_VERTEX 152	3.58393	-17.0931	159.286
			*MESH_VERTEX 153	-3.58394	-17.0931	159.286
			*MESH_VERTEX 154	-3.7428	-13.6607	172.167
			*MESH_VERTEX 155	-3.4847	-13.5779	172.464
			*MESH_VERTEX 156	3.74281	-13.6607	172.167
			*MESH_VERTEX 157	3.48471	-13.5779	172.464
			*MESH_VERTEX 158	2.14729	-14.5786	172.434
			*MESH_VERTEX 159	-2.14729	-14.5786	172.434
			*MESH_VERTEX 160	-2.75033e-006	-14.1716	163.183
			*MESH_VERTEX 161	3.75114	-14.1424	164.47
			*MESH_VERTEX 162	-3.75114	-14.1424	164.47
			*MESH_VERTEX 163	5.31085	-12.2903	172.348
			*MESH_VERTEX 164	3.74217	-14.2829	163.148
			*MESH_VERTEX 165	-5.31085	-12.2903	172.348
			*MESH_VERTEX 166	-1.47648	-13.9503	172.593
			*MESH_VERTEX 167	1.47648	-13.9503	172.593
			*MESH_VERTEX 168	-3.59572	-14.3511	163.376
			*MESH_VERTEX 169	3.59571	-14.3511	163.376
			*MESH_VERTEX 170	-3.74218	-14.2829	163.148
			*MESH_VERTEX 171	-5.99927	-12.8279	170.284
			*MESH_VERTEX 172	5.99927	-12.8279	170.284
		}
		*MESH_FACE_LIST {
			*MESH_FACE    0:    A:    106 B:    15 C:    72 AB:    1 BC:    1 CA:    1	 *MESH_SMOOTHING 1 	*MESH_MTLID 0
			*MESH_FACE    1:    A:    122 B:    56 C:    80 AB:    1 BC:    1 CA:    1	 *MESH_SMOOTHING 1 	*MESH_MTLID 0
			*MESH_FACE    2:    A:    24 B:    67 C:    3 AB:    1 BC:    1 CA:    1	 *MESH_SMOOTHING 1 	*MESH_MTLID 0
			*MESH_FACE    3:    A:    0 B:    79 C:    14 AB:    1 BC:    1 CA:    1	 *MESH_SMOOTHING 1 	*MESH_MTLID 0
			*MESH_FACE    4:    A:    14 B:    150 C:    53 AB:    1 BC:    1 CA:    1	 *MESH_SMOOTHING 1 	*MESH_MTLID 0
			*MESH_FACE    5:    A:    3 B:    53 C:    24 AB:    1 BC:    1 CA:    1	 *MESH_SMOOTHING 1 	*MESH_MTLID 0
			*MESH_FACE    6:    A:    60 B:    119 C:    83 AB:    1 BC:    1 CA:    1	 *MESH_SMOOTHING 1 	*MESH_MTLID 0
			*MESH_FACE    7:    A:    131 B:    51 C:    115 AB:    1 BC:    1 CA:    1	 *MESH_SMOOTHING 1 	*MESH_MTLID 0
			*MESH_FACE    8:    A:    6 B:    128 C:    16 AB:    1 BC:    1 CA:    1	 *MESH_SMOOTHING 1 	*MESH_MTLID 0
			*MESH_FACE    9:    A:    97 B:    125 C:    6 AB:    1 BC:    1 CA:    1	 *MESH_SMOOTHING 1 	*MESH_MTLID 0
			*MESH_FACE    10:    A:    38 B:    37 C:    41 AB:    1 BC:    1 CA:    1	 *MESH_SMOOTHING 1 	*MESH_MTLID 0
			*MESH_FACE    11:    A:    6 B:    125 C:    128 AB:    1 BC:    1 CA:    1	 *MESH_SMOOTHING 1 	*MESH_MTLID 0
			*MESH_FACE    12:    A:    73 B:    98 C:    8 AB:    1 BC:    1 CA:    1	 *MESH_SMOOTHING 1 	*MESH_MTLID 0
			*MESH_FACE    13:    A:    43 B:    16 C:    63 AB:    1 BC:    1 CA:    1	 *MESH_SMOOTHING 1 	*MESH_MTLID 0
			*MESH_FACE    14:    A:    73 B:    8 C:    43 AB:    1 BC:    1 CA:    1	 *MESH_SMOOTHING 1 	*MESH_MTLID 0
			*MESH_FACE    15:    A:    24 B:    52 C:    73 AB:    1 BC:    1 CA:    1	 *MESH_SMOOTHING 1 	*MESH_MTLID 0
			*MESH_FACE    16:    A:    70 B:    45 C:    15 AB:    1 BC:    1 CA:    1	 *MESH_SMOOTHING 1 	*MESH_MTLID 0
			*MESH_FACE    17:    A:    139 B:    124 C:    117 AB:    1 BC:    1 CA:    1	 *MESH_SMOOTHING 1 	*MESH_MTLID 0
			*MESH_FACE    18:    A:    139 B:    56 C:    124 AB:    1 BC:    1 CA:    1	 *MESH_SMOOTHING 1 	*MESH_MTLID 0
			*MESH_FACE    19:    A:    1 B:    90 C:    15 AB:    1 BC:    1 CA:    1	 *MESH_SMOOTHING 1 	*MESH_MTLID 0
			*MESH_FACE    20:    A:    60 B:    140 C:    120 AB:    1 BC:    1 CA:    1	 *MESH_SMOOTHING 1 	*MESH_MTLID 0
			*MESH_FACE    21:    A:    33 B:    31 C:    153 AB:    1 BC:    1 CA:    1	 *MESH_SMOOTHING 1 	*MESH_MTLID 0
			*MESH_FACE    22:    A:    117 B:    13 C:    139 AB:    1 BC:    1 CA:    1	 *MESH_SMOOTHING 1 	*MESH_MTLID 0
			*MESH_FACE    23:    A:    86 B:    30 C:    99 AB:    1 BC:    1 CA:    1	 *MESH_SMOOTHING 1 	*MESH_MTLID 0
			*MESH_FACE    24:    A:    53 B:    3 C:    14 AB:    1 BC:    1 CA:    1	 *MESH_SMOOTHING 1 	*MESH_MTLID 0
			*MESH_FACE    25:    A:    102 B:    14 C:    3 AB:    1 BC:    1 CA:    1	 *MESH_SMOOTHING 1 	*MESH_MTLID 0
			*MESH_FACE    26:    A:    88 B:    10 C:    15 AB:    1 BC:    1 CA:    1	 *MESH_SMOOTHING 1 	*MESH_MTLID 0
			*MESH_FACE    27:    A:    46 B:    72 C:    15 AB:    1 BC:    1 CA:    1	 *MESH_SMOOTHING 1 	*MESH_MTLID 0
			*MESH_FACE    28:    A:    43 B:    8 C:    16 AB:    1 BC:    1 CA:    1	 *MESH_SMOOTHING 1 	*MESH_MTLID 0
			*MESH_FACE    29:    A:    8 B:    51 C:    16 AB:    1 BC:    1 CA:    1	 *MESH_SMOOTHING 1 	*MESH_MTLID 0
			*MESH_FACE    30:    A:    17 B:    7 C:    42 AB:    1 BC:    1 CA:    1	 *MESH_SMOOTHING 1 	*MESH_MTLID 0
			*MESH_FACE    31:    A:    45 B:    70 C:    126 AB:    1 BC:    1 CA:    1	 *MESH_SMOOTHING 1 	*MESH_MTLID 0
			*MESH_FACE    32:    A:    17 B:    44 C:    93 AB:    1 BC:    1 CA:    1	 *MESH_SMOOTHING 1 	*MESH_MTLID 0
			*MESH_FACE    33:    A:    55 B:    7 C:    17 AB:    1 BC:    1 CA:    1	 *MESH_SMOOTHING 1 	*MESH_MTLID 0
			*MESH_FACE    34:    A:    55 B:    17 C:    18 AB:    1 BC:    1 CA:    1	 *MESH_SMOOTHING 1 	*MESH_MTLID 0
			*MESH_FACE    35:    A:    56 B:    81 C:    80 AB:    1 BC:    1 CA:    1	 *MESH_SMOOTHING 1 	*MESH_MTLID 0
			*MESH_FACE    36:    A:    19 B:    20 C:    18 AB:    1 BC:    1 CA:    1	 *MESH_SMOOTHING 1 	*MESH_MTLID 0
			*MESH_FACE    37:    A:    130 B:    81 C:    19 AB:    1 BC:    1 CA:    1	 *MESH_SMOOTHING 1 	*MESH_MTLID 0
			*MESH_FACE    38:    A:    52 B:    9 C:    94 AB:    1 BC:    1 CA:    1	 *MESH_SMOOTHING 1 	*MESH_MTLID 0
			*MESH_FACE    39:    A:    84 B:    60 C:    83 AB:    1 BC:    1 CA:    1	 *MESH_SMOOTHING 1 	*MESH_MTLID 0
			*MESH_FACE    40:    A:    9 B:    54 C:    21 AB:    1 BC:    1 CA:    1	 *MESH_SMOOTHING 1 	*MESH_MTLID 0
			*MESH_FACE    41:    A:    72 B:    46 C:    127 AB:    1 BC:    1 CA:    1	 *MESH_SMOOTHING 1 	*MESH_MTLID 0
			*MESH_FACE    42:    A:    23 B:    22 C:    21 AB:    1 BC:    1 CA:    1	 *MESH_SMOOTHING 1 	*MESH_MTLID 0
			*MESH_FACE    43:    A:    84 B:    129 C:    22 AB:    1 BC:    1 CA:    1	 *MESH_SMOOTHING 1 	*MESH_MTLID 0
			*MESH_FACE    44:    A:    73 B:    2 C:    24 AB:    1 BC:    1 CA:    1	 *MESH_SMOOTHING 1 	*MESH_MTLID 0
			*MESH_FACE    45:    A:    67 B:    24 C:    2 AB:    1 BC:    1 CA:    1	 *MESH_SMOOTHING 1 	*MESH_MTLID 0
			*MESH_FACE    46:    A:    25 B:    152 C:    1 AB:    1 BC:    1 CA:    1	 *MESH_SMOOTHING 1 	*MESH_MTLID 0
			*MESH_FACE    47:    A:    126 B:    25 C:    45 AB:    1 BC:    1 CA:    1	 *MESH_SMOOTHING 1 	*MESH_MTLID 0
			*MESH_FACE    48:    A:    25 B:    11 C:    152 AB:    1 BC:    1 CA:    1	 *MESH_SMOOTHING 1 	*MESH_MTLID 0
			*MESH_FACE    49:    A:    13 B:    100 C:    11 AB:    1 BC:    1 CA:    1	 *MESH_SMOOTHING 1 	*MESH_MTLID 0
			*MESH_FACE    50:    A:    27 B:    35 C:    12 AB:    1 BC:    1 CA:    1	 *MESH_SMOOTHING 1 	*MESH_MTLID 0
			*MESH_FACE    51:    A:    99 B:    27 C:    12 AB:    1 BC:    1 CA:    1	 *MESH_SMOOTHING 1 	*MESH_MTLID 0
			*MESH_FACE    52:    A:    161 B:    100 C:    13 AB:    1 BC:    1 CA:    1	 *MESH_SMOOTHING 1 	*MESH_MTLID 0
			*MESH_FACE    53:    A:    160 B:    76 C:    77 AB:    1 BC:    1 CA:    1	 *MESH_SMOOTHING 1 	*MESH_MTLID 0
			*MESH_FACE    54:    A:    11 B:    100 C:    134 AB:    1 BC:    1 CA:    1	 *MESH_SMOOTHING 1 	*MESH_MTLID 0
			*MESH_FACE    55:    A:    99 B:    30 C:    27 AB:    1 BC:    1 CA:    1	 *MESH_SMOOTHING 1 	*MESH_MTLID 0
			*MESH_FACE    56:    A:    153 B:    31 C:    10 AB:    1 BC:    1 CA:    1	 *MESH_SMOOTHING 1 	*MESH_MTLID 0
			*MESH_FACE    57:    A:    31 B:    127 C:    46 AB:    1 BC:    1 CA:    1	 *MESH_SMOOTHING 1 	*MESH_MTLID 0
			*MESH_FACE    58:    A:    99 B:    33 C:    135 AB:    1 BC:    1 CA:    1	 *MESH_SMOOTHING 1 	*MESH_MTLID 0
			*MESH_FACE    59:    A:    99 B:    12 C:    33 AB:    1 BC:    1 CA:    1	 *MESH_SMOOTHING 1 	*MESH_MTLID 0
			*MESH_FACE    60:    A:    120 B:    140 C:    103 AB:    1 BC:    1 CA:    1	 *MESH_SMOOTHING 1 	*MESH_MTLID 0
			*MESH_FACE    61:    A:    12 B:    103 C:    140 AB:    1 BC:    1 CA:    1	 *MESH_SMOOTHING 1 	*MESH_MTLID 0
			*MESH_FACE    62:    A:    35 B:    103 C:    12 AB:    1 BC:    1 CA:    1	 *MESH_SMOOTHING 1 	*MESH_MTLID 0
			*MESH_FACE    63:    A:    117 B:    35 C:    13 AB:    1 BC:    1 CA:    1	 *MESH_SMOOTHING 1 	*MESH_MTLID 0
			*MESH_FACE    64:    A:    35 B:    161 C:    13 AB:    1 BC:    1 CA:    1	 *MESH_SMOOTHING 1 	*MESH_MTLID 0
			*MESH_FACE    65:    A:    34 B:    35 C:    117 AB:    1 BC:    1 CA:    1	 *MESH_SMOOTHING 1 	*MESH_MTLID 0
			*MESH_FACE    66:    A:    35 B:    34 C:    103 AB:    1 BC:    1 CA:    1	 *MESH_SMOOTHING 1 	*MESH_MTLID 0
			*MESH_FACE    67:    A:    37 B:    54 C:    9 AB:    1 BC:    1 CA:    1	 *MESH_SMOOTHING 1 	*MESH_MTLID 0
			*MESH_FACE    68:    A:    37 B:    9 C:    41 AB:    1 BC:    1 CA:    1	 *MESH_SMOOTHING 1 	*MESH_MTLID 0
			*MESH_FACE    69:    A:    15 B:    107 C:    70 AB:    1 BC:    1 CA:    1	 *MESH_SMOOTHING 1 	*MESH_MTLID 0
			*MESH_FACE    70:    A:    7 B:    39 C:    42 AB:    1 BC:    1 CA:    1	 *MESH_SMOOTHING 1 	*MESH_MTLID 0
			*MESH_FACE    71:    A:    40 B:    39 C:    7 AB:    1 BC:    1 CA:    1	 *MESH_SMOOTHING 1 	*MESH_MTLID 0
			*MESH_FACE    72:    A:    38 B:    40 C:    37 AB:    1 BC:    1 CA:    1	 *MESH_SMOOTHING 1 	*MESH_MTLID 0
			*MESH_FACE    73:    A:    9 B:    52 C:    41 AB:    1 BC:    1 CA:    1	 *MESH_SMOOTHING 1 	*MESH_MTLID 0
			*MESH_FACE    74:    A:    44 B:    17 C:    42 AB:    1 BC:    1 CA:    1	 *MESH_SMOOTHING 1 	*MESH_MTLID 0
			*MESH_FACE    75:    A:    2 B:    73 C:    43 AB:    1 BC:    1 CA:    1	 *MESH_SMOOTHING 1 	*MESH_MTLID 0
			*MESH_FACE    76:    A:    150 B:    14 C:    79 AB:    1 BC:    1 CA:    1	 *MESH_SMOOTHING 1 	*MESH_MTLID 0
			*MESH_FACE    77:    A:    42 B:    4 C:    44 AB:    1 BC:    1 CA:    1	 *MESH_SMOOTHING 1 	*MESH_MTLID 0
			*MESH_FACE    78:    A:    16 B:    128 C:    63 AB:    1 BC:    1 CA:    1	 *MESH_SMOOTHING 1 	*MESH_MTLID 0
			*MESH_FACE    79:    A:    1 B:    15 C:    45 AB:    1 BC:    1 CA:    1	 *MESH_SMOOTHING 1 	*MESH_MTLID 0
			*MESH_FACE    80:    A:    45 B:    25 C:    1 AB:    1 BC:    1 CA:    1	 *MESH_SMOOTHING 1 	*MESH_MTLID 0
			*MESH_FACE    81:    A:    15 B:    10 C:    46 AB:    1 BC:    1 CA:    1	 *MESH_SMOOTHING 1 	*MESH_MTLID 0
			*MESH_FACE    82:    A:    31 B:    46 C:    10 AB:    1 BC:    1 CA:    1	 *MESH_SMOOTHING 1 	*MESH_MTLID 0
			*MESH_FACE    83:    A:    47 B:    7 C:    55 AB:    1 BC:    1 CA:    1	 *MESH_SMOOTHING 1 	*MESH_MTLID 0
			*MESH_FACE    84:    A:    7 B:    47 C:    40 AB:    1 BC:    1 CA:    1	 *MESH_SMOOTHING 1 	*MESH_MTLID 0
			*MESH_FACE    85:    A:    37 B:    48 C:    54 AB:    1 BC:    1 CA:    1	 *MESH_SMOOTHING 1 	*MESH_MTLID 0
			*MESH_FACE    86:    A:    48 B:    37 C:    40 AB:    1 BC:    1 CA:    1	 *MESH_SMOOTHING 1 	*MESH_MTLID 0
			*MESH_FACE    87:    A:    115 B:    98 C:    49 AB:    1 BC:    1 CA:    1	 *MESH_SMOOTHING 1 	*MESH_MTLID 0
			*MESH_FACE    88:    A:    50 B:    116 C:    131 AB:    1 BC:    1 CA:    1	 *MESH_SMOOTHING 1 	*MESH_MTLID 0
			*MESH_FACE    89:    A:    97 B:    116 C:    50 AB:    1 BC:    1 CA:    1	 *MESH_SMOOTHING 1 	*MESH_MTLID 0
			*MESH_FACE    90:    A:    104 B:    50 C:    65 AB:    1 BC:    1 CA:    1	 *MESH_SMOOTHING 1 	*MESH_MTLID 0
			*MESH_FACE    91:    A:    51 B:    131 C:    116 AB:    1 BC:    1 CA:    1	 *MESH_SMOOTHING 1 	*MESH_MTLID 0
			*MESH_FACE    92:    A:    51 B:    6 C:    16 AB:    1 BC:    1 CA:    1	 *MESH_SMOOTHING 1 	*MESH_MTLID 0
			*MESH_FACE    93:    A:    62 B:    41 C:    52 AB:    1 BC:    1 CA:    1	 *MESH_SMOOTHING 1 	*MESH_MTLID 0
			*MESH_FACE    94:    A:    52 B:    24 C:    53 AB:    1 BC:    1 CA:    1	 *MESH_SMOOTHING 1 	*MESH_MTLID 0
			*MESH_FACE    95:    A:    53 B:    62 C:    52 AB:    1 BC:    1 CA:    1	 *MESH_SMOOTHING 1 	*MESH_MTLID 0
			*MESH_FACE    96:    A:    62 B:    53 C:    150 AB:    1 BC:    1 CA:    1	 *MESH_SMOOTHING 1 	*MESH_MTLID 0
			*MESH_FACE    97:    A:    23 B:    54 C:    48 AB:    1 BC:    1 CA:    1	 *MESH_SMOOTHING 1 	*MESH_MTLID 0
			*MESH_FACE    98:    A:    54 B:    23 C:    21 AB:    1 BC:    1 CA:    1	 *MESH_SMOOTHING 1 	*MESH_MTLID 0
			*MESH_FACE    99:    A:    55 B:    20 C:    47 AB:    1 BC:    1 CA:    1	 *MESH_SMOOTHING 1 	*MESH_MTLID 0
			*MESH_FACE    100:    A:    20 B:    55 C:    18 AB:    1 BC:    1 CA:    1	 *MESH_SMOOTHING 1 	*MESH_MTLID 0
			*MESH_FACE    101:    A:    25 B:    126 C:    56 AB:    1 BC:    1 CA:    1	 *MESH_SMOOTHING 1 	*MESH_MTLID 0
			*MESH_FACE    102:    A:    56 B:    148 C:    25 AB:    1 BC:    1 CA:    1	 *MESH_SMOOTHING 1 	*MESH_MTLID 0
			*MESH_FACE    103:    A:    50 B:    104 C:    144 AB:    1 BC:    1 CA:    1	 *MESH_SMOOTHING 1 	*MESH_MTLID 0
			*MESH_FACE    104:    A:    78 B:    112 C:    121 AB:    1 BC:    1 CA:    1	 *MESH_SMOOTHING 1 	*MESH_MTLID 0
			*MESH_FACE    105:    A:    124 B:    123 C:    117 AB:    1 BC:    1 CA:    1	 *MESH_SMOOTHING 1 	*MESH_MTLID 0
			*MESH_FACE    106:    A:    141 B:    96 C:    57 AB:    1 BC:    1 CA:    1	 *MESH_SMOOTHING 1 	*MESH_MTLID 0
			*MESH_FACE    107:    A:    83 B:    59 C:    113 AB:    1 BC:    1 CA:    1	 *MESH_SMOOTHING 1 	*MESH_MTLID 0
			*MESH_FACE    108:    A:    96 B:    92 C:    75 AB:    1 BC:    1 CA:    1	 *MESH_SMOOTHING 1 	*MESH_MTLID 0
			*MESH_FACE    109:    A:    127 B:    31 C:    60 AB:    1 BC:    1 CA:    1	 *MESH_SMOOTHING 1 	*MESH_MTLID 0
			*MESH_FACE    110:    A:    149 B:    60 C:    31 AB:    1 BC:    1 CA:    1	 *MESH_SMOOTHING 1 	*MESH_MTLID 0
			*MESH_FACE    111:    A:    61 B:    100 C:    161 AB:    1 BC:    1 CA:    1	 *MESH_SMOOTHING 1 	*MESH_MTLID 0
			*MESH_FACE    112:    A:    62 B:    43 C:    63 AB:    1 BC:    1 CA:    1	 *MESH_SMOOTHING 1 	*MESH_MTLID 0
			*MESH_FACE    113:    A:    128 B:    4 C:    63 AB:    1 BC:    1 CA:    1	 *MESH_SMOOTHING 1 	*MESH_MTLID 0
			*MESH_FACE    114:    A:    111 B:    64 C:    114 AB:    1 BC:    1 CA:    1	 *MESH_SMOOTHING 1 	*MESH_MTLID 0
			*MESH_FACE    115:    A:    104 B:    91 C:    144 AB:    1 BC:    1 CA:    1	 *MESH_SMOOTHING 1 	*MESH_MTLID 0
			*MESH_FACE    116:    A:    49 B:    105 C:    65 AB:    1 BC:    1 CA:    1	 *MESH_SMOOTHING 1 	*MESH_MTLID 0
			*MESH_FACE    117:    A:    115 B:    49 C:    131 AB:    1 BC:    1 CA:    1	 *MESH_SMOOTHING 1 	*MESH_MTLID 0
			*MESH_FACE    118:    A:    79 B:    0 C:    66 AB:    1 BC:    1 CA:    1	 *MESH_SMOOTHING 1 	*MESH_MTLID 0
			*MESH_FACE    119:    A:    14 B:    102 C:    0 AB:    1 BC:    1 CA:    1	 *MESH_SMOOTHING 1 	*MESH_MTLID 0
			*MESH_FACE    120:    A:    68 B:    3 C:    67 AB:    1 BC:    1 CA:    1	 *MESH_SMOOTHING 1 	*MESH_MTLID 0
			*MESH_FACE    121:    A:    66 B:    67 C:    79 AB:    1 BC:    1 CA:    1	 *MESH_SMOOTHING 1 	*MESH_MTLID 0
			*MESH_FACE    122:    A:    67 B:    66 C:    68 AB:    1 BC:    1 CA:    1	 *MESH_SMOOTHING 1 	*MESH_MTLID 0
			*MESH_FACE    123:    A:    66 B:    0 C:    102 AB:    1 BC:    1 CA:    1	 *MESH_SMOOTHING 1 	*MESH_MTLID 0
			*MESH_FACE    124:    A:    69 B:    40 C:    47 AB:    1 BC:    1 CA:    1	 *MESH_SMOOTHING 1 	*MESH_MTLID 0
			*MESH_FACE    125:    A:    20 B:    69 C:    47 AB:    1 BC:    1 CA:    1	 *MESH_SMOOTHING 1 	*MESH_MTLID 0
			*MESH_FACE    126:    A:    81 B:    70 C:    69 AB:    1 BC:    1 CA:    1	 *MESH_SMOOTHING 1 	*MESH_MTLID 0
			*MESH_FACE    127:    A:    70 B:    107 C:    69 AB:    1 BC:    1 CA:    1	 *MESH_SMOOTHING 1 	*MESH_MTLID 0
