*3DSMAX_ASCIIEXPORT	110
*COMMENT "[ GothicSourcer v3.10 ] - August 2006"
*SCENE {
	*SCENE_FILENAME "ARMOR_BAU_L.MAX"
	*SCENE_FIRSTFRAME 0
	*SCENE_LASTFRAME 100
	*SCENE_FRAMESPEED 25
	*SCENE_TICKSPERFRAME 192
	*SCENE_BACKGROUND_STATIC 0	0	0
	*SCENE_AMBIENT_STATIC 0.2	0.2	0.2
}
*MATERIAL_LIST {
	*MATERIAL_COUNT 1
	*MATERIAL 0 {
		*MATERIAL_NAME "Compound Material #1"
		*MATERIAL_CLASS "Multi/Sub-Object"
		*NUMSUBMTLS 2
		*SUBMATERIAL 0 {
			*MATERIAL_NAME "NAKED;NECK"
			*MATERIAL_CLASS "Standard"
			*MATERIAL_AMBIENT 0.180392	0.145098	0.105882
			*MATERIAL_DIFFUSE 0.180392	0.145098	0.105882
			*MATERIAL_SPECULAR 0.9	0.9	0.9
			*MATERIAL_SHINE 0.1
			*MATERIAL_SHINESTRENGTH 0
			*MATERIAL_TRANSPARENCY 0
			*MATERIAL_WIRESIZE 1
			*MATERIAL_SHADING Blinn
			*MATERIAL_XP_FALLOFF 0
			*MATERIAL_SELFILLUM 0
			*MATERIAL_FALLOFF In
			*MATERIAL_XP_TYPE Filter
			*MAP_DIFFUSE {
				*MAP_NAME "Map #1-1"
				*MAP_CLASS "Bitmap"
				*MAP_SUBNO 1
				*MAP_AMOUNT 1
				*BITMAP "KNECHT.TGA"
				*MAP_TYPE Screen
				*UVW_U_OFFSET 0
				*UVW_V_OFFSET 0
				*UVW_U_TILING 1
				*UVW_V_TILING 1
				*UVW_ANGLE 0
				*UVW_BLUR 1
				*UVW_BLUR_OFFSET 0
				*UVW_NOUSE_AMT 1
				*UVW_NOISE_SIZE 1
				*UVW_NOISE_LEVEL 1
				*UVW_NOISE_PHASE 0
				*BITMAP_FILTER Pyramidal
			}
		}
		*SUBMATERIAL 1 {
			*MATERIAL_NAME "MATERIAL #334"
			*MATERIAL_CLASS "Standard"
			*MATERIAL_AMBIENT 0.509804	0.407843	0.305882
			*MATERIAL_DIFFUSE 0.509804	0.407843	0.305882
			*MATERIAL_SPECULAR 0.9	0.9	0.9
			*MATERIAL_SHINE 0.1
			*MATERIAL_SHINESTRENGTH 0
			*MATERIAL_TRANSPARENCY 0
			*MATERIAL_WIRESIZE 1
			*MATERIAL_SHADING Blinn
			*MATERIAL_XP_FALLOFF 0
			*MATERIAL_SELFILLUM 0
			*MATERIAL_FALLOFF In
			*MATERIAL_XP_TYPE Filter
			*MAP_DIFFUSE {
				*MAP_NAME "Map #1-2"
				*MAP_CLASS "Bitmap"
				*MAP_SUBNO 1
				*MAP_AMOUNT 1
				*BITMAP "HUM_BODY_NAKED_V0_C0.TGA"
				*MAP_TYPE Screen
				*UVW_U_OFFSET 0
				*UVW_V_OFFSET 0
				*UVW_U_TILING 1
				*UVW_V_TILING 1
				*UVW_ANGLE 0
				*UVW_BLUR 1
				*UVW_BLUR_OFFSET 0
				*UVW_NOUSE_AMT 1
				*UVW_NOISE_SIZE 1
				*UVW_NOISE_LEVEL 1
				*UVW_NOISE_PHASE 0
				*BITMAP_FILTER Pyramidal
			}
		}
	}
}
*HELPEROBJECT {
	*NODE_NAME "Bip01"
	*NODE_TM {
		*NODE_NAME "Bip01"
		*TM_ROW0 6.27438e-006	-1	0
		*TM_ROW1 1	6.27438e-006	0
		*TM_ROW2 -0	-0	1
		*TM_ROW3 0	-7.37745	99.9496
		*TM_POS 0	-7.37745	99.9496
		*TM_ROTAXIS 0	0	1
		*TM_ROTANGLE 1.57079
		*TM_SCALE 1	1	1
		*TM_SCALEAXIS 0	0	0
		*TM_SCALEAXISANG 0	0	0
	}
}
*HELPEROBJECT {
	*NODE_NAME "Bip01 Pelvis"
	*NODE_PARENT "Bip01"
	*NODE_TM {
		*NODE_NAME "Bip01 Pelvis"
		*TM_ROW0 -5.96014e-008	1.79264e-006	1
		*TM_ROW1 -1.79264e-006	-1	1.79264e-006
		*TM_ROW2 1	-1.79264e-006	-5.96014e-008
		*TM_ROW3 1e-005	-8.0113	99.9496
		*TM_POS 1e-005	-8.0113	99.9496
		*TM_ROTAXIS 0.707107	0	0.707107
		*TM_ROTANGLE 3.1416
		*TM_SCALE 1	1	1
		*TM_SCALEAXIS 0	0	0
		*TM_SCALEAXISANG 0	0	0
	}
}
*HELPEROBJECT {
	*NODE_NAME "Bip01 Spine"
	*NODE_PARENT "Bip01 Pelvis"
	*NODE_TM {
		*NODE_NAME "Bip01 Spine"
		*TM_ROW0 6.6944e-008	-0.0205947	0.999788
		*TM_ROW1 5.48642e-006	-0.999788	-0.0205947
		*TM_ROW2 1	5.48642e-006	6.6944e-008
		*TM_ROW3 1e-005	-7.92216	102.35
		*TM_POS 1e-005	-7.92216	102.35
		*TM_ROTAXIS 0.707088	-0.00727998	0.707088
		*TM_ROTANGLE 3.12703
		*TM_SCALE 1	1	1
		*TM_SCALEAXIS 0	0	0
		*TM_SCALEAXISANG 0	0	0
	}
}
*HELPEROBJECT {
	*NODE_NAME "Bip01 Spine1"
	*NODE_PARENT "Bip01 Spine"
	*NODE_TM {
		*NODE_NAME "Bip01 Spine1"
		*TM_ROW0 6.76996e-008	-0.00276992	0.999996
		*TM_ROW1 -1.92621e-006	-0.999996	-0.00276991
		*TM_ROW2 1	-1.92621e-006	6.76996e-008
		*TM_ROW3 1e-005	-8.11442	112.175
		*TM_POS 1e-005	-8.11442	112.175
		*TM_ROTAXIS -0.707107	0.000979995	-0.707106
		*TM_ROTANGLE 3.14355
		*TM_SCALE 1	1	1
		*TM_SCALEAXIS 0	0	0
		*TM_SCALEAXISANG 0	0	0
	}
}
*HELPEROBJECT {
	*NODE_NAME "Bip01 Spine2"
	*NODE_PARENT "Bip01 Spine1"
	*NODE_TM {
		*NODE_NAME "Bip01 Spine2"
		*TM_ROW0 3.48622e-008	0.180243	0.983622
		*TM_ROW1 1.67638e-006	-0.983622	0.180243
		*TM_ROW2 1	1.67638e-006	3.48621e-008
		*TM_ROW3 1e-005	-8.1264	124.961
		*TM_POS 1e-005	-8.1264	124.961
		*TM_ROTAXIS 0.705652	0.0641202	0.705652
		*TM_ROTANGLE 3.26966
		*TM_SCALE 1	1	1
		*TM_SCALEAXIS 0	0	0
		*TM_SCALEAXISANG 0	0	0
	}
}
*HELPEROBJECT {
	*NODE_NAME "Bip01 Neck"
	*NODE_PARENT "Bip01 Spine2"
	*NODE_TM {
		*NODE_NAME "Bip01 Neck"
		*TM_ROW0 6.08698e-007	-0.167043	0.98595
		*TM_ROW1 4.70132e-006	-0.98595	-0.167043
		*TM_ROW2 1	4.70132e-006	6.08698e-007
		*TM_ROW3 -2.11471e-012	-2.71656	154.454
		*TM_POS -2.11471e-012	-2.71656	154.454
		*TM_ROTAXIS -0.70586	0.05937	-0.705859
		*TM_ROTANGLE 3.2602
		*TM_SCALE 1	1	1
		*TM_SCALEAXIS 0	0	0
		*TM_SCALEAXISANG 0	0	0
	}
}
*HELPEROBJECT {
	*NODE_NAME "Bip01 Head"
	*NODE_PARENT "Bip01 Neck"
	*NODE_TM {
		*NODE_NAME "Bip01 Head"
		*TM_ROW0 -5.96015e-008	1.76921e-006	1
		*TM_ROW1 -1.79264e-006	-1	1.77916e-006
		*TM_ROW2 1	-1.79264e-006	-5.96014e-008
		*TM_ROW3 1.63729e-011	-3.85901	161.198
		*TM_POS 1.63729e-011	-3.85901	161.198
		*TM_ROTAXIS -0.707107	4.76653e-009	-0.707107
		*TM_ROTANGLE 3.14159
		*TM_SCALE 1	1	1
		*TM_SCALEAXIS 0	0	0
		*TM_SCALEAXISANG 0	0	0
	}
}
*HELPEROBJECT {
	*NODE_NAME "ZS_HELMET"
	*NODE_PARENT "Bip01 Head"
	*NODE_TM {
		*NODE_NAME "ZS_HELMET"
		*TM_ROW0 1	5.73874e-013	4.35659e-014
		*TM_ROW1 -4.07319e-013	0.996917	-0.0784593
		*TM_ROW2 -4.76109e-014	0.0784593	0.996918
		*TM_ROW3 1e-005	-7.06248	173.704
		*TM_POS 1e-005	-7.06248	173.704
		*TM_ROTAXIS 1	5.81045e-013	-6.25288e-012
		*TM_ROTANGLE 0.078541
		*TM_SCALE 1	1	1
		*TM_SCALEAXIS 0	0	0
		*TM_SCALEAXISANG 0	0	0
	}
}
*HELPEROBJECT {
	*NODE_NAME "Bip01 L Clavicle"
	*NODE_PARENT "Bip01 Neck"
	*NODE_TM {
		*NODE_NAME "Bip01 L Clavicle"
		*TM_ROW0 0.935229	-0.203893	-0.289439
		*TM_ROW1 0.156435	0.971369	-0.178803
		*TM_ROW2 0.317608	0.121943	0.940348
		*TM_ROW3 7.96399	-1.25804	148.729
		*TM_POS 7.96399	-1.25804	148.729
		*TM_ROTAXIS 0.391939	-0.791119	0.469589
		*TM_ROTANGLE 0.39376
		*TM_SCALE 1	1	1
		*TM_SCALEAXIS 0	0	0
		*TM_SCALEAXISANG 0	0	0
	}
}
*HELPEROBJECT {
	*NODE_NAME "Bip01 L UpperArm"
	*NODE_PARENT "Bip01 L Clavicle"
	*NODE_TM {
		*NODE_NAME "Bip01 L UpperArm"
		*TM_ROW0 0.246229	0.0989026	-0.964152
		*TM_ROW1 0.412789	0.889345	0.196649
		*TM_ROW2 0.876913	-0.446412	0.178157
		*TM_ROW3 20.4269	-3.97508	144.872
		*TM_POS 20.4269	-3.97508	144.872
		*TM_ROTAXIS -0.325561	-0.932072	0.15891
		*TM_ROTANGLE 1.41328
		*TM_SCALE 1	1	1
		*TM_SCALEAXIS 0	0	0
		*TM_SCALEAXISANG 0	0	0
	}
}
*HELPEROBJECT {
	*NODE_NAME "Bip01 L Forearm"
	*NODE_PARENT "Bip01 L UpperArm"
	*NODE_TM {
		*NODE_NAME "Bip01 L Forearm"
		*TM_ROW0 0.0455122	-0.291882	-0.955371
		*TM_ROW1 0.478489	0.845886	-0.235638
		*TM_ROW2 0.876913	-0.44641	0.17816
		*TM_ROW3 27.2982	-1.21526	117.966
		*TM_POS 27.2982	-1.21526	117.966
		*TM_ROTAXIS -0.10545	-0.916697	0.385419
		*TM_ROTANGLE 1.53601
		*TM_SCALE 1	1	1
		*TM_SCALEAXIS 0	0	0
		*TM_SCALEAXISANG 0	0	0
	}
}
*HELPEROBJECT {
	*NODE_NAME "Bip01 L Hand"
	*NODE_PARENT "Bip01 L Forearm"
	*NODE_TM {
		*NODE_NAME "Bip01 L Hand"
		*TM_ROW0 0.0455132	-0.291886	-0.95537
		*TM_ROW1 -0.876533	0.44708	-0.17835
		*TM_ROW2 0.479185	0.845531	-0.2355
		*TM_ROW3 28.5642	-9.33439	91.391
		*TM_POS 28.5642	-9.33439	91.391
		*TM_ROTAXIS 0.551391	-0.772552	-0.314851
		*TM_ROTANGLE 1.95137
		*TM_SCALE 1	1	1
		*TM_SCALEAXIS 0	0	0
		*TM_SCALEAXISANG 0	0	0
	}
}
*HELPEROBJECT {
	*NODE_NAME "Bip01 L Finger0"
	*NODE_PARENT "Bip01 L Hand"
	*NODE_TM {
		*NODE_NAME "Bip01 L Finger0"
		*TM_ROW0 0.0455152	-0.291888	-0.955369
		*TM_ROW1 -0.876915	0.446405	-0.178165
		*TM_ROW2 0.478485	0.845886	-0.235643
		*TM_ROW3 29.15	-13.0909	79.0956
		*TM_POS 29.15	-13.0909	79.0956
		*TM_ROTAXIS 0.551581	-0.772311	-0.31511
		*TM_ROTANGLE 1.95181
		*TM_SCALE 1	1	1
		*TM_SCALEAXIS 0	0	0
		*TM_SCALEAXISANG 0	0	0
	}
}
*HELPEROBJECT {
	*NODE_NAME "ZS_LEFTHAND"
	*NODE_PARENT "Bip01 L Hand"
	*NODE_TM {
		*NODE_NAME "ZS_LEFTHAND"
		*TM_ROW0 0.435606	0.890062	-0.134303
		*TM_ROW1 0.180312	-0.232461	-0.955745
		*TM_ROW2 -0.881893	0.392112	-0.261751
		*TM_ROW3 26.7605	-11.5468	82.7857
		*TM_POS 26.7605	-11.5468	82.7857
		*TM_ROTAXIS 0.794322	0.440571	-0.418271
		*TM_ROTANGLE 2.12858
		*TM_SCALE 1	1	1
		*TM_SCALEAXIS 0	0	0
		*TM_SCALEAXISANG 0	0	0
	}
}
*HELPEROBJECT {
	*NODE_NAME "ZS_LEFTARM"
	*NODE_PARENT "Bip01 L Forearm"
	*NODE_TM {
		*NODE_NAME "ZS_LEFTARM"
		*TM_ROW0 0.0759923	-0.150176	-0.985735
		*TM_ROW1 0.524499	0.846792	-0.0885736
		*TM_ROW2 0.848013	-0.510285	0.143117
		*TM_ROW3 26.9101	-7.67833	110.055
		*TM_POS 26.9101	-7.67833	110.055
		*TM_ROTAXIS -0.21097	-0.917372	0.337521
		*TM_ROTANGLE 1.53784
		*TM_SCALE 1	1	1
		*TM_SCALEAXIS 0	0	0
		*TM_SCALEAXISANG 0	0	0
	}
}
*HELPEROBJECT {
	*NODE_NAME "Bip01 R Clavicle"
	*NODE_PARENT "Bip01 Neck"
	*NODE_TM {
		*NODE_NAME "Bip01 R Clavicle"
		*TM_ROW0 -0.935227	-0.203899	-0.28944
		*TM_ROW1 -0.156442	0.971369	-0.178799
		*TM_ROW2 0.317609	-0.121937	-0.940349
		*TM_ROW3 -7.96398	-1.25806	148.729
		*TM_POS -7.96398	-1.25806	148.729
		*TM_ROTAXIS -0.0929799	0.992639	-0.0775999
		*TM_ROTANGLE 3.45235
		*TM_SCALE 1	1	1
		*TM_SCALEAXIS 0	0	0
		*TM_SCALEAXISANG 0	0	0
	}
}
*HELPEROBJECT {
	*NODE_NAME "Bip01 R UpperArm"
	*NODE_PARENT "Bip01 R Clavicle"
	*NODE_TM {
		*NODE_NAME "Bip01 R UpperArm"
		*TM_ROW0 -0.246232	0.0988932	-0.964153
		*TM_ROW1 -0.412793	0.889345	0.196642
		*TM_ROW2 0.876911	0.446415	-0.178163
		*TM_ROW3 -20.4269	-3.97513	144.872
		*TM_POS -20.4269	-3.97513	144.872
		*TM_ROTAXIS 0.12961	-0.955353	-0.265521
		*TM_ROTANGLE 1.84162
		*TM_SCALE 1	1	1
		*TM_SCALEAXIS 0	0	0
		*TM_SCALEAXISANG 0	0	0
	}
}
*HELPEROBJECT {
	*NODE_NAME "Bip01 R Forearm"
	*NODE_PARENT "Bip01 R UpperArm"
	*NODE_TM {
		*NODE_NAME "Bip01 R Forearm"
		*TM_ROW0 -0.0455087	-0.291889	-0.955369
		*TM_ROW1 -0.478487	0.845885	-0.235646
		*TM_ROW2 0.876915	0.446408	-0.17816
		*TM_ROW3 -27.2982	-1.21534	117.966
		*TM_POS -27.2982	-1.21534	117.966
		*TM_ROTAXIS 0.347279	-0.932937	-0.0950097
		*TM_ROTANGLE 1.76083
		*TM_SCALE 1	1	1
		*TM_SCALEAXIS 0	0	0
		*TM_SCALEAXISANG 0	0	0
	}
}
*HELPEROBJECT {
	*NODE_NAME "Bip01 R Hand"
	*NODE_PARENT "Bip01 R Forearm"
	*NODE_TM {
		*NODE_NAME "Bip01 R Hand"
		*TM_ROW0 -0.0455115	-0.291885	-0.95537
		*TM_ROW1 0.87653	0.447088	-0.17835
		*TM_ROW2 0.479192	-0.845527	0.235499
		*TM_ROW3 -28.5642	-9.33445	91.3911
		*TM_POS -28.5642	-9.33445	91.3911
		*TM_ROTAXIS -0.33922	-0.72939	0.59407
		*TM_ROTANGLE 1.75327
		*TM_SCALE 1	1	1
		*TM_SCALEAXIS 0	0	0
		*TM_SCALEAXISANG 0	0	0
	}
}
*HELPEROBJECT {
	*NODE_NAME "Bip01 R Finger0"
	*NODE_PARENT "Bip01 R Hand"
	*NODE_TM {
		*NODE_NAME "Bip01 R Finger0"
		*TM_ROW0 -0.0455056	-0.291877	-0.955373
		*TM_ROW1 0.876914	0.446413	-0.178152
		*TM_ROW2 0.478489	-0.845886	0.235636
		*TM_ROW3 -29.1499	-13.0909	79.0956
		*TM_POS -29.1499	-13.0909	79.0956
		*TM_ROTAXIS -0.33952	-0.729071	0.594291
		*TM_ROTANGLE 1.75354
		*TM_SCALE 1	1	1
		*TM_SCALEAXIS 0	0	0
		*TM_SCALEAXISANG 0	0	0
	}
}
*HELPEROBJECT {
	*NODE_NAME "ZS_RIGHTHAND"
	*NODE_PARENT "Bip01 R Hand"
	*NODE_TM {
		*NODE_NAME "ZS_RIGHTHAND"
		*TM_ROW0 -0.464344	0.856417	-0.225687
		*TM_ROW1 0.177861	0.339806	0.923525
		*TM_ROW2 0.867612	0.388692	-0.31011
		*TM_ROW3 -20.9389	-19.9852	85.8932
		*TM_POS -20.9389	-19.9852	85.8932
		*TM_ROTAXIS 0.383811	0.784581	0.486951
		*TM_ROTANGLE 3.91244
		*TM_SCALE 1	1	1
		*TM_SCALEAXIS 0	0	0
		*TM_SCALEAXISANG 0	0	0
	}
}
*HELPEROBJECT {
	*NODE_NAME "ZS_CROSSBOW"
	*NODE_PARENT "Bip01 Spine2"
	*NODE_TM {
		*NODE_NAME "ZS_CROSSBOW"
		*TM_ROW0 -0.382687	-0.111464	0.91713
		*TM_ROW1 -0.923878	0.0461715	-0.379891
		*TM_ROW2 -1.2517e-006	-0.992695	-0.120648
		*TM_ROW3 -14.434	10.5915	165.98
		*TM_POS -14.434	10.5915	165.98
		*TM_ROTAXIS -0.447329	0.669479	-0.593039
		*TM_ROTANGLE 2.38705
		*TM_SCALE 1	1	1
		*TM_SCALEAXIS 0	0	0
		*TM_SCALEAXISANG 0	0	0
	}
}
*HELPEROBJECT {
	*NODE_NAME "ZS_LONGSWORD"
	*NODE_PARENT "Bip01 Spine2"
	*NODE_TM {
		*NODE_NAME "ZS_LONGSWORD"
		*TM_ROW0 -0.499829	-0.0915011	0.861277
		*TM_ROW1 -0.865729	0.0828188	-0.493614
		*TM_ROW2 -0.0261636	-0.992355	-0.12061
		*TM_ROW3 -18.1593	6.92629	157.64
		*TM_POS -18.1593	6.92629	157.64
		*TM_ROTAXIS -0.38996	0.69388	-0.60536
		*TM_ROTANGLE 2.44778
		*TM_SCALE 1	1	1
		*TM_SCALEAXIS 0	0	0
		*TM_SCALEAXISANG 0	0	0
	}
}
*HELPEROBJECT {
	*NODE_NAME "ZS_SHIELD"
	*NODE_PARENT "Bip01 Spine2"
	*NODE_TM {
		*NODE_NAME "ZS_SHIELD"
		*TM_ROW0 -0.0138681	0.114196	-0.993362
		*TM_ROW1 -0.908393	0.413755	0.0602465
		*TM_ROW2 0.417888	0.903198	0.0979964
		*TM_ROW3 8.76511	9.5282	131.875
		*TM_POS 8.76511	9.5282	131.875
		*TM_ROTAXIS 0.435421	-0.728972	-0.528212
		*TM_ROTANGLE 1.82457
		*TM_SCALE 1	1	1
		*TM_SCALEAXIS 0	0	0
		*TM_SCALEAXISANG 0	0	0
	}
}
*HELPEROBJECT {
	*NODE_NAME "ZS_BOW"
	*NODE_PARENT "Bip01 Spine2"
	*NODE_TM {
		*NODE_NAME "ZS_BOW"
		*TM_ROW0 -0.341816	-0.0868229	0.935748
		*TM_ROW1 0.0119438	0.995242	0.0967059
		*TM_ROW2 -0.939691	0.044232	-0.339153
		*TM_ROW3 0.5012	12.4143	124.55
		*TM_POS 0.5012	12.4143	124.55
		*TM_ROTAXIS -0.0279299	0.998227	0.0525698
		*TM_ROTANGLE 1.92076
		*TM_SCALE 1	1	1
		*TM_SCALEAXIS 0	0	0
		*TM_SCALEAXISANG 0	0	0
	}
}
*HELPEROBJECT {
	*NODE_NAME "ZS_SWORD"
	*NODE_PARENT "Bip01 Spine"
	*NODE_TM {
		*NODE_NAME "ZS_SWORD"
		*TM_ROW0 5.79068e-007	-0.347172	0.937802
		*TM_ROW1 1.04308e-007	0.937802	0.347172
		*TM_ROW2 -1	-1.04308e-007	5.79068e-007
		*TM_ROW3 17.5015	-4.36211	106.367
		*TM_POS 17.5015	-4.36211	106.367
		*TM_ROTAXIS -0.17367	0.96937	0.17367
		*TM_ROTANGLE 1.6019
		*TM_SCALE 1	1	1
		*TM_SCALEAXIS 0	0	0
		*TM_SCALEAXISANG 0	0	0
	}
}
*HELPEROBJECT {
	*NODE_NAME "Bip01 L Thigh"
	*NODE_PARENT "Bip01 Pelvis"
	*NODE_TM {
		*NODE_NAME "Bip01 L Thigh"
		*TM_ROW0 0.0534879	-0.0367886	-0.997891
		*TM_ROW1 -0.00216181	-0.999323	0.0367256
		*TM_ROW2 -0.998566	0.000192882	-0.0535313
		*TM_ROW3 9.01023	-8.01129	99.9496
		*TM_POS 9.01023	-8.01129	99.9496
		*TM_ROTAXIS 0.72572	-0.01342	-0.68786
		*TM_ROTANGLE 3.16677
		*TM_SCALE 1	1	1
		*TM_SCALEAXIS 0	0	0
		*TM_SCALEAXISANG 0	0	0
	}
}
*HELPEROBJECT {
	*NODE_NAME "Bip01 L Calf"
	*NODE_PARENT "Bip01 L Thigh"
	*NODE_TM {
		*NODE_NAME "Bip01 L Calf"
		*TM_ROW0 0.0525131	0.197552	-0.978885
		*TM_ROW1 0.0103904	-0.980292	-0.197278
		*TM_ROW2 -0.998566	0.000188708	-0.0535307
		*TM_ROW3 11.1149	-9.45845	60.6877
		*TM_POS 11.1149	-9.45845	60.6877
		*TM_ROTAXIS 0.723901	0.0721501	-0.686121
		*TM_ROTANGLE 3.00478
		*TM_SCALE 1	1	1
		*TM_SCALEAXIS 0	0	0
		*TM_SCALEAXISANG 0	0	0
	}
}
*HELPEROBJECT {
	*NODE_NAME "Bip01 L Foot"
	*NODE_PARENT "Bip01 L Calf"
	*NODE_TM {
		*NODE_NAME "Bip01 L Foot"
		*TM_ROW0 -6.00563e-007	7.23674e-006	-1
		*TM_ROW1 0.173652	-0.984807	-7.2672e-006
		*TM_ROW2 -0.984807	-0.173652	-5.93313e-007
		*TM_ROW3 13.6935	0.240668	12.6267
		*TM_POS 13.6935	0.240668	12.6267
		*TM_ROTAXIS 0.705757	0.0617498	-0.705757
		*TM_ROTANGLE 3.26493
		*TM_SCALE 1	1	1
		*TM_SCALEAXIS 0	0	0
		*TM_SCALEAXISANG 0	0	0
	}
}
*HELPEROBJECT {
	*NODE_NAME "Bip01 L Toe0"
	*NODE_PARENT "Bip01 L Foot"
	*NODE_TM {
		*NODE_NAME "Bip01 L Toe0"
		*TM_ROW0 0.173646	-0.984808	5.05606e-006
		*TM_ROW1 5.06961e-006	5.93591e-006	1
		*TM_ROW2 -0.984808	-0.173646	5.91983e-006
		*TM_ROW3 17.6256	-22.0591	-2.43328e-006
		*TM_POS 17.6256	-22.0591	-2.43328e-006
		*TM_ROTAXIS -0.644398	0.540718	0.540718
		*TM_ROTANGLE 1.99673
		*TM_SCALE 1	1	1
		*TM_SCALEAXIS 0	0	0
		*TM_SCALEAXISANG 0	0	0
	}
}
*HELPEROBJECT {
	*NODE_NAME "Bip01 R Thigh"
	*NODE_PARENT "Bip01 Pelvis"
	*NODE_TM {
		*NODE_NAME "Bip01 R Thigh"
		*TM_ROW0 -0.0535034	-0.0367749	-0.99789
		*TM_ROW1 0.00205776	-0.999324	0.0367174
		*TM_ROW2 -0.998566	-8.89041e-005	0.0535432
		*TM_ROW3 -9.01021	-8.01132	99.9496
		*TM_POS -9.01021	-8.01132	99.9496
		*TM_ROTAXIS 0.687862	-0.01262	-0.725732
		*TM_ROTANGLE 3.16835
		*TM_SCALE 1	1	1
		*TM_SCALEAXIS 0	0	0
		*TM_SCALEAXISANG 0	0	0
	}
}
*HELPEROBJECT {
	*NODE_NAME "Bip01 R Calf"
	*NODE_PARENT "Bip01 R Thigh"
	*NODE_TM {
		*NODE_NAME "Bip01 R Calf"
		*TM_ROW0 -0.0525024	0.197539	-0.978888
		*TM_ROW1 -0.0104967	-0.980295	-0.19726
		*TM_ROW2 -0.998566	-8.16062e-005	0.0535415
		*TM_ROW3 -11.1154	-9.45856	60.6878
		*TM_POS -11.1154	-9.45856	60.6878
		*TM_ROTAXIS 0.686298	0.0684898	-0.724088
		*TM_ROTANGLE 2.99744
		*TM_SCALE 1	1	1
		*TM_SCALEAXIS 0	0	0
		*TM_SCALEAXISANG 0	0	0
	}
}
*HELPEROBJECT {
	*NODE_NAME "Bip01 R Foot"
	*NODE_PARENT "Bip01 R Calf"
	*NODE_TM {
		*NODE_NAME "Bip01 R Foot"
		*TM_ROW0 -5.86066e-007	-7.25461e-006	-1
		*TM_ROW1 -0.173652	-0.984807	7.24331e-006
		*TM_ROW2 -0.984807	0.173652	-5.91966e-007
		*TM_ROW3 -13.6935	0.24065	12.6267
		*TM_POS -13.6935	0.24065	12.6267
		*TM_ROTAXIS 0.705757	-0.0617498	-0.705757
		*TM_ROTANGLE 3.01826
		*TM_SCALE 1	1	1
		*TM_SCALEAXIS 0	0	0
		*TM_SCALEAXISANG 0	0	0
	}
}
*HELPEROBJECT {
	*NODE_NAME "Bip01 R Toe0"
	*NODE_PARENT "Bip01 R Foot"
	*NODE_TM {
		*NODE_NAME "Bip01 R Toe0"
		*TM_ROW0 -0.173651	-0.984807	3.50312e-006
		*TM_ROW1 3.50539e-006	3.00781e-006	1
		*TM_ROW2 -0.984808	0.173651	3.01546e-006
		*TM_ROW3 -17.6255	-22.0592	3.52698e-005
		*TM_POS -17.6255	-22.0592	3.52698e-005
		*TM_ROTAXIS 0.510271	-0.608121	-0.608121
		*TM_ROTANGLE 4.08526
		*TM_SCALE 1	1	1
		*TM_SCALEAXIS 0	0	0
		*TM_SCALEAXISANG 0	0	0
	}
}
*HELPEROBJECT {
	*NODE_NAME "Dummy"
	*NODE_PARENT "Bip01 L Finger0"
	*NODE_TM {
		*NODE_NAME "Dummy"
		*TM_ROW0 -1	-0	0
		*TM_ROW1 -0	-1	0
		*TM_ROW2 -0	-0	1
		*TM_ROW3 29.4428	-14.9691	72.9478
		*TM_POS 29.4428	-14.9691	72.9478
		*TM_ROTAXIS 0	0	-1
		*TM_ROTANGLE 3.14159
		*TM_SCALE 1	1	1
		*TM_SCALEAXIS 0	0	0
		*TM_SCALEAXISANG 0	0	0
	}
}
*HELPEROBJECT {
	*NODE_NAME "Dummy1"
	*NODE_PARENT "Bip01 R Finger0"
	*NODE_TM {
		*NODE_NAME "Dummy1"
		*TM_ROW0 -1	-0	0
		*TM_ROW1 -0	-1	0
		*TM_ROW2 -0	-0	1
		*TM_ROW3 -29.4428	-14.9692	72.9479
		*TM_POS -29.4428	-14.9692	72.9479
		*TM_ROTAXIS 0	0	-1
		*TM_ROTANGLE 3.14159
		*TM_SCALE 1	1	1
		*TM_SCALEAXIS 0	0	0
		*TM_SCALEAXISANG 0	0	0
	}
}
*HELPEROBJECT {
	*NODE_NAME "Dummy2"
	*NODE_PARENT "Bip01 L Toe0"
	*NODE_TM {
		*NODE_NAME "Dummy2"
		*TM_ROW0 -1	-0	0
		*TM_ROW1 -0	-1	0
		*TM_ROW2 -0	-0	1
		*TM_ROW3 19.5916	-33.209	-6.31336
		*TM_POS 19.5916	-33.209	-6.31336
		*TM_ROTAXIS 0	0	-1
		*TM_ROTANGLE 3.14159
		*TM_SCALE 1	1	1
		*TM_SCALEAXIS 0	0	0
		*TM_SCALEAXISANG 0	0	0
	}
}
*HELPEROBJECT {
	*NODE_NAME "Dummy3"
	*NODE_PARENT "Bip01 R Toe0"
	*NODE_TM {
		*NODE_NAME "Dummy3"
		*TM_ROW0 -1	-0	0
		*TM_ROW1 -0	-1	0
		*TM_ROW2 -0	-0	1
		*TM_ROW3 -19.5915	-33.2091	-6.31332
		*TM_POS -19.5915	-33.2091	-6.31332
		*TM_ROTAXIS 0	0	-1
		*TM_ROTANGLE 3.14159
		*TM_SCALE 1	1	1
		*TM_SCALEAXIS 0	0	0
		*TM_SCALEAXISANG 0	0	0
	}
}
*GEOMOBJECT {
	*NODE_NAME "zm_Skin"
	*NODE_PARENT "Bip01"
	*NODE_TM {
		*NODE_NAME "zm_Skin"
		*TM_ROW0 -1	-0	0
		*TM_ROW1 -0	-1	0
		*TM_ROW2 -0	-0	1
		*TM_ROW3 -0	-0	0
		*TM_POS -0	-0	0
		*TM_ROTAXIS 0	0	-1
		*TM_ROTANGLE 3.14159
		*TM_SCALE 1	1	1
		*TM_SCALEAXIS 0	0	0
		*TM_SCALEAXISANG 0	0	0
	}
	*MATERIAL_REF 0
	*MESH_SOFTSKIN {
		*TIMEVALUE 0
		*MESH_NUMVERTEX 427
		*MESH_NUMFACES 832
		*MESH_VERTEX_LIST {
			*MESH_VERTEX 0	-26.39	-8.47107	118.301
			*MESH_VERTEX 1	16.75	7.60907	32.5753
			*MESH_VERTEX 2	24.8345	5.25773	118.966
			*MESH_VERTEX 3	16.1362	8.6911	0.291058
			*MESH_VERTEX 4	11.8434	-22.7829	-0.23722
			*MESH_VERTEX 5	23.4284	-14.1369	77.9455
			*MESH_VERTEX 6	15.8473	-13.1118	139.886
			*MESH_VERTEX 7	-23.4284	-14.1367	77.9454
			*MESH_VERTEX 8	-16.0145	2.08605	136.436
			*MESH_VERTEX 9	-7.28849	-7.67951	15.9889
			*MESH_VERTEX 10	-21.2881	-1.14964	32.1405
			*MESH_VERTEX 11	-19.8267	-22.9603	-0.467819
			*MESH_VERTEX 12	-9.65161	7.80145	0.701171
			*MESH_VERTEX 13	21.0229	5.18715	141.281
			*MESH_VERTEX 14	-12.4507	4.69055	114.081
			*MESH_VERTEX 15	-28.7094	8.51002	121.144
			*MESH_VERTEX 16	-28.6823	-0.225546	145.836
			*MESH_VERTEX 17	28.1731	-8.70818	146.693
			*MESH_VERTEX 18	3.57097	-24.7598	109.32
			*MESH_VERTEX 19	-0.304061	-22.9324	127.238
			*MESH_VERTEX 20	13.8195	-18.1769	113.076
			*MESH_VERTEX 21	-3.69683	-24.8065	109.293
			*MESH_VERTEX 22	-13.6826	-18.6202	112.976
			*MESH_VERTEX 23	22.7041	-11.5552	87.0916
			*MESH_VERTEX 24	29.04	-6.5432	78.2448
			*MESH_VERTEX 25	-29.0418	-6.54594	78.2289
			*MESH_VERTEX 26	16.8191	-15.325	30.4548
			*MESH_VERTEX 27	8.9276	0.935518	115.15
			*MESH_VERTEX 28	0.0304086	2.55464	115.114
			*MESH_VERTEX 29	4.24847	4.52137	87.976
			*MESH_VERTEX 30	-4.51375	-18.8018	93.6771
			*MESH_VERTEX 31	-14.6572	-16.7343	30.2986
			*MESH_VERTEX 32	-9.06603	-10.8107	30.8148
			*MESH_VERTEX 33	-2.35769	-2.42426	31.7913
			*MESH_VERTEX 34	-22.7133	-11.5345	87.09
			*MESH_VERTEX 35	-25.8946	-8.12514	90.9006
			*MESH_VERTEX 36	3.77984	0.359722	166.982
			*MESH_VERTEX 37	-16.1343	-9.51759	151.013
			*MESH_VERTEX 38	-8.5723	-5.16664	157.959
			*MESH_VERTEX 39	-10.6042	-8.1028	153.507
			*MESH_VERTEX 40	-4.94661	-8.07364	163.095
			*MESH_VERTEX 41	4.79581	-8.18536	163.321
			*MESH_VERTEX 42	-15.7305	-13.0507	139.678
			*MESH_VERTEX 43	-17.7725	-7.37058	114.099
			*MESH_VERTEX 44	15.549	-5.83332	115.281
			*MESH_VERTEX 45	13.2758	5.2944	114.154
			*MESH_VERTEX 46	-21.9283	-13.8716	82.0887
			*MESH_VERTEX 47	21.9255	-13.8834	82.0756
			*MESH_VERTEX 48	-7.40227	-14.0928	-0.144302
			*MESH_VERTEX 49	-17.3324	-0.546668	16.7877
			*MESH_VERTEX 50	-18.2795	-7.13012	15.7729
			*MESH_VERTEX 51	-14.0494	4.84747	18.6851
			*MESH_VERTEX 52	-7.23583	-0.282204	16.6603
			*MESH_VERTEX 53	-11.1159	7.37035	19.2137
			*MESH_VERTEX 54	-17.8905	3.23454	148.399
			*MESH_VERTEX 55	0.0478667	-11.6972	150.647
			*MESH_VERTEX 56	0.0538378	4.80482	159.135
			*MESH_VERTEX 57	-7.13528	1.21751	156.244
			*MESH_VERTEX 58	-3.54298	0.603059	166.972
			*MESH_VERTEX 59	-19.8668	-0.237446	137.566
			*MESH_VERTEX 60	-13.9791	4.07596	126.004
			*MESH_VERTEX 61	-15.4167	4.36027	139.531
			*MESH_VERTEX 62	-18.5057	6.14313	0.187224
			*MESH_VERTEX 63	7.6626	4.84457	-0.536276
			*MESH_VERTEX 64	7.77239	2.34278	159.618
			*MESH_VERTEX 65	6.22826	-4.1936	156.052
			*MESH_VERTEX 66	7.35677	1.48204	156.321
			*MESH_VERTEX 67	-27.7706	-9.39701	146.958
			*MESH_VERTEX 68	11.131	-17.2575	115.412
			*MESH_VERTEX 69	0.121991	-6.39999	89.862
			*MESH_VERTEX 70	8.51264	7.80152	32.3501
			*MESH_VERTEX 71	30.476	-4.64384	119.05
			*MESH_VERTEX 72	22.5715	-4.09396	117.913
			*MESH_VERTEX 73	29.425	-17.7521	81.6604
			*MESH_VERTEX 74	11.3267	-5.83988	16.1058
			*MESH_VERTEX 75	17.1677	-4.86471	16.1587
			*MESH_VERTEX 76	6.89468	-3.45857	31.6889
			*MESH_VERTEX 77	15.5913	-10.423	30.8773
			*MESH_VERTEX 78	-17.0727	-4.9386	32.7162
			*MESH_VERTEX 79	-9.66335	2.7703	32.6137
			*MESH_VERTEX 80	4.38475	-19.39	94.1256
			*MESH_VERTEX 81	-29.4253	-17.7466	81.6718
			*MESH_VERTEX 82	-4.42594	4.9981	87.9896
			*MESH_VERTEX 83	34.4042	-9.43226	80.9966
			*MESH_VERTEX 84	-5.37738	-5.72898	32.1791
			*MESH_VERTEX 85	15.5655	3.27361	33.0185
			*MESH_VERTEX 86	28.316	0.362745	145.434
			*MESH_VERTEX 87	34.3485	3.55283	120.956
			*MESH_VERTEX 88	28.7966	8.59597	121.016
			*MESH_VERTEX 89	-34.2492	-2.50569	120.639
			*MESH_VERTEX 90	-34.4082	-9.43106	80.9795
			*MESH_VERTEX 91	13.8296	7.7356	18.612
			*MESH_VERTEX 92	6.72364	-0.738532	9.16166
			*MESH_VERTEX 93	7.06067	3.57319	17.1297
			*MESH_VERTEX 94	-7.22789	-19.4805	41.8368
			*MESH_VERTEX 95	-6.98274	-16.0873	30.3851
			*MESH_VERTEX 96	-8.09426	6.74195	32.6605
			*MESH_VERTEX 97	3.38688	-1.44731	31.1658
			*MESH_VERTEX 98	-1.31057	0.267138	45.0276
			*MESH_VERTEX 99	-13.9733	-19.307	41.0425
			*MESH_VERTEX 100	10.5609	-17.8521	140.669
			*MESH_VERTEX 101	19.3567	-22.7509	5.72949
			*MESH_VERTEX 102	-10.9157	-17.7571	115.369
			*MESH_VERTEX 103	-19.3833	-14.6307	7.93105
			*MESH_VERTEX 104	-19.377	-24.0004	5.44026
			*MESH_VERTEX 105	-13.351	-24.2627	5.26488
			*MESH_VERTEX 106	9.75545	3.43563	32.6353
			*MESH_VERTEX 107	22.0982	-12.0791	0.124875
			*MESH_VERTEX 108	-21.8712	5.28614	141.427
			*MESH_VERTEX 109	5.18772	-20.6906	85.7718
			*MESH_VERTEX 110	-1.67326	-10.8699	83.4817
			*MESH_VERTEX 111	-7.36125	2.11418	159.394
			*MESH_VERTEX 112	-5.72299	-23.4582	61.6078
			*MESH_VERTEX 113	10.1803	-15.195	30.11
			*MESH_VERTEX 114	22.6429	0.475669	45.2221
			*MESH_VERTEX 115	21.6769	-1.8757	31.8423
			*MESH_VERTEX 116	-15.4842	-7.30945	115.231
			*MESH_VERTEX 117	-24.7727	5.19178	119.087
			*MESH_VERTEX 118	17.871	-6.39291	114.262
			*MESH_VERTEX 119	19.0458	5.14431	17.2294
			*MESH_VERTEX 120	6.60977	0.0371547	60.4424
			*MESH_VERTEX 121	1.92886	0.928279	45.3559
			*MESH_VERTEX 122	15.52	-17.5373	41.9227
			*MESH_VERTEX 123	8.69135	-18.394	42.2146
			*MESH_VERTEX 124	9.39445	-16.7802	40.5394
			*MESH_VERTEX 125	-10.6065	-7.38456	16.2801
			*MESH_VERTEX 126	-16.2207	6.04834	32.6898
			*MESH_VERTEX 127	-7.96874	-17.9256	40.187
			*MESH_VERTEX 128	7.72501	-5.97137	15.5448
			*MESH_VERTEX 129	14.1835	-9.30529	16.6507
			*MESH_VERTEX 130	13.995	6.34839	47.4443
			*MESH_VERTEX 131	3.54178	-0.172509	44.01
			*MESH_VERTEX 132	16.5524	-19.1614	43.2655
			*MESH_VERTEX 133	19.0536	-3.83399	32.6362
			*MESH_VERTEX 134	13.8693	-23.3805	5.52386
			*MESH_VERTEX 135	15.8211	1.80666	136.595
			*MESH_VERTEX 136	19.7488	-0.393369	137.575
			*MESH_VERTEX 137	18.5908	2.38215	149.845
			*MESH_VERTEX 138	16.1438	4.85864	140.237
			*MESH_VERTEX 139	-22.5992	-4.13387	117.642
			*MESH_VERTEX 140	-10.9097	3.14043	47.0398
			*MESH_VERTEX 141	-2.84231	-0.749867	43.9647
			*MESH_VERTEX 142	-21.3405	-1.63901	45.1285
			*MESH_VERTEX 143	-14.8871	-20.918	42.2369
			*MESH_VERTEX 144	-22.1214	-1.20217	107.557
			*MESH_VERTEX 145	-14.3707	2.35256	32.7235
			*MESH_VERTEX 146	13.7842	4.51077	46.6259
			*MESH_VERTEX 147	-13.3679	-10.2788	16.5554
			*MESH_VERTEX 148	-19.9435	-0.562475	9.5553
			*MESH_VERTEX 149	-17.3751	4.11983	17.2292
			*MESH_VERTEX 150	15.8884	10.068	10.0067
			*MESH_VERTEX 151	19.3179	-6.92395	16.062
			*MESH_VERTEX 152	-13.272	-11.2002	30.9244
			*MESH_VERTEX 153	20.8053	-0.396705	44.2682
			*MESH_VERTEX 154	6.90759	-21.9307	61.1677
			*MESH_VERTEX 155	22.8362	7.0817	119.101
			*MESH_VERTEX 156	8.05341	-13.3117	-0.23072
			*MESH_VERTEX 157	14.8405	-10.1408	12.1711
			*MESH_VERTEX 158	-9.95664	4.50422	18.1533
			*MESH_VERTEX 159	10.1948	5.10028	17.7751
			*MESH_VERTEX 160	-19.6592	-2.44145	44.5602
			*MESH_VERTEX 161	-16.1202	-3.99623	136.454
			*MESH_VERTEX 162	-16.6599	-10.3616	136.759
			*MESH_VERTEX 163	-27.8819	-8.77293	129.946
			*MESH_VERTEX 164	-18.2436	-6.34652	127.395
			*MESH_VERTEX 165	-24.2851	-9.88601	127.13
			*MESH_VERTEX 166	27.9501	-8.81766	129.822
			*MESH_VERTEX 167	16.7295	-10.7224	136.915
			*MESH_VERTEX 168	20.2437	-5.34478	117.871
			*MESH_VERTEX 169	0.850499	-6.8171	43.4178
			*MESH_VERTEX 170	-22.7714	7.00647	119.189
			*MESH_VERTEX 171	-20.2703	-5.39647	117.548
			*MESH_VERTEX 172	31.7641	-6.68546	119.565
			*MESH_VERTEX 173	16.0683	-11.306	148.347
			*MESH_VERTEX 174	9.00019	-4.97483	158.19
			*MESH_VERTEX 175	11.2454	-10.2787	30.4918
			*MESH_VERTEX 176	-1.80382	-20.1704	91.266
			*MESH_VERTEX 177	-26.4233	-13.0648	92.0186
			*MESH_VERTEX 178	2.93584	1.60395	84.48
			*MESH_VERTEX 179	11.7011	1.20414	84.6094
			*MESH_VERTEX 180	16.1139	-0.152272	60.9827
			*MESH_VERTEX 181	-30.4761	-4.67264	118.969
			*MESH_VERTEX 182	-32.1913	-10.0391	91.9053
			*MESH_VERTEX 183	-34.0903	-4.14828	108.581
			*MESH_VERTEX 184	-32.3185	2.51753	120.015
			*MESH_VERTEX 185	-10.1519	-17.2021	140.272
			*MESH_VERTEX 186	0.0646629	-20.2665	139.987
			*MESH_VERTEX 187	26.4211	-13.0743	91.9976
			*MESH_VERTEX 188	-5.84419	-1.61274	9.38472
			*MESH_VERTEX 189	-5.10629	-0.776756	15.6231
			*MESH_VERTEX 190	25.8946	-8.12617	90.901
			*MESH_VERTEX 191	22.1934	-1.0693	107.554
			*MESH_VERTEX 192	-9.6062	0.0431444	115.122
			*MESH_VERTEX 193	20.8278	0.453006	9.67229
			*MESH_VERTEX 194	20.6393	-13.6137	8.15346
			*MESH_VERTEX 195	16.3869	-25.2712	1.21788
			*MESH_VERTEX 196	-10.9561	4.87159	47.3266
			*MESH_VERTEX 197	-13.6734	-11.0714	12.0345
			*MESH_VERTEX 198	-10.1637	-15.5671	7.83849
			*MESH_VERTEX 199	-16.1816	-26.1105	0.971471
			*MESH_VERTEX 200	-34.2625	3.47778	121.177
			*MESH_VERTEX 201	26.3476	-8.43088	118.655
			*MESH_VERTEX 202	14.7342	5.85204	18.6028
			*MESH_VERTEX 203	18.3302	-6.28491	127.339
			*MESH_VERTEX 204	24.3616	-9.85308	126.996
			*MESH_VERTEX 205	-21.1391	-5.39788	153.735
			*MESH_VERTEX 206	-0.361759	-7.66426	43.2838
			*MESH_VERTEX 207	2.64709	-6.38829	41.9713
			*MESH_VERTEX 208	9.12644	3.67972	154.979
			*MESH_VERTEX 209	21.283	-5.25409	153.774
			*MESH_VERTEX 210	24.5591	-12.9801	144.652
			*MESH_VERTEX 211	2.16599	-10.8646	83.7064
			*MESH_VERTEX 212	-4.86325	-20.7592	86.0599
			*MESH_VERTEX 213	-8.52641	3.48705	154.607
			*MESH_VERTEX 214	-16.2724	-2.3468	60.7361
			*MESH_VERTEX 215	-11.5352	1.43303	83.8592
			*MESH_VERTEX 216	-6.74896	-1.56156	60.3607
			*MESH_VERTEX 217	-22.0183	-9.43698	44.064
			*MESH_VERTEX 218	30.7606	2.39544	106.651
			*MESH_VERTEX 219	29.051	-5.9495	86.6966
			*MESH_VERTEX 220	-23.8584	-13.3975	144.69
			*MESH_VERTEX 221	-6.54637	-4.5803	164.744
			*MESH_VERTEX 222	27.7347	-4.69623	83.706
			*MESH_VERTEX 223	-29.0618	-5.93059	86.6926
			*MESH_VERTEX 224	-27.7447	-4.68219	83.6922
			*MESH_VERTEX 225	-26.1969	-14.8647	79.1447
			*MESH_VERTEX 226	-23.4284	-14.1367	77.9454
			*MESH_VERTEX 227	-26.2542	-15.8374	84.2415
			*MESH_VERTEX 228	-24.9324	-16.2096	78.6259
			*MESH_VERTEX 229	26.1968	-14.8649	79.1448
			*MESH_VERTEX 230	23.4284	-14.1369	77.9455
			*MESH_VERTEX 231	26.2498	-15.8528	84.2291
			*MESH_VERTEX 232	24.9324	-16.2098	78.6259
			*MESH_VERTEX 233	18.21	0.482	16.9276
			*MESH_VERTEX 234	-19.9618	-10.2116	60.2736
			*MESH_VERTEX 235	-9.63009	4.47973	104.225
			*MESH_VERTEX 236	8.83134	0.600058	16.9846
			*MESH_VERTEX 237	32.3924	2.57102	119.769
			*MESH_VERTEX 238	24.5018	-12.9299	78.2554
			*MESH_VERTEX 239	-24.5018	-12.9297	78.2554
			*MESH_VERTEX 240	-13.4138	-7.11669	16.3627
			*MESH_VERTEX 241	6.41696	-4.90224	164.851
			*MESH_VERTEX 242	23.3623	-7.33798	45.0476
			*MESH_VERTEX 243	-0.281316	-8.48088	60.2444
			*MESH_VERTEX 244	-2.07231	-7.27163	41.8918
			*MESH_VERTEX 245	-25.1243	6.49976	132.341
			*MESH_VERTEX 246	-18.0136	5.70267	128.878
			*MESH_VERTEX 247	-16.451	-0.840581	126.902
			*MESH_VERTEX 248	11.4288	-14.6359	7.83752
			*MESH_VERTEX 249	20.2414	-22.0874	-0.159646
			*MESH_VERTEX 250	11.2573	-3.12207	156.328
			*MESH_VERTEX 251	-31.7572	-6.72883	119.469
			*MESH_VERTEX 252	-18.1696	-12.4822	144.352
			*MESH_VERTEX 253	1.71409	-7.36839	60.1008
			*MESH_VERTEX 254	34.3082	-2.4404	120.525
			*MESH_VERTEX 255	-20.1599	-8.8978	43.615
			*MESH_VERTEX 256	20.236	-7.85445	60.5778
			*MESH_VERTEX 257	21.388	-6.85809	44.3351
			*MESH_VERTEX 258	-26.6945	-5.95222	118.176
			*MESH_VERTEX 259	17.4121	2.03783	135.131
			*MESH_VERTEX 260	16.565	-0.769651	126.963
			*MESH_VERTEX 261	-7.03789	4.9262	0.216065
			*MESH_VERTEX 262	-32.2134	-6.61912	86.1947
			*MESH_VERTEX 263	26.6565	-5.92191	118.461
			*MESH_VERTEX 264	-3.16345	1.13363	84.1672
			*MESH_VERTEX 265	-11.8005	-23.5583	-0.350031
			*MESH_VERTEX 266	0.0449269	3.39777	156.163
			*MESH_VERTEX 267	15.2642	-22.0934	61.776
			*MESH_VERTEX 268	-29.4229	5.19739	119.897
			*MESH_VERTEX 269	29.501	5.26251	119.675
			*MESH_VERTEX 270	12.2909	-18.9024	127.263
			*MESH_VERTEX 271	-10.6668	-3.30353	155.925
			*MESH_VERTEX 272	-9.85017	9.44979	10.4927
			*MESH_VERTEX 273	13.8403	4.44905	126.093
			*MESH_VERTEX 274	-11.3275	-18.3693	109.403
			*MESH_VERTEX 275	0.0522288	1.7762	167.419
			*MESH_VERTEX 276	18.9933	6.13341	-0.285357
			*MESH_VERTEX 277	-23.887	-16.0301	83.6115
			*MESH_VERTEX 278	-18.07	-6.27494	137.346
			*MESH_VERTEX 279	23.8834	-16.0452	83.5949
			*MESH_VERTEX 280	-19.461	-0.729597	117.793
			*MESH_VERTEX 281	19.4698	-0.669554	117.955
			*MESH_VERTEX 282	-14.2857	-24.1626	62.0551
			*MESH_VERTEX 283	16.0473	-4.32422	136.623
			*MESH_VERTEX 284	18.1182	-6.46456	137.421
			*MESH_VERTEX 285	34.4419	0.42976	107.331
			*MESH_VERTEX 286	-30.0659	-12.871	92.5863
			*MESH_VERTEX 287	5.99911	-0.160411	15.4031
			*MESH_VERTEX 288	18.8549	-12.5229	144.549
			*MESH_VERTEX 289	31.2466	-6.02826	90.5243
			*MESH_VERTEX 290	32.1919	-10.0375	91.9037
			*MESH_VERTEX 291	30.0986	2.63241	132.602
			*MESH_VERTEX 292	-30.69	2.27898	106.696
			*MESH_VERTEX 293	-29.9451	2.75515	132.483
			*MESH_VERTEX 294	-12.3688	-19.229	127.331
			*MESH_VERTEX 295	25.3138	6.4173	132.545
			*MESH_VERTEX 296	18.1715	5.73553	129.067
			*MESH_VERTEX 297	-21.2119	-13.0045	-0.12647
			*MESH_VERTEX 298	-19.3892	-1.73583	15.1141
			*MESH_VERTEX 299	25.9628	7.78779	131.916
			*MESH_VERTEX 300	-0.00242548	-21.7907	109.138
			*MESH_VERTEX 301	1.59476	-20.2772	91.4248
			*MESH_VERTEX 302	-20.3134	-9.40533	85.4743
			*MESH_VERTEX 303	-25.7748	7.86075	131.688
			*MESH_VERTEX 304	-17.6699	-7.0687	124.937
			*MESH_VERTEX 305	-17.4363	-6.78338	125.918
			*MESH_VERTEX 306	17.5239	-6.70301	125.864
			*MESH_VERTEX 307	24.6106	-14.5849	88.5846
			*MESH_VERTEX 308	10.2993	3.2924	103.532
			*MESH_VERTEX 309	-0.131444	7.1712	93.174
			*MESH_VERTEX 310	-17.6453	2.32212	134.968
			*MESH_VERTEX 311	32.6941	-4.86743	130.222
			*MESH_VERTEX 312	30.0637	-12.8718	92.5879
			*MESH_VERTEX 313	-24.6193	-14.5651	88.5803
			*MESH_VERTEX 314	-6.31445	2.89032	17.3841
			*MESH_VERTEX 315	0.114003	6.04086	104.431
			*MESH_VERTEX 316	18.0648	-6.44436	125.185
			*MESH_VERTEX 317	6.418	-10.7863	151.017
			*MESH_VERTEX 318	19.9729	-9.79276	85.8688
			*MESH_VERTEX 319	31.0915	3.65033	131.65
			*MESH_VERTEX 320	-0.0515565	-9.50779	162.479
			*MESH_VERTEX 321	-16.9711	-3.85694	134.775
			*MESH_VERTEX 322	-18.485	4.463	129.768
			*MESH_VERTEX 323	-31.2269	-4.72058	131.292
			*MESH_VERTEX 324	-30.9395	3.74963	131.521
			*MESH_VERTEX 325	-32.5948	-4.79336	130.275
			*MESH_VERTEX 326	-14.5883	0.851004	96.7042
			*MESH_VERTEX 327	-7.65878	6.49215	98.1168
			*MESH_VERTEX 328	-23.9499	-8.94896	128.643
			*MESH_VERTEX 329	-0.00997316	6.75138	113.842
			*MESH_VERTEX 330	24.0206	-8.94153	128.522
			*MESH_VERTEX 331	-28.531	-17.4064	80.039
			*MESH_VERTEX 332	-0.00152168	5.69389	148.608
			*MESH_VERTEX 333	31.3222	-4.81952	131.248
			*MESH_VERTEX 334	28.5309	-17.4065	80.0391
			*MESH_VERTEX 335	-21.9423	-7.00137	109.145
			*MESH_VERTEX 336	32.2545	-1.72923	119.439
			*MESH_VERTEX 337	-32.2136	-1.76713	119.552
			*MESH_VERTEX 338	11.7024	-17.4696	109.621
			*MESH_VERTEX 339	-5.97408	-4.41655	155.987
			*MESH_VERTEX 340	17.6104	-10.2477	135.293
			*MESH_VERTEX 341	16.8809	-4.21641	134.945
			*MESH_VERTEX 342	18.6452	4.48364	129.933
			*MESH_VERTEX 343	-34.373	0.313522	107.377
			*MESH_VERTEX 344	22.0119	-6.85734	109.173
			*MESH_VERTEX 345	-10.088	0.598324	109.667
			*MESH_VERTEX 346	34.1572	-4.02324	108.561
			*MESH_VERTEX 347	-26.9225	-9.24795	109.862
			*MESH_VERTEX 348	-22.4007	-0.279359	117.996
			*MESH_VERTEX 349	24.8421	2.54514	106.597
			*MESH_VERTEX 350	22.4143	-0.229396	118.084
			*MESH_VERTEX 351	15.9024	-19.4006	56.019
			*MESH_VERTEX 352	7.65274	5.46011	97.5745
			*MESH_VERTEX 353	-17.5435	-9.86406	135.154
			*MESH_VERTEX 354	-23.6512	5.24031	139.249
			*MESH_VERTEX 355	-24.7694	2.42146	106.625
			*MESH_VERTEX 356	32.2029	-6.63648	86.2013
			*MESH_VERTEX 357	-29.1312	-8.91973	128.911
			*MESH_VERTEX 358	29.2087	-8.9449	128.781
			*MESH_VERTEX 359	-5.56006	-10.942	150.774
			*MESH_VERTEX 360	26.9895	-9.1045	109.891
			*MESH_VERTEX 361	-31.2434	-6.03184	90.5261
			*MESH_VERTEX 362	-6.66618	-21.0591	55.5367
			*MESH_VERTEX 363	-15.0143	-21.7343	55.8176
			*MESH_VERTEX 364	14.003	0.968485	96.2313
			*MESH_VERTEX 365	25.7049	4.23195	115.679
			*MESH_VERTEX 366	23.2085	-0.425338	116.036
			*MESH_VERTEX 367	-33.5629	-8.86037	79.7051
			*MESH_VERTEX 368	33.5604	-8.85866	79.7221
			*MESH_VERTEX 369	11.2887	-7.84903	153.859
			*MESH_VERTEX 370	-25.6919	4.134	115.49
			*MESH_VERTEX 371	-23.1667	-0.485269	116.083
			*MESH_VERTEX 372	7.36028	-19.2822	55.2539
			*MESH_VERTEX 373	20.224	-0.412109	15.2597
			*MESH_VERTEX 374	31.8988	-7.76146	109.66
			*MESH_VERTEX 375	-31.8326	-7.89715	109.652
			*MESH_VERTEX 376	-17.363	-1.19326	128.242
			*MESH_VERTEX 377	17.4797	-1.13976	128.291
			*MESH_VERTEX 378	-13.9358	-17.8967	98.7426
			*MESH_VERTEX 379	18.9955	-7.66483	99.9747
			*MESH_VERTEX 380	14.0632	-19.4982	87.0519
			*MESH_VERTEX 381	22.6988	5.89625	140.079
			*MESH_VERTEX 382	-22.2962	-11.3148	137.036
			*MESH_VERTEX 383	-0.000141889	6.01037	152.477
			*MESH_VERTEX 384	28.4133	-5.22557	90.2765
			*MESH_VERTEX 385	-19.2585	-6.12859	98.8994
			*MESH_VERTEX 386	23.1085	-4.25673	116.699
			*MESH_VERTEX 387	-20.6779	-13.1812	140.989
			*MESH_VERTEX 388	22.273	-11.5056	136.956
			*MESH_VERTEX 389	-32.5358	1.67466	116.509
			*MESH_VERTEX 390	-28.41	-5.22614	90.2836
			*MESH_VERTEX 391	0.0284728	-21.2598	115.456
			*MESH_VERTEX 392	-23.053	-4.29364	116.873
			*MESH_VERTEX 393	29.9384	-7.35251	141.017
			*MESH_VERTEX 394	-0.0480782	7.69845	138.273
			*MESH_VERTEX 395	-0.0171649	7.25702	98.9405
			*MESH_VERTEX 396	9.55212	1.31036	109.81
			*MESH_VERTEX 397	0.0197489	3.31563	110.002
			*MESH_VERTEX 398	17.562	-3.44542	91.4165
			*MESH_VERTEX 399	-28.7527	1.45947	142.069
			*MESH_VERTEX 400	32.5465	1.78536	116.726
			*MESH_VERTEX 401	21.2934	-13.0724	141.108
			*MESH_VERTEX 402	-16.17	-7.28539	109.423
			*MESH_VERTEX 403	26.3378	-11.6025	139.099
			*MESH_VERTEX 404	16.1853	-6.15336	109.757
			*MESH_VERTEX 405	13.5309	-18.5616	100.28
			*MESH_VERTEX 406	-26.3587	-11.3882	139.206
			*MESH_VERTEX 407	-29.9003	-7.13269	141.105
			*MESH_VERTEX 408	32.2583	-1.85771	117.353
			*MESH_VERTEX 409	30.3848	-4.74529	117.581
			*MESH_VERTEX 410	-0.153752	5.68139	125.534
			*MESH_VERTEX 411	28.897	1.27682	142.072
			*MESH_VERTEX 412	-12.835	2.0169	90.189
			*MESH_VERTEX 413	-32.2325	-1.94004	117.283
			*MESH_VERTEX 414	-30.3426	-4.80423	117.649
			*MESH_VERTEX 415	12.9696	1.91131	90.4798
			*MESH_VERTEX 416	-13.7132	-20.4534	87.3127
			*MESH_VERTEX 417	-30.0163	4.15296	115.909
			*MESH_VERTEX 418	26.781	-6.04124	117.413
			*MESH_VERTEX 419	-26.727	-6.08071	117.582
			*MESH_VERTEX 420	30.0172	4.26915	116.195
			*MESH_VERTEX 421	-17.3696	-4.09905	90.2271
			*MESH_VERTEX 422	-0.203513	5.37828	88.6164
			*MESH_VERTEX 423	5.18772	-20.6906	85.7718
			*MESH_VERTEX 424	0.121991	-6.39999	89.862
			*MESH_VERTEX 425	2.93584	1.60395	84.48
			*MESH_VERTEX 426	0.121991	-6.39999	89.862
		}
		*MESH_FACE_LIST {
			*MESH_FACE    0:    A:    318 B:    380 C:    267 AB:    1 BC:    1 CA:    1	 *MESH_SMOOTHING 1 	*MESH_MTLID 0
			*MESH_FACE    1:    A:    318 B:    256 C:    179 AB:    1 BC:    1 CA:    1	 *MESH_SMOOTHING 1 	*MESH_MTLID 0
			*MESH_FACE    2:    A:    276 B:    107 C:    156 AB:    1 BC:    1 CA:    1	 *MESH_SMOOTHING 1 	*MESH_MTLID 0
			*MESH_FACE    3:    A:    92 B:    63 C:    156 AB:    1 BC:    1 CA:    1	 *MESH_SMOOTHING 1 	*MESH_MTLID 0
			*MESH_FACE    4:    A:    317 B:    186 C:    100 AB:    1 BC:    1 CA:    1	 *MESH_SMOOTHING 1 	*MESH_MTLID 0
			*MESH_FACE    5:    A:    273 B:    410 C:    394 AB:    1 BC:    1 CA:    1	 *MESH_SMOOTHING 1 	*MESH_MTLID 0
			*MESH_FACE    6:    A:    282 B:    416 C:    302 AB:    1 BC:    1 CA:    1	 *MESH_SMOOTHING 1 	*MESH_MTLID 0
			*MESH_FACE    7:    A:    243 B:    216 C:    264 AB:    1 BC:    1 CA:    1	 *MESH_SMOOTHING 1 	*MESH_MTLID 0
			*MESH_FACE    8:    A:    48 B:    261 C:    188 AB:    1 BC:    1 CA:    1	 *MESH_SMOOTHING 1 	*MESH_MTLID 0
			*MESH_FACE    9:    A:    297 B:    148 C:    62 AB:    1 BC:    1 CA:    1	 *MESH_SMOOTHING 1 	*MESH_MTLID 0
			*MESH_FACE    10:    A:    316 B:    284 C:    6 AB:    1 BC:    1 CA:    1	 *MESH_SMOOTHING 1 	*MESH_MTLID 0
			*MESH_FACE    11:    A:    155 B:    281 C:    260 AB:    1 BC:    1 CA:    1	 *MESH_SMOOTHING 1 	*MESH_MTLID 0
			*MESH_FACE    12:    A:    270 B:    316 C:    6 AB:    1 BC:    1 CA:    1	 *MESH_SMOOTHING 1 	*MESH_MTLID 0
			*MESH_FACE    13:    A:    42 B:    278 C:    304 AB:    1 BC:    1 CA:    1	 *MESH_SMOOTHING 1 	*MESH_MTLID 0
			*MESH_FACE    14:    A:    154 B:    267 C:    380 AB:    1 BC:    1 CA:    1	 *MESH_SMOOTHING 1 	*MESH_MTLID 0
			*MESH_FACE    15:    A:    247 B:    280 C:    170 AB:    1 BC:    1 CA:    1	 *MESH_SMOOTHING 1 	*MESH_MTLID 0
			*MESH_FACE    16:    A:    399 B:    354 C:    245 AB:    1 BC:    1 CA:    1	 *MESH_SMOOTHING 1 	*MESH_MTLID 0
