*3DSMAX_ASCIIEXPORT	110
*COMMENT "[ GothicSourcer v3.10 ] - August 2006"
*SCENE {
	*SCENE_FILENAME "HUM_IE_PYMONTE_INSTRUMENT.MAX"
	*SCENE_FIRSTFRAME 0
	*SCENE_LASTFRAME 100
	*SCENE_FRAMESPEED 25
	*SCENE_TICKSPERFRAME 192
	*SCENE_BACKGROUND_STATIC 0	0	0
	*SCENE_AMBIENT_STATIC 0.2	0.2	0.2
}
*MATERIAL_LIST {
	*MATERIAL_COUNT 1
	*MATERIAL 0 {
		*MATERIAL_NAME "NACKED_MUSCEL0"
		*MATERIAL_CLASS "Standard"
		*MATERIAL_AMBIENT 0.25098	0.203922	0.168627
		*MATERIAL_DIFFUSE 0.25098	0.203922	0.168627
		*MATERIAL_SPECULAR 0.9	0.9	0.9
		*MATERIAL_SHINE 0.1
		*MATERIAL_SHINESTRENGTH 0
		*MATERIAL_TRANSPARENCY 0
		*MATERIAL_WIRESIZE 1
		*MATERIAL_SHADING Blinn
		*MATERIAL_XP_FALLOFF 0
		*MATERIAL_SELFILLUM 0
		*MATERIAL_FALLOFF In
		*MATERIAL_XP_TYPE Filter
		*MAP_DIFFUSE {
			*MAP_NAME "Map #1"
			*MAP_CLASS "Bitmap"
			*MAP_SUBNO 1
			*MAP_AMOUNT 1
			*BITMAP "HUM_EXT_HARFE_BODY.TGA"
			*MAP_TYPE Screen
			*UVW_U_OFFSET 0
			*UVW_V_OFFSET 0
			*UVW_U_TILING 1
			*UVW_V_TILING 1
			*UVW_ANGLE 0
			*UVW_BLUR 1
			*UVW_BLUR_OFFSET 0
			*UVW_NOUSE_AMT 1
			*UVW_NOISE_SIZE 1
			*UVW_NOISE_LEVEL 1
			*UVW_NOISE_PHASE 0
			*BITMAP_FILTER Pyramidal
		}
	}
}
*HELPEROBJECT {
	*NODE_NAME "Bip01"
	*NODE_TM {
		*NODE_NAME "Bip01"
		*TM_ROW0 6.27438e-006	-1	0
		*TM_ROW1 1	6.27438e-006	0
		*TM_ROW2 -0	-0	1
		*TM_ROW3 0	-7.37745	99.9496
		*TM_POS 0	-7.37745	99.9496
		*TM_ROTAXIS 0	0	1
		*TM_ROTANGLE 1.57079
		*TM_SCALE 1	1	1
		*TM_SCALEAXIS 0	0	0
		*TM_SCALEAXISANG 0	0	0
	}
}
*HELPEROBJECT {
	*NODE_NAME "Bip01 Pelvis"
	*NODE_PARENT "Bip01"
	*NODE_TM {
		*NODE_NAME "Bip01 Pelvis"
		*TM_ROW0 -5.96014e-008	1.79264e-006	1
		*TM_ROW1 -1.79264e-006	-1	1.79264e-006
		*TM_ROW2 1	-1.79264e-006	-5.96014e-008
		*TM_ROW3 1e-005	-8.0113	99.9496
		*TM_POS 1e-005	-8.0113	99.9496
		*TM_ROTAXIS 0.707107	0	0.707107
		*TM_ROTANGLE 3.1416
		*TM_SCALE 1	1	1
		*TM_SCALEAXIS 0	0	0
		*TM_SCALEAXISANG 0	0	0
	}
}
*HELPEROBJECT {
	*NODE_NAME "Bip01 Spine"
	*NODE_PARENT "Bip01 Pelvis"
	*NODE_TM {
		*NODE_NAME "Bip01 Spine"
		*TM_ROW0 6.6944e-008	-0.0205947	0.999788
		*TM_ROW1 5.48642e-006	-0.999788	-0.0205947
		*TM_ROW2 1	5.48642e-006	6.6944e-008
		*TM_ROW3 1e-005	-7.92216	102.35
		*TM_POS 1e-005	-7.92216	102.35
		*TM_ROTAXIS 0.707088	-0.00727998	0.707088
		*TM_ROTANGLE 3.12703
		*TM_SCALE 1	1	1
		*TM_SCALEAXIS 0	0	0
		*TM_SCALEAXISANG 0	0	0
	}
}
*HELPEROBJECT {
	*NODE_NAME "Bip01 Spine1"
	*NODE_PARENT "Bip01 Spine"
	*NODE_TM {
		*NODE_NAME "Bip01 Spine1"
		*TM_ROW0 6.76996e-008	-0.00276992	0.999996
		*TM_ROW1 -1.92621e-006	-0.999996	-0.00276991
		*TM_ROW2 1	-1.92621e-006	6.76996e-008
		*TM_ROW3 1e-005	-8.11442	112.175
		*TM_POS 1e-005	-8.11442	112.175
		*TM_ROTAXIS -0.707107	0.000979995	-0.707106
		*TM_ROTANGLE 3.14355
		*TM_SCALE 1	1	1
		*TM_SCALEAXIS 0	0	0
		*TM_SCALEAXISANG 0	0	0
	}
}
*HELPEROBJECT {
	*NODE_NAME "Bip01 Spine2"
	*NODE_PARENT "Bip01 Spine1"
	*NODE_TM {
		*NODE_NAME "Bip01 Spine2"
		*TM_ROW0 3.48622e-008	0.180243	0.983622
		*TM_ROW1 1.67638e-006	-0.983622	0.180243
		*TM_ROW2 1	1.67638e-006	3.48621e-008
		*TM_ROW3 1e-005	-8.1264	124.961
		*TM_POS 1e-005	-8.1264	124.961
		*TM_ROTAXIS 0.705652	0.0641202	0.705652
		*TM_ROTANGLE 3.26966
		*TM_SCALE 1	1	1
		*TM_SCALEAXIS 0	0	0
		*TM_SCALEAXISANG 0	0	0
	}
}
*HELPEROBJECT {
	*NODE_NAME "Bip01 Neck"
	*NODE_PARENT "Bip01 Spine2"
	*NODE_TM {
		*NODE_NAME "Bip01 Neck"
		*TM_ROW0 6.08698e-007	-0.167043	0.98595
		*TM_ROW1 4.70132e-006	-0.98595	-0.167043
		*TM_ROW2 1	4.70132e-006	6.08698e-007
		*TM_ROW3 -2.11471e-012	-2.71656	154.454
		*TM_POS -2.11471e-012	-2.71656	154.454
		*TM_ROTAXIS -0.70586	0.05937	-0.705859
		*TM_ROTANGLE 3.2602
		*TM_SCALE 1	1	1
		*TM_SCALEAXIS 0	0	0
		*TM_SCALEAXISANG 0	0	0
	}
}
*HELPEROBJECT {
	*NODE_NAME "Bip01 Head"
	*NODE_PARENT "Bip01 Neck"
	*NODE_TM {
		*NODE_NAME "Bip01 Head"
		*TM_ROW0 -5.96015e-008	1.76921e-006	1
		*TM_ROW1 -1.79264e-006	-1	1.77916e-006
		*TM_ROW2 1	-1.79264e-006	-5.96014e-008
		*TM_ROW3 1.63729e-011	-3.85901	161.198
		*TM_POS 1.63729e-011	-3.85901	161.198
		*TM_ROTAXIS -0.707107	4.76653e-009	-0.707107
		*TM_ROTANGLE 3.14159
		*TM_SCALE 1	1	1
		*TM_SCALEAXIS 0	0	0
		*TM_SCALEAXISANG 0	0	0
	}
}
*HELPEROBJECT {
	*NODE_NAME "ZS_HELMET"
	*NODE_PARENT "Bip01 Head"
	*NODE_TM {
		*NODE_NAME "ZS_HELMET"
		*TM_ROW0 1	5.73874e-013	4.35659e-014
		*TM_ROW1 -4.07319e-013	0.996917	-0.0784593
		*TM_ROW2 -4.76109e-014	0.0784593	0.996918
		*TM_ROW3 1e-005	-7.06248	173.704
		*TM_POS 1e-005	-7.06248	173.704
		*TM_ROTAXIS 1	5.81045e-013	-6.25288e-012
		*TM_ROTANGLE 0.078541
		*TM_SCALE 1	1	1
		*TM_SCALEAXIS 0	0	0
		*TM_SCALEAXISANG 0	0	0
	}
}
*HELPEROBJECT {
	*NODE_NAME "Bip01 L Clavicle"
	*NODE_PARENT "Bip01 Neck"
	*NODE_TM {
		*NODE_NAME "Bip01 L Clavicle"
		*TM_ROW0 0.935229	-0.203893	-0.289439
		*TM_ROW1 0.156435	0.971369	-0.178803
		*TM_ROW2 0.317608	0.121943	0.940348
		*TM_ROW3 7.96399	-1.25804	148.729
		*TM_POS 7.96399	-1.25804	148.729
		*TM_ROTAXIS 0.391939	-0.791119	0.469589
		*TM_ROTANGLE 0.39376
		*TM_SCALE 1	1	1
		*TM_SCALEAXIS 0	0	0
		*TM_SCALEAXISANG 0	0	0
	}
}
*HELPEROBJECT {
	*NODE_NAME "Bip01 L UpperArm"
	*NODE_PARENT "Bip01 L Clavicle"
	*NODE_TM {
		*NODE_NAME "Bip01 L UpperArm"
		*TM_ROW0 0.246229	0.0989026	-0.964152
		*TM_ROW1 0.412789	0.889345	0.196649
		*TM_ROW2 0.876913	-0.446412	0.178157
		*TM_ROW3 20.4269	-3.97508	144.872
		*TM_POS 20.4269	-3.97508	144.872
		*TM_ROTAXIS -0.325561	-0.932072	0.15891
		*TM_ROTANGLE 1.41328
		*TM_SCALE 1	1	1
		*TM_SCALEAXIS 0	0	0
		*TM_SCALEAXISANG 0	0	0
	}
}
*HELPEROBJECT {
	*NODE_NAME "Bip01 L Forearm"
	*NODE_PARENT "Bip01 L UpperArm"
	*NODE_TM {
		*NODE_NAME "Bip01 L Forearm"
		*TM_ROW0 0.0455122	-0.291882	-0.955371
		*TM_ROW1 0.478489	0.845886	-0.235638
		*TM_ROW2 0.876913	-0.44641	0.17816
		*TM_ROW3 27.2982	-1.21526	117.966
		*TM_POS 27.2982	-1.21526	117.966
		*TM_ROTAXIS -0.10545	-0.916697	0.385419
		*TM_ROTANGLE 1.53601
		*TM_SCALE 1	1	1
		*TM_SCALEAXIS 0	0	0
		*TM_SCALEAXISANG 0	0	0
	}
}
*HELPEROBJECT {
	*NODE_NAME "Bip01 L Hand"
	*NODE_PARENT "Bip01 L Forearm"
	*NODE_TM {
		*NODE_NAME "Bip01 L Hand"
		*TM_ROW0 0.0455132	-0.291886	-0.95537
		*TM_ROW1 -0.876533	0.44708	-0.17835
		*TM_ROW2 0.479185	0.845531	-0.2355
		*TM_ROW3 28.5642	-9.33439	91.391
		*TM_POS 28.5642	-9.33439	91.391
		*TM_ROTAXIS 0.551391	-0.772552	-0.314851
		*TM_ROTANGLE 1.95137
		*TM_SCALE 1	1	1
		*TM_SCALEAXIS 0	0	0
		*TM_SCALEAXISANG 0	0	0
	}
}
*HELPEROBJECT {
	*NODE_NAME "Bip01 L Finger0"
	*NODE_PARENT "Bip01 L Hand"
	*NODE_TM {
		*NODE_NAME "Bip01 L Finger0"
		*TM_ROW0 0.0455152	-0.291888	-0.955369
		*TM_ROW1 -0.876915	0.446405	-0.178165
		*TM_ROW2 0.478485	0.845886	-0.235643
		*TM_ROW3 29.15	-13.0909	79.0956
		*TM_POS 29.15	-13.0909	79.0956
		*TM_ROTAXIS 0.551581	-0.772311	-0.31511
		*TM_ROTANGLE 1.95181
		*TM_SCALE 1	1	1
		*TM_SCALEAXIS 0	0	0
		*TM_SCALEAXISANG 0	0	0
	}
}
*HELPEROBJECT {
	*NODE_NAME "ZS_LEFTHAND"
	*NODE_PARENT "Bip01 L Hand"
	*NODE_TM {
		*NODE_NAME "ZS_LEFTHAND"
		*TM_ROW0 0.435606	0.890062	-0.134303
		*TM_ROW1 0.180312	-0.232461	-0.955745
		*TM_ROW2 -0.881893	0.392112	-0.261751
		*TM_ROW3 26.7605	-11.5468	82.7857
		*TM_POS 26.7605	-11.5468	82.7857
		*TM_ROTAXIS 0.794322	0.440571	-0.418271
		*TM_ROTANGLE 2.12858
		*TM_SCALE 1	1	1
		*TM_SCALEAXIS 0	0	0
		*TM_SCALEAXISANG 0	0	0
	}
}
*HELPEROBJECT {
	*NODE_NAME "ZS_LEFTARM"
	*NODE_PARENT "Bip01 L Forearm"
	*NODE_TM {
		*NODE_NAME "ZS_LEFTARM"
		*TM_ROW0 0.0759923	-0.150176	-0.985735
		*TM_ROW1 0.524499	0.846792	-0.0885736
		*TM_ROW2 0.848013	-0.510285	0.143117
		*TM_ROW3 26.9101	-7.67833	110.055
		*TM_POS 26.9101	-7.67833	110.055
		*TM_ROTAXIS -0.21097	-0.917372	0.337521
		*TM_ROTANGLE 1.53784
		*TM_SCALE 1	1	1
		*TM_SCALEAXIS 0	0	0
		*TM_SCALEAXISANG 0	0	0
	}
}
*HELPEROBJECT {
	*NODE_NAME "Bip01 R Clavicle"
	*NODE_PARENT "Bip01 Neck"
	*NODE_TM {
		*NODE_NAME "Bip01 R Clavicle"
		*TM_ROW0 -0.935227	-0.203899	-0.28944
		*TM_ROW1 -0.156442	0.971369	-0.178799
		*TM_ROW2 0.317609	-0.121937	-0.940349
		*TM_ROW3 -7.96398	-1.25806	148.729
		*TM_POS -7.96398	-1.25806	148.729
		*TM_ROTAXIS -0.0929799	0.992639	-0.0775999
		*TM_ROTANGLE 3.45235
		*TM_SCALE 1	1	1
		*TM_SCALEAXIS 0	0	0
		*TM_SCALEAXISANG 0	0	0
	}
}
*HELPEROBJECT {
	*NODE_NAME "Bip01 R UpperArm"
	*NODE_PARENT "Bip01 R Clavicle"
	*NODE_TM {
		*NODE_NAME "Bip01 R UpperArm"
		*TM_ROW0 -0.246232	0.0988932	-0.964153
		*TM_ROW1 -0.412793	0.889345	0.196642
		*TM_ROW2 0.876911	0.446415	-0.178163
		*TM_ROW3 -20.4269	-3.97513	144.872
		*TM_POS -20.4269	-3.97513	144.872
		*TM_ROTAXIS 0.12961	-0.955353	-0.265521
		*TM_ROTANGLE 1.84162
		*TM_SCALE 1	1	1
		*TM_SCALEAXIS 0	0	0
		*TM_SCALEAXISANG 0	0	0
	}
}
*HELPEROBJECT {
	*NODE_NAME "Bip01 R Forearm"
	*NODE_PARENT "Bip01 R UpperArm"
	*NODE_TM {
		*NODE_NAME "Bip01 R Forearm"
		*TM_ROW0 -0.0455087	-0.291889	-0.955369
		*TM_ROW1 -0.478487	0.845885	-0.235646
		*TM_ROW2 0.876915	0.446408	-0.17816
		*TM_ROW3 -27.2982	-1.21534	117.966
		*TM_POS -27.2982	-1.21534	117.966
		*TM_ROTAXIS 0.347279	-0.932937	-0.0950097
		*TM_ROTANGLE 1.76083
		*TM_SCALE 1	1	1
		*TM_SCALEAXIS 0	0	0
		*TM_SCALEAXISANG 0	0	0
	}
}
*HELPEROBJECT {
	*NODE_NAME "Bip01 R Hand"
	*NODE_PARENT "Bip01 R Forearm"
	*NODE_TM {
		*NODE_NAME "Bip01 R Hand"
		*TM_ROW0 -0.0455115	-0.291885	-0.95537
		*TM_ROW1 0.87653	0.447088	-0.17835
		*TM_ROW2 0.479192	-0.845527	0.235499
		*TM_ROW3 -28.5642	-9.33445	91.3911
		*TM_POS -28.5642	-9.33445	91.3911
		*TM_ROTAXIS -0.33922	-0.72939	0.59407
		*TM_ROTANGLE 1.75327
		*TM_SCALE 1	1	1
		*TM_SCALEAXIS 0	0	0
		*TM_SCALEAXISANG 0	0	0
	}
}
*HELPEROBJECT {
	*NODE_NAME "Bip01 R Finger0"
	*NODE_PARENT "Bip01 R Hand"
	*NODE_TM {
		*NODE_NAME "Bip01 R Finger0"
		*TM_ROW0 -0.0455056	-0.291877	-0.955373
		*TM_ROW1 0.876914	0.446413	-0.178152
		*TM_ROW2 0.478489	-0.845886	0.235636
		*TM_ROW3 -29.1499	-13.0909	79.0956
		*TM_POS -29.1499	-13.0909	79.0956
		*TM_ROTAXIS -0.33952	-0.729071	0.594291
		*TM_ROTANGLE 1.75354
		*TM_SCALE 1	1	1
		*TM_SCALEAXIS 0	0	0
		*TM_SCALEAXISANG 0	0	0
	}
}
*HELPEROBJECT {
	*NODE_NAME "ZS_RIGHTHAND"
	*NODE_PARENT "Bip01 R Hand"
	*NODE_TM {
		*NODE_NAME "ZS_RIGHTHAND"
		*TM_ROW0 -0.464344	0.856417	-0.225687
		*TM_ROW1 0.177861	0.339806	0.923525
		*TM_ROW2 0.867612	0.388692	-0.31011
		*TM_ROW3 -20.9389	-19.9852	85.8932
		*TM_POS -20.9389	-19.9852	85.8932
		*TM_ROTAXIS 0.383811	0.784581	0.486951
		*TM_ROTANGLE 3.91244
		*TM_SCALE 1	1	1
		*TM_SCALEAXIS 0	0	0
		*TM_SCALEAXISANG 0	0	0
	}
}
*HELPEROBJECT {
	*NODE_NAME "ZS_CROSSBOW"
	*NODE_PARENT "Bip01 Spine2"
	*NODE_TM {
		*NODE_NAME "ZS_CROSSBOW"
		*TM_ROW0 -0.382687	-0.111464	0.91713
		*TM_ROW1 -0.923878	0.0461715	-0.379891
		*TM_ROW2 -1.2517e-006	-0.992695	-0.120648
		*TM_ROW3 -14.434	10.5915	165.98
		*TM_POS -14.434	10.5915	165.98
		*TM_ROTAXIS -0.447329	0.669479	-0.593039
		*TM_ROTANGLE 2.38705
		*TM_SCALE 1	1	1
		*TM_SCALEAXIS 0	0	0
		*TM_SCALEAXISANG 0	0	0
	}
}
*HELPEROBJECT {
	*NODE_NAME "ZS_LONGSWORD"
	*NODE_PARENT "Bip01 Spine2"
	*NODE_TM {
		*NODE_NAME "ZS_LONGSWORD"
		*TM_ROW0 -0.499829	-0.0915011	0.861277
		*TM_ROW1 -0.865729	0.0828188	-0.493614
		*TM_ROW2 -0.0261636	-0.992355	-0.12061
		*TM_ROW3 -18.1593	6.92629	157.64
		*TM_POS -18.1593	6.92629	157.64
		*TM_ROTAXIS -0.38996	0.69388	-0.60536
		*TM_ROTANGLE 2.44778
		*TM_SCALE 1	1	1
		*TM_SCALEAXIS 0	0	0
		*TM_SCALEAXISANG 0	0	0
	}
}
*HELPEROBJECT {
	*NODE_NAME "ZS_SHIELD"
	*NODE_PARENT "Bip01 Spine2"
	*NODE_TM {
		*NODE_NAME "ZS_SHIELD"
		*TM_ROW0 -0.0138681	0.114196	-0.993362
		*TM_ROW1 -0.908393	0.413755	0.0602465
		*TM_ROW2 0.417888	0.903198	0.0979964
		*TM_ROW3 8.76511	9.5282	131.875
		*TM_POS 8.76511	9.5282	131.875
		*TM_ROTAXIS 0.435421	-0.728972	-0.528212
		*TM_ROTANGLE 1.82457
		*TM_SCALE 1	1	1
		*TM_SCALEAXIS 0	0	0
		*TM_SCALEAXISANG 0	0	0
	}
}
*HELPEROBJECT {
	*NODE_NAME "ZS_BOW"
	*NODE_PARENT "Bip01 Spine2"
	*NODE_TM {
		*NODE_NAME "ZS_BOW"
		*TM_ROW0 -0.341816	-0.0868229	0.935748
		*TM_ROW1 0.0119438	0.995242	0.0967059
		*TM_ROW2 -0.939691	0.044232	-0.339153
		*TM_ROW3 0.5012	12.4143	124.55
		*TM_POS 0.5012	12.4143	124.55
		*TM_ROTAXIS -0.0279299	0.998227	0.0525698
		*TM_ROTANGLE 1.92076
		*TM_SCALE 1	1	1
		*TM_SCALEAXIS 0	0	0
		*TM_SCALEAXISANG 0	0	0
	}
}
*HELPEROBJECT {
	*NODE_NAME "ZS_SWORD"
	*NODE_PARENT "Bip01 Spine"
	*NODE_TM {
		*NODE_NAME "ZS_SWORD"
		*TM_ROW0 5.79068e-007	-0.347172	0.937802
		*TM_ROW1 1.04308e-007	0.937802	0.347172
		*TM_ROW2 -1	-1.04308e-007	5.79068e-007
		*TM_ROW3 17.5015	-4.36211	106.367
		*TM_POS 17.5015	-4.36211	106.367
		*TM_ROTAXIS -0.17367	0.96937	0.17367
		*TM_ROTANGLE 1.6019
		*TM_SCALE 1	1	1
		*TM_SCALEAXIS 0	0	0
		*TM_SCALEAXISANG 0	0	0
	}
}
*HELPEROBJECT {
	*NODE_NAME "Bip01 L Thigh"
	*NODE_PARENT "Bip01 Pelvis"
	*NODE_TM {
		*NODE_NAME "Bip01 L Thigh"
		*TM_ROW0 0.0534879	-0.0367886	-0.997891
		*TM_ROW1 -0.00216181	-0.999323	0.0367256
		*TM_ROW2 -0.998566	0.000192882	-0.0535313
		*TM_ROW3 9.01023	-8.01129	99.9496
		*TM_POS 9.01023	-8.01129	99.9496
		*TM_ROTAXIS 0.72572	-0.01342	-0.68786
		*TM_ROTANGLE 3.16677
		*TM_SCALE 1	1	1
		*TM_SCALEAXIS 0	0	0
		*TM_SCALEAXISANG 0	0	0
	}
}
*HELPEROBJECT {
	*NODE_NAME "Bip01 L Calf"
	*NODE_PARENT "Bip01 L Thigh"
	*NODE_TM {
		*NODE_NAME "Bip01 L Calf"
		*TM_ROW0 0.0525131	0.197552	-0.978885
		*TM_ROW1 0.0103904	-0.980292	-0.197278
		*TM_ROW2 -0.998566	0.000188708	-0.0535307
		*TM_ROW3 11.1149	-9.45845	60.6877
		*TM_POS 11.1149	-9.45845	60.6877
		*TM_ROTAXIS 0.723901	0.0721501	-0.686121
		*TM_ROTANGLE 3.00478
		*TM_SCALE 1	1	1
		*TM_SCALEAXIS 0	0	0
		*TM_SCALEAXISANG 0	0	0
	}
}
*HELPEROBJECT {
	*NODE_NAME "Bip01 L Foot"
	*NODE_PARENT "Bip01 L Calf"
	*NODE_TM {
		*NODE_NAME "Bip01 L Foot"
		*TM_ROW0 -6.00563e-007	7.23674e-006	-1
		*TM_ROW1 0.173652	-0.984807	-7.2672e-006
		*TM_ROW2 -0.984807	-0.173652	-5.93313e-007
		*TM_ROW3 13.6935	0.240668	12.6267
		*TM_POS 13.6935	0.240668	12.6267
		*TM_ROTAXIS 0.705757	0.0617498	-0.705757
		*TM_ROTANGLE 3.26493
		*TM_SCALE 1	1	1
		*TM_SCALEAXIS 0	0	0
		*TM_SCALEAXISANG 0	0	0
	}
}
*HELPEROBJECT {
	*NODE_NAME "Bip01 L Toe0"
	*NODE_PARENT "Bip01 L Foot"
	*NODE_TM {
		*NODE_NAME "Bip01 L Toe0"
		*TM_ROW0 0.173646	-0.984808	5.05606e-006
		*TM_ROW1 5.06961e-006	5.93591e-006	1
		*TM_ROW2 -0.984808	-0.173646	5.91983e-006
		*TM_ROW3 17.6256	-22.0591	-2.43328e-006
		*TM_POS 17.6256	-22.0591	-2.43328e-006
		*TM_ROTAXIS -0.644398	0.540718	0.540718
		*TM_ROTANGLE 1.99673
		*TM_SCALE 1	1	1
		*TM_SCALEAXIS 0	0	0
		*TM_SCALEAXISANG 0	0	0
	}
}
*HELPEROBJECT {
	*NODE_NAME "Bip01 R Thigh"
	*NODE_PARENT "Bip01 Pelvis"
	*NODE_TM {
		*NODE_NAME "Bip01 R Thigh"
		*TM_ROW0 -0.0535034	-0.0367749	-0.99789
		*TM_ROW1 0.00205776	-0.999324	0.0367174
		*TM_ROW2 -0.998566	-8.89041e-005	0.0535432
		*TM_ROW3 -9.01021	-8.01132	99.9496
		*TM_POS -9.01021	-8.01132	99.9496
		*TM_ROTAXIS 0.687862	-0.01262	-0.725732
		*TM_ROTANGLE 3.16835
		*TM_SCALE 1	1	1
		*TM_SCALEAXIS 0	0	0
		*TM_SCALEAXISANG 0	0	0
	}
}
*HELPEROBJECT {
	*NODE_NAME "Bip01 R Calf"
	*NODE_PARENT "Bip01 R Thigh"
	*NODE_TM {
		*NODE_NAME "Bip01 R Calf"
		*TM_ROW0 -0.0525024	0.197539	-0.978888
		*TM_ROW1 -0.0104967	-0.980295	-0.19726
		*TM_ROW2 -0.998566	-8.16062e-005	0.0535415
		*TM_ROW3 -11.1154	-9.45856	60.6878
		*TM_POS -11.1154	-9.45856	60.6878
		*TM_ROTAXIS 0.686298	0.0684898	-0.724088
		*TM_ROTANGLE 2.99744
		*TM_SCALE 1	1	1
		*TM_SCALEAXIS 0	0	0
		*TM_SCALEAXISANG 0	0	0
	}
}
*HELPEROBJECT {
	*NODE_NAME "Bip01 R Foot"
	*NODE_PARENT "Bip01 R Calf"
	*NODE_TM {
		*NODE_NAME "Bip01 R Foot"
		*TM_ROW0 -5.86066e-007	-7.25461e-006	-1
		*TM_ROW1 -0.173652	-0.984807	7.24331e-006
		*TM_ROW2 -0.984807	0.173652	-5.91966e-007
		*TM_ROW3 -13.6935	0.24065	12.6267
		*TM_POS -13.6935	0.24065	12.6267
		*TM_ROTAXIS 0.705757	-0.0617498	-0.705757
		*TM_ROTANGLE 3.01826
		*TM_SCALE 1	1	1
		*TM_SCALEAXIS 0	0	0
		*TM_SCALEAXISANG 0	0	0
	}
}
*HELPEROBJECT {
	*NODE_NAME "Bip01 R Toe0"
	*NODE_PARENT "Bip01 R Foot"
	*NODE_TM {
		*NODE_NAME "Bip01 R Toe0"
		*TM_ROW0 -0.173651	-0.984807	3.50312e-006
		*TM_ROW1 3.50539e-006	3.00781e-006	1
		*TM_ROW2 -0.984808	0.173651	3.01546e-006
		*TM_ROW3 -17.6255	-22.0592	3.52698e-005
		*TM_POS -17.6255	-22.0592	3.52698e-005
		*TM_ROTAXIS 0.510271	-0.608121	-0.608121
		*TM_ROTANGLE 4.08526
		*TM_SCALE 1	1	1
		*TM_SCALEAXIS 0	0	0
		*TM_SCALEAXISANG 0	0	0
	}
}
*HELPEROBJECT {
	*NODE_NAME "Dummy"
	*NODE_PARENT "Bip01 L Finger0"
	*NODE_TM {
		*NODE_NAME "Dummy"
		*TM_ROW0 -1	-0	0
		*TM_ROW1 -0	-1	0
		*TM_ROW2 -0	-0	1
		*TM_ROW3 29.4428	-14.9691	72.9478
		*TM_POS 29.4428	-14.9691	72.9478
		*TM_ROTAXIS 0	0	-1
		*TM_ROTANGLE 3.14159
		*TM_SCALE 1	1	1
		*TM_SCALEAXIS 0	0	0
		*TM_SCALEAXISANG 0	0	0
	}
}
*HELPEROBJECT {
	*NODE_NAME "Dummy1"
	*NODE_PARENT "Bip01 R Finger0"
	*NODE_TM {
		*NODE_NAME "Dummy1"
		*TM_ROW0 -1	-0	0
		*TM_ROW1 -0	-1	0
		*TM_ROW2 -0	-0	1
		*TM_ROW3 -29.4428	-14.9692	72.9479
		*TM_POS -29.4428	-14.9692	72.9479
		*TM_ROTAXIS 0	0	-1
		*TM_ROTANGLE 3.14159
		*TM_SCALE 1	1	1
		*TM_SCALEAXIS 0	0	0
		*TM_SCALEAXISANG 0	0	0
	}
}
*HELPEROBJECT {
	*NODE_NAME "Dummy2"
	*NODE_PARENT "Bip01 L Toe0"
	*NODE_TM {
		*NODE_NAME "Dummy2"
		*TM_ROW0 -1	-0	0
		*TM_ROW1 -0	-1	0
		*TM_ROW2 -0	-0	1
		*TM_ROW3 19.5916	-33.209	-6.31336
		*TM_POS 19.5916	-33.209	-6.31336
		*TM_ROTAXIS 0	0	-1
		*TM_ROTANGLE 3.14159
		*TM_SCALE 1	1	1
		*TM_SCALEAXIS 0	0	0
		*TM_SCALEAXISANG 0	0	0
	}
}
*HELPEROBJECT {
	*NODE_NAME "Dummy3"
	*NODE_PARENT "Bip01 R Toe0"
	*NODE_TM {
		*NODE_NAME "Dummy3"
		*TM_ROW0 -1	-0	0
		*TM_ROW1 -0	-1	0
		*TM_ROW2 -0	-0	1
		*TM_ROW3 -19.5915	-33.2091	-6.31332
		*TM_POS -19.5915	-33.2091	-6.31332
		*TM_ROTAXIS 0	0	-1
		*TM_ROTANGLE 3.14159
		*TM_SCALE 1	1	1
		*TM_SCALEAXIS 0	0	0
		*TM_SCALEAXISANG 0	0	0
	}
}
*GEOMOBJECT {
	*NODE_NAME "zm_Skin"
	*NODE_PARENT "Bip01"
	*NODE_TM {
		*NODE_NAME "zm_Skin"
		*TM_ROW0 -1	-0	0
		*TM_ROW1 -0	-1	0
		*TM_ROW2 -0	-0	1
		*TM_ROW3 -0	-0	0
		*TM_POS -0	-0	0
		*TM_ROTAXIS 0	0	-1
		*TM_ROTANGLE 3.14159
		*TM_SCALE 1	1	1
		*TM_SCALEAXIS 0	0	0
		*TM_SCALEAXISANG 0	0	0
	}
	*MATERIAL_REF 0
	*MESH_SOFTSKIN {
		*TIMEVALUE 0
		*MESH_NUMVERTEX 272
		*MESH_NUMFACES 531
		*MESH_VERTEX_LIST {
			*MESH_VERTEX 0	-12.3036	-21.3423	100.879
			*MESH_VERTEX 1	10.414	7.64021	-0.771449
			*MESH_VERTEX 2	17.1342	-19.0612	140.701
			*MESH_VERTEX 3	23.623	-17.3775	-1.14592
			*MESH_VERTEX 4	2.34017	0.284414	85.0039
			*MESH_VERTEX 5	-17.2904	-7.8057	11.0187
			*MESH_VERTEX 6	-23.1892	-11.716	140.579
			*MESH_VERTEX 7	-34.2444	-10.7477	78.5582
			*MESH_VERTEX 8	-21.7703	5.35916	139.066
			*MESH_VERTEX 9	-20.7408	-0.485336	47.9027
			*MESH_VERTEX 10	-17.2596	-8.52329	60.5799
			*MESH_VERTEX 11	10.5534	-13.7169	4.8613
			*MESH_VERTEX 12	21.7905	-2.43319	107.175
			*MESH_VERTEX 13	29.2306	-17.6652	80.384
			*MESH_VERTEX 14	29.903	-5.44588	118.915
			*MESH_VERTEX 15	0.481263	0.704204	167.668
			*MESH_VERTEX 16	3.02111	-22.8082	97.8725
			*MESH_VERTEX 17	-0.57186	-25.6474	76.7431
			*MESH_VERTEX 18	-5.07202	-22.9797	91.2566
			*MESH_VERTEX 19	16.2106	-22.2542	3.56138
			*MESH_VERTEX 20	-25.3149	-17.3156	-1.37515
			*MESH_VERTEX 21	-17.9497	-22.1828	3.33595
			*MESH_VERTEX 22	21.9548	4.83924	139.061
			*MESH_VERTEX 23	-29.6706	-18.4418	79.5144
			*MESH_VERTEX 24	16.1177	-20.3941	87.8858
			*MESH_VERTEX 25	1.89023	-21.3317	93.6166
			*MESH_VERTEX 26	16.1114	-7.87437	11.4259
			*MESH_VERTEX 27	-3.10585	-22.8565	97.6326
			*MESH_VERTEX 28	4.50441	-23.7369	92.3277
			*MESH_VERTEX 29	-14.2625	-5.74629	134.742
			*MESH_VERTEX 30	33.8692	-0.655521	107.405
			*MESH_VERTEX 31	21.8663	2.46726	149.697
			*MESH_VERTEX 32	-33.6299	-1.22437	106.406
			*MESH_VERTEX 33	-20.3731	-12.2982	146.059
			*MESH_VERTEX 34	-22.4918	-10.3536	139.062
			*MESH_VERTEX 35	-12.2503	-13.6672	4.6563
			*MESH_VERTEX 36	-11.4729	7.60127	-0.952767
			*MESH_VERTEX 37	-11.1762	0.957275	111.025
			*MESH_VERTEX 38	14.9325	-5.56774	135.72
			*MESH_VERTEX 39	0.069118	-8.37434	90.925
			*MESH_VERTEX 40	-1.68727	-21.3557	93.3623
			*MESH_VERTEX 41	2.65421	-0.392226	48.128
			*MESH_VERTEX 42	14.6976	-2.3011	60.9207
			*MESH_VERTEX 43	-25.9143	-9.98899	119.553
			*MESH_VERTEX 44	-21.915	2.0466	148.476
			*MESH_VERTEX 45	0.299597	-10.7015	150.448
			*MESH_VERTEX 46	7.02819	2.4536	155.622
			*MESH_VERTEX 47	23.1475	-6.51869	149.128
			*MESH_VERTEX 48	21.8525	-11.1307	140.365
			*MESH_VERTEX 49	-7.16923	2.53507	156.753
			*MESH_VERTEX 50	2.74899	-10.2424	164.885
			*MESH_VERTEX 51	-2.44252	-10.0774	164.8
			*MESH_VERTEX 52	33.681	-5.04287	108.677
			*MESH_VERTEX 53	33.7756	-9.94525	79.4643
			*MESH_VERTEX 54	-19.8501	-1.01068	12.5247
			*MESH_VERTEX 55	-29.7277	-8.2937	78.3405
			*MESH_VERTEX 56	-24.5575	-15.4288	80.0559
			*MESH_VERTEX 57	-14.8363	-22.3077	-0.902557
			*MESH_VERTEX 58	13.1412	-22.374	-0.674901
			*MESH_VERTEX 59	17.818	-0.977674	12.8055
			*MESH_VERTEX 60	29.2516	-7.50952	79.2704
			*MESH_VERTEX 61	24.1128	-14.6655	80.9933
			*MESH_VERTEX 62	8.70814	4.02532	99.7686
			*MESH_VERTEX 63	19.3423	-10.2625	124.717
			*MESH_VERTEX 64	-33.4261	-5.59991	107.719
			*MESH_VERTEX 65	-21.6229	-5.39943	116.737
			*MESH_VERTEX 66	-29.5587	-5.8261	117.863
			*MESH_VERTEX 67	-17.479	4.54987	136.216
			*MESH_VERTEX 68	-23.5018	3.43579	117.091
			*MESH_VERTEX 69	-21.3389	-2.88401	106.159
			*MESH_VERTEX 70	-4.28809	-0.209874	47.8991
			*MESH_VERTEX 71	-3.56867	2.80282	87.5962
			*MESH_VERTEX 72	-19.4134	4.60789	-2.90362
			*MESH_VERTEX 73	19.4718	-7.41959	86.1736
			*MESH_VERTEX 74	23.7737	3.75355	118.525
			*MESH_VERTEX 75	21.9856	-5.05464	117.806
			*MESH_VERTEX 76	26.3291	-9.70432	120.618
			*MESH_VERTEX 77	-16.6623	-19.5604	141.063
			*MESH_VERTEX 78	-19.2737	-7.04044	85.6832
			*MESH_VERTEX 79	-15.8908	-3.05306	60.6949
			*MESH_VERTEX 80	-9.60491	-15.2564	54.6562
			*MESH_VERTEX 81	-11.5894	-2.16158	12.5241
			*MESH_VERTEX 82	-15.1538	3.16957	14.6494
			*MESH_VERTEX 83	-12.3623	3.9194	48.9504
			*MESH_VERTEX 84	-7.17303	-2.83445	60.5064
			*MESH_VERTEX 85	3.60568	2.62176	87.8746
			*MESH_VERTEX 86	-21.3506	-12.2046	137.311
			*MESH_VERTEX 87	9.14113	-15.0245	54.9726
			*MESH_VERTEX 88	9.7158	-2.31722	12.6341
			*MESH_VERTEX 89	12.0962	3.04762	14.5415
			*MESH_VERTEX 90	10.0491	4.22929	48.9297
			*MESH_VERTEX 91	17.7543	4.57775	-2.74842
			*MESH_VERTEX 92	-4.31702	-5.89801	166.742
			*MESH_VERTEX 93	-16.0035	4.90782	132.303
			*MESH_VERTEX 94	-22.6266	4.31576	138.181
			*MESH_VERTEX 95	-21.7931	5.52909	143.904
			*MESH_VERTEX 96	-23.2892	-11.7301	4.64875
			*MESH_VERTEX 97	21.5926	-11.7812	4.86003
			*MESH_VERTEX 98	4.80566	-6.22779	166.908
			*MESH_VERTEX 99	5.60092	-2.70399	60.67
			*MESH_VERTEX 100	17.9747	4.74202	137.315
			*MESH_VERTEX 101	-23.4	-7.6503	135.672
			*MESH_VERTEX 102	-19.6079	-10.8217	125.078
			*MESH_VERTEX 103	-31.578	-11.5916	90.7347
			*MESH_VERTEX 104	31.3927	-10.91	91.5841
			*MESH_VERTEX 105	23.6261	-11.3643	141.007
			*MESH_VERTEX 106	-29.4976	-6.76982	83.873
			*MESH_VERTEX 107	29.1109	-6.02296	84.8217
			*MESH_VERTEX 108	16.5626	-9.94195	131.87
			*MESH_VERTEX 109	22.6742	-6.98049	136.852
			*MESH_VERTEX 110	-15.947	-10.1615	130.945
			*MESH_VERTEX 111	-16.7495	-1.01981	95.9705
			*MESH_VERTEX 112	-7.64478	5.00527	100.041
			*MESH_VERTEX 113	20.2519	-11.9063	146.932
			*MESH_VERTEX 114	-26.5784	2.23202	137.758
			*MESH_VERTEX 115	11.5334	-22.2075	101.534
			*MESH_VERTEX 116	16.4032	-23.4661	-0.584019
			*MESH_VERTEX 117	-18.0966	-23.3898	-0.807271
			*MESH_VERTEX 118	15.4278	5.36511	131.715
			*MESH_VERTEX 119	11.1702	2.82623	124.16
			*MESH_VERTEX 120	13.4972	1.13461	103.266
			*MESH_VERTEX 121	7.6124	2.95291	-2.9365
			*MESH_VERTEX 122	-29.465	-14.4586	91.3548
			*MESH_VERTEX 123	-24.8423	-16.9031	84.6073
			*MESH_VERTEX 124	29.276	-13.7698	92.2432
			*MESH_VERTEX 125	24.468	-16.1618	85.562
			*MESH_VERTEX 126	-22.8258	-6.7381	148.058
			*MESH_VERTEX 127	-5.53111	-8.11273	60.0385
			*MESH_VERTEX 128	21.9667	-11.9921	138.398
			*MESH_VERTEX 129	0.268607	-23.0023	134.139
			*MESH_VERTEX 130	0.186892	-24.8292	111.198
			*MESH_VERTEX 131	3.30249	-7.95917	60.0783
			*MESH_VERTEX 132	-6.65629	-2.82406	156.584
			*MESH_VERTEX 133	-9.30087	2.98489	-3.0777
			*MESH_VERTEX 134	-17.2087	-11.7557	133.675
			*MESH_VERTEX 135	6.93499	-2.61658	155.713
			*MESH_VERTEX 136	-28.1609	3.51767	117.772
			*MESH_VERTEX 137	-18.8976	1.94463	132.114
			*MESH_VERTEX 138	28.4348	3.86162	119.215
			*MESH_VERTEX 139	19.2419	2.18874	133.301
			*MESH_VERTEX 140	22.2191	5.58431	140.181
			*MESH_VERTEX 141	-27.1541	-14.0063	90.604
			*MESH_VERTEX 142	-26.5208	-10.5841	89.1311
			*MESH_VERTEX 143	17.8769	-9.62698	111.462
			*MESH_VERTEX 144	26.9487	-13.2971	91.5853
			*MESH_VERTEX 145	26.2924	-9.86126	90.1501
			*MESH_VERTEX 146	-25.7837	-7.18671	117.33
			*MESH_VERTEX 147	26.116	-6.80459	118.4
			*MESH_VERTEX 148	18.4202	0.29111	47.7752
			*MESH_VERTEX 149	16.4497	-7.64838	60.7585
			*MESH_VERTEX 150	-18.079	-10.67	111.337
			*MESH_VERTEX 151	-16.5389	-4.35001	91.3535
			*MESH_VERTEX 152	-31.3549	-8.10388	89.3475
			*MESH_VERTEX 153	-35.1493	-11.1633	81.0217
			*MESH_VERTEX 154	17.7709	-10.5589	148.344
			*MESH_VERTEX 155	-29.0281	-7.63875	88.6111
			*MESH_VERTEX 156	31.1448	-7.40487	90.2523
			*MESH_VERTEX 157	34.7132	-10.3953	81.8457
			*MESH_VERTEX 158	-14.9512	-19.1286	61.8763
			*MESH_VERTEX 159	27.0492	2.44384	138.941
			*MESH_VERTEX 160	24.1715	6.58518	138.338
			*MESH_VERTEX 161	28.7959	-6.91931	89.5934
			*MESH_VERTEX 162	-23.7097	6.37679	137.211
			*MESH_VERTEX 163	13.7239	-0.441673	90.6638
			*MESH_VERTEX 164	28.5369	-4.40385	137.885
			*MESH_VERTEX 165	20.4049	5.23913	142.977
			*MESH_VERTEX 166	-2.55067	-0.208197	84.518
			*MESH_VERTEX 167	-9.29439	0.736241	84.8475
			*MESH_VERTEX 168	-2.18043	-0.541322	167.4
			*MESH_VERTEX 169	0.747763	3.78589	155.758
			*MESH_VERTEX 170	3.04699	-0.736182	167.497
			*MESH_VERTEX 171	-17.4834	-11.1257	148.137
			*MESH_VERTEX 172	-3.93435	-6.37647	48.6112
			*MESH_VERTEX 173	-28.0185	-4.6188	136.702
			*MESH_VERTEX 174	-18.6597	-12.2023	70.8672
			*MESH_VERTEX 175	-13.242	2.18757	103.264
			*MESH_VERTEX 176	14.9261	-18.41	62.0628
			*MESH_VERTEX 177	10.3464	1.54894	111.03
			*MESH_VERTEX 178	-20.5294	-6.45506	48.7391
			*MESH_VERTEX 179	-0.389499	1.36064	123.69
			*MESH_VERTEX 180	-12.0506	2.49637	124.334
			*MESH_VERTEX 181	25.3986	-13.4955	88.7308
			*MESH_VERTEX 182	17.3781	-10.953	101.292
			*MESH_VERTEX 183	17.2329	-2.95495	96.619
			*MESH_VERTEX 184	16.4619	-4.43834	91.4034
			*MESH_VERTEX 185	-30.6476	-18.65	82.4373
			*MESH_VERTEX 186	-0.131465	5.43906	92.0924
			*MESH_VERTEX 187	8.4616	-0.614055	85.3939
			*MESH_VERTEX 188	-24.0214	0.735884	105.157
			*MESH_VERTEX 189	30.2365	-17.8927	83.2827
			*MESH_VERTEX 190	17.7373	-11.514	134.771
			*MESH_VERTEX 191	-21.1782	-8.5591	107.991
			*MESH_VERTEX 192	-8.17876	-18.8671	61.3486
			*MESH_VERTEX 193	15.769	-6.94419	14.5259
			*MESH_VERTEX 194	24.2474	1.32618	106.325
			*MESH_VERTEX 195	-25.7596	-14.2456	87.7029
			*MESH_VERTEX 196	6.10704	-21.7819	86.6522
			*MESH_VERTEX 197	-16.8896	-7.00316	14.0319
			*MESH_VERTEX 198	-15.4702	-15.4062	54.8307
			*MESH_VERTEX 199	21.4387	-7.99278	109.105
			*MESH_VERTEX 200	-32.9202	-8.18176	85.0146
			*MESH_VERTEX 201	32.5522	-7.44819	85.8792
			*MESH_VERTEX 202	31.4818	0.455023	116.707
			*MESH_VERTEX 203	30.1864	1.2159	106.625
			*MESH_VERTEX 204	-13.8058	-0.320331	90.484
			*MESH_VERTEX 205	-31.1668	0.00742889	115.532
			*MESH_VERTEX 206	-29.9569	0.635309	105.55
			*MESH_VERTEX 207	-17.7699	-9.90145	101.012
			*MESH_VERTEX 208	7.86065	-18.6223	61.6676
			*MESH_VERTEX 209	18.6378	-11.4765	71.0573
			*MESH_VERTEX 210	31.4671	-8.80825	109.796
			*MESH_VERTEX 211	31.2519	-3.24096	117.296
			*MESH_VERTEX 212	-31.1983	-9.35725	108.843
			*MESH_VERTEX 213	-24.345	2.21763	142.953
			*MESH_VERTEX 214	-30.9346	-3.6647	116.173
			*MESH_VERTEX 215	-12.7882	-21.0331	128.952
			*MESH_VERTEX 216	-14.9097	-21.3906	134.621
			*MESH_VERTEX 217	-26.2995	-10.7797	108.979
			*MESH_VERTEX 218	2.73112	-6.53298	48.9795
			*MESH_VERTEX 219	-22.2198	-1.80634	114.748
			*MESH_VERTEX 220	26.5708	-10.2273	109.992
			*MESH_VERTEX 221	14.3536	-14.8083	54.9747
			*MESH_VERTEX 222	18.6093	-5.68807	48.7608
			*MESH_VERTEX 223	22.5523	-1.39578	115.855
			*MESH_VERTEX 224	-0.15001	5.64029	138.752
			*MESH_VERTEX 225	-24.2667	2.30708	114.445
			*MESH_VERTEX 226	-25.2558	-13.3717	85.8314
			*MESH_VERTEX 227	-29.7231	-7.51322	85.4192
			*MESH_VERTEX 228	-4.86034	-21.8013	86.4896
			*MESH_VERTEX 229	-13.0308	-22.3722	111.859
			*MESH_VERTEX 230	25.9063	-9.56406	136.581
			*MESH_VERTEX 231	24.5896	2.74281	115.62
			*MESH_VERTEX 232	24.8862	-12.6276	86.8306
			*MESH_VERTEX 233	29.3347	-6.77284	86.3591
			*MESH_VERTEX 234	-25.0839	-11.574	-1.83928
			*MESH_VERTEX 235	23.3934	-11.6272	-1.61791
			*MESH_VERTEX 236	-25.344	-9.78317	135.467
			*MESH_VERTEX 237	-14.4857	-21.3379	87.6192
			*MESH_VERTEX 238	22.552	-5.23115	116.374
			*MESH_VERTEX 239	-22.1899	-5.6413	115.41
			*MESH_VERTEX 240	0.119569	4.7411	99.8785
			*MESH_VERTEX 241	13.2566	-22.6922	112.051
			*MESH_VERTEX 242	14.8724	-20.9459	134.182
			*MESH_VERTEX 243	14.2122	-20.6166	128.648
			*MESH_VERTEX 244	0.223522	-23.1059	130.041
			*MESH_VERTEX 245	0.147721	-24.5883	125.054
			*MESH_VERTEX 246	-29.5023	-5.97109	116.287
			*MESH_VERTEX 247	29.833	-5.5505	117.38
			*MESH_VERTEX 248	-31.0999	0.846838	118.026
			*MESH_VERTEX 249	31.3995	1.22853	119.273
			*MESH_VERTEX 250	-16.0994	-4.08255	131.745
			*MESH_VERTEX 251	1.40205	-10.9031	84.3791
			*MESH_VERTEX 252	16.6456	-3.8752	132.732
			*MESH_VERTEX 253	-12.279	-22.2212	124.54
			*MESH_VERTEX 254	26.2868	-6.9449	117.099
			*MESH_VERTEX 255	24.9293	2.42278	144.356
			*MESH_VERTEX 256	-0.345313	3.13617	111.495
			*MESH_VERTEX 257	-0.154338	3.59491	104.664
			*MESH_VERTEX 258	-30.9424	-3.50967	118.082
			*MESH_VERTEX 259	31.2878	-3.13225	119.143
			*MESH_VERTEX 260	-25.9298	-7.35724	116.109
			*MESH_VERTEX 261	-25.0678	-6.67299	141.906
			*MESH_VERTEX 262	13.4511	-21.8654	124.285
			*MESH_VERTEX 263	-28.5764	2.43882	114.958
			*MESH_VERTEX 264	-21.4414	-1.53307	116.657
			*MESH_VERTEX 265	21.7668	-1.20419	117.852
			*MESH_VERTEX 266	28.8799	2.88451	116.155
			*MESH_VERTEX 267	25.6104	-6.44673	143.159
			*MESH_VERTEX 268	22.3534	-11.6218	133.63
			*MESH_VERTEX 269	-21.7578	-11.8407	132.624
			*MESH_VERTEX 270	-0.962287	-8.23391	83.8013
			*MESH_VERTEX 271	0.154858	-10.1301	164.822
		}
		*MESH_FACE_LIST {
			*MESH_FACE    0:    A:    193 B:    221 C:    87 AB:    1 BC:    1 CA:    1	 *MESH_SMOOTHING 1 	*MESH_MTLID 0
			*MESH_FACE    1:    A:    41 B:    90 C:    89 AB:    1 BC:    1 CA:    1	 *MESH_SMOOTHING 1 	*MESH_MTLID 0
			*MESH_FACE    2:    A:    41 B:    89 C:    88 AB:    1 BC:    1 CA:    1	 *MESH_SMOOTHING 1 	*MESH_MTLID 0
			*MESH_FACE    3:    A:    59 B:    89 C:    148 AB:    1 BC:    1 CA:    1	 *MESH_SMOOTHING 1 	*MESH_MTLID 0
			*MESH_FACE    4:    A:    59 B:    222 C:    221 AB:    1 BC:    1 CA:    1	 *MESH_SMOOTHING 1 	*MESH_MTLID 0
			*MESH_FACE    5:    A:    207 B:    78 C:    237 AB:    1 BC:    1 CA:    1	 *MESH_SMOOTHING 1 	*MESH_MTLID 0
			*MESH_FACE    6:    A:    172 B:    80 C:    81 AB:    1 BC:    1 CA:    1	 *MESH_SMOOTHING 1 	*MESH_MTLID 0
			*MESH_FACE    7:    A:    175 B:    112 C:    111 AB:    1 BC:    1 CA:    1	 *MESH_SMOOTHING 1 	*MESH_MTLID 0
			*MESH_FACE    8:    A:    245 B:    253 C:    229 AB:    1 BC:    1 CA:    1	 *MESH_SMOOTHING 1 	*MESH_MTLID 0
			*MESH_FACE    9:    A:    135 B:    154 C:    47 AB:    1 BC:    1 CA:    1	 *MESH_SMOOTHING 1 	*MESH_MTLID 0
			*MESH_FACE    10:    A:    258 B:    173 C:    114 AB:    1 BC:    1 CA:    1	 *MESH_SMOOTHING 1 	*MESH_MTLID 0
			*MESH_FACE    11:    A:    111 B:    207 C:    175 AB:    1 BC:    1 CA:    1	 *MESH_SMOOTHING 1 	*MESH_MTLID 0
			*MESH_FACE    12:    A:    122 B:    141 C:    217 AB:    1 BC:    1 CA:    1	 *MESH_SMOOTHING 1 	*MESH_MTLID 0
			*MESH_FACE    13:    A:    135 B:    45 C:    154 AB:    1 BC:    1 CA:    1	 *MESH_SMOOTHING 1 	*MESH_MTLID 0
			*MESH_FACE    14:    A:    54 B:    198 C:    178 AB:    1 BC:    1 CA:    1	 *MESH_SMOOTHING 1 	*MESH_MTLID 0
			*MESH_FACE    15:    A:    70 B:    82 C:    83 AB:    1 BC:    1 CA:    1	 *MESH_SMOOTHING 1 	*MESH_MTLID 0
			*MESH_FACE    16:    A:    10 B:    178 C:    198 AB:    1 BC:    1 CA:    1	 *MESH_SMOOTHING 1 	*MESH_MTLID 0
			*MESH_FACE    17:    A:    78 B:    174 C:    237 AB:    1 BC:    1 CA:    1	 *MESH_SMOOTHING 1 	*MESH_MTLID 0
			*MESH_FACE    18:    A:    121 B:    58 C:    11 AB:    1 BC:    1 CA:    1	 *MESH_SMOOTHING 1 	*MESH_MTLID 0
			*MESH_FACE    19:    A:    91 B:    59 C:    97 AB:    1 BC:    1 CA:    1	 *MESH_SMOOTHING 1 	*MESH_MTLID 0
			*MESH_FACE    20:    A:    182 B:    24 C:    73 AB:    1 BC:    1 CA:    1	 *MESH_SMOOTHING 1 	*MESH_MTLID 0
			*MESH_FACE    21:    A:    177 B:    179 C:    119 AB:    1 BC:    1 CA:    1	 *MESH_SMOOTHING 1 	*MESH_MTLID 0
			*MESH_FACE    22:    A:    220 B:    144 C:    124 AB:    1 BC:    1 CA:    1	 *MESH_SMOOTHING 1 	*MESH_MTLID 0
			*MESH_FACE    23:    A:    76 B:    108 C:    75 AB:    1 BC:    1 CA:    1	 *MESH_SMOOTHING 1 	*MESH_MTLID 0
			*MESH_FACE    24:    A:    259 B:    164 C:    230 AB:    1 BC:    1 CA:    1	 *MESH_SMOOTHING 1 	*MESH_MTLID 0
			*MESH_FACE    25:    A:    259 B:    249 C:    159 AB:    1 BC:    1 CA:    1	 *MESH_SMOOTHING 1 	*MESH_MTLID 0
			*MESH_FACE    26:    A:    132 B:    45 C:    51 AB:    1 BC:    1 CA:    1	 *MESH_SMOOTHING 1 	*MESH_MTLID 0
			*MESH_FACE    27:    A:    169 B:    46 C:    31 AB:    1 BC:    1 CA:    1	 *MESH_SMOOTHING 1 	*MESH_MTLID 0
			*MESH_FACE    28:    A:    17 B:    18 C:    28 AB:    1 BC:    1 CA:    1	 *MESH_SMOOTHING 1 	*MESH_MTLID 0
			*MESH_FACE    29:    A:    28 B:    18 C:    17 AB:    1 BC:    1 CA:    1	 *MESH_SMOOTHING 1 	*MESH_MTLID 0
			*MESH_FACE    30:    A:    19 B:    97 C:    11 AB:    1 BC:    1 CA:    1	 *MESH_SMOOTHING 1 	*MESH_MTLID 0
			*MESH_FACE    31:    A:    235 B:    58 C:    91 AB:    1 BC:    1 CA:    1	 *MESH_SMOOTHING 1 	*MESH_MTLID 0
			*MESH_FACE    32:    A:    35 B:    96 C:    21 AB:    1 BC:    1 CA:    1	 *MESH_SMOOTHING 1 	*MESH_MTLID 0
			*MESH_FACE    33:    A:    72 B:    57 C:    234 AB:    1 BC:    1 CA:    1	 *MESH_SMOOTHING 1 	*MESH_MTLID 0
			*MESH_FACE    34:    A:    265 B:    252 C:    139 AB:    1 BC:    1 CA:    1	 *MESH_SMOOTHING 1 	*MESH_MTLID 0
			*MESH_FACE    35:    A:    12 B:    194 C:    161 AB:    1 BC:    1 CA:    1	 *MESH_SMOOTHING 1 	*MESH_MTLID 0
			*MESH_FACE    36:    A:    103 B:    122 C:    212 AB:    1 BC:    1 CA:    1	 *MESH_SMOOTHING 1 	*MESH_MTLID 0
			*MESH_FACE    37:    A:    155 B:    69 C:    142 AB:    1 BC:    1 CA:    1	 *MESH_SMOOTHING 1 	*MESH_MTLID 0
			*MESH_FACE    38:    A:    241 B:    63 C:    262 AB:    1 BC:    1 CA:    1	 *MESH_SMOOTHING 1 	*MESH_MTLID 0
			*MESH_FACE    39:    A:    130 B:    241 C:    245 AB:    1 BC:    1 CA:    1	 *MESH_SMOOTHING 1 	*MESH_MTLID 0
			*MESH_FACE    40:    A:    197 B:    80 C:    198 AB:    1 BC:    1 CA:    1	 *MESH_SMOOTHING 1 	*MESH_MTLID 0
			*MESH_FACE    41:    A:    130 B:    245 C:    229 AB:    1 BC:    1 CA:    1	 *MESH_SMOOTHING 1 	*MESH_MTLID 0
			*MESH_FACE    42:    A:    11 B:    97 C:    26 AB:    1 BC:    1 CA:    1	 *MESH_SMOOTHING 1 	*MESH_MTLID 0
			*MESH_FACE    43:    A:    121 B:    11 C:    88 AB:    1 BC:    1 CA:    1	 *MESH_SMOOTHING 1 	*MESH_MTLID 0
			*MESH_FACE    44:    A:    18 B:    27 C:    16 AB:    1 BC:    1 CA:    1	 *MESH_SMOOTHING 1 	*MESH_MTLID 0
			*MESH_FACE    45:    A:    16 B:    27 C:    18 AB:    1 BC:    1 CA:    1	 *MESH_SMOOTHING 1 	*MESH_MTLID 0
			*MESH_FACE    46:    A:    16 B:    28 C:    18 AB:    1 BC:    1 CA:    1	 *MESH_SMOOTHING 1 	*MESH_MTLID 0
			*MESH_FACE    47:    A:    18 B:    28 C:    16 AB:    1 BC:    1 CA:    1	 *MESH_SMOOTHING 1 	*MESH_MTLID 0
			*MESH_FACE    48:    A:    94 B:    101 C:    29 AB:    1 BC:    1 CA:    1	 *MESH_SMOOTHING 1 	*MESH_MTLID 0
			*MESH_FACE    49:    A:    155 B:    188 C:    69 AB:    1 BC:    1 CA:    1	 *MESH_SMOOTHING 1 	*MESH_MTLID 0
			*MESH_FACE    50:    A:    104 B:    30 C:    52 AB:    1 BC:    1 CA:    1	 *MESH_SMOOTHING 1 	*MESH_MTLID 0
			*MESH_FACE    51:    A:    194 B:    203 C:    161 AB:    1 BC:    1 CA:    1	 *MESH_SMOOTHING 1 	*MESH_MTLID 0
			*MESH_FACE    52:    A:    224 B:    169 C:    31 AB:    1 BC:    1 CA:    1	 *MESH_SMOOTHING 1 	*MESH_MTLID 0
			*MESH_FACE    53:    A:    138 B:    160 C:    159 AB:    1 BC:    1 CA:    1	 *MESH_SMOOTHING 1 	*MESH_MTLID 0
			*MESH_FACE    54:    A:    155 B:    206 C:    188 AB:    1 BC:    1 CA:    1	 *MESH_SMOOTHING 1 	*MESH_MTLID 0
			*MESH_FACE    55:    A:    212 B:    64 C:    103 AB:    1 BC:    1 CA:    1	 *MESH_SMOOTHING 1 	*MESH_MTLID 0
			*MESH_FACE    56:    A:    236 B:    173 C:    258 AB:    1 BC:    1 CA:    1	 *MESH_SMOOTHING 1 	*MESH_MTLID 0
			*MESH_FACE    57:    A:    229 B:    253 C:    102 AB:    1 BC:    1 CA:    1	 *MESH_SMOOTHING 1 	*MESH_MTLID 0
			*MESH_FACE    58:    A:    43 B:    110 C:    269 AB:    1 BC:    1 CA:    1	 *MESH_SMOOTHING 1 	*MESH_MTLID 0
			*MESH_FACE    59:    A:    6 B:    86 C:    33 AB:    1 BC:    1 CA:    1	 *MESH_SMOOTHING 1 	*MESH_MTLID 0
			*MESH_FACE    60:    A:    5 B:    96 C:    35 AB:    1 BC:    1 CA:    1	 *MESH_SMOOTHING 1 	*MESH_MTLID 0
			*MESH_FACE    61:    A:    35 B:    57 C:    133 AB:    1 BC:    1 CA:    1	 *MESH_SMOOTHING 1 	*MESH_MTLID 0
			*MESH_FACE    62:    A:    81 B:    35 C:    133 AB:    1 BC:    1 CA:    1	 *MESH_SMOOTHING 1 	*MESH_MTLID 0
			*MESH_FACE    63:    A:    70 B:    81 C:    82 AB:    1 BC:    1 CA:    1	 *MESH_SMOOTHING 1 	*MESH_MTLID 0
			*MESH_FACE    64:    A:    54 B:    9 C:    82 AB:    1 BC:    1 CA:    1	 *MESH_SMOOTHING 1 	*MESH_MTLID 0
			*MESH_FACE    65:    A:    96 B:    54 C:    72 AB:    1 BC:    1 CA:    1	 *MESH_SMOOTHING 1 	*MESH_MTLID 0
			*MESH_FACE    66:    A:    102 B:    180 C:    37 AB:    1 BC:    1 CA:    1	 *MESH_SMOOTHING 1 	*MESH_MTLID 0
			*MESH_FACE    67:    A:    224 B:    179 C:    180 AB:    1 BC:    1 CA:    1	 *MESH_SMOOTHING 1 	*MESH_MTLID 0
			*MESH_FACE    68:    A:    38 B:    109 C:    22 AB:    1 BC:    1 CA:    1	 *MESH_SMOOTHING 1 	*MESH_MTLID 0
			*MESH_FACE    69:    A:    268 B:    108 C:    76 AB:    1 BC:    1 CA:    1	 *MESH_SMOOTHING 1 	*MESH_MTLID 0
			*MESH_FACE    70:    A:    127 B:    270 C:    192 AB:    1 BC:    1 CA:    1	 *MESH_SMOOTHING 1 	*MESH_MTLID 0
			*MESH_FACE    71:    A:    218 B:    88 C:    87 AB:    1 BC:    1 CA:    1	 *MESH_SMOOTHING 1 	*MESH_MTLID 0
			*MESH_FACE    72:    A:    39 B:    25 C:    40 AB:    1 BC:    1 CA:    1	 *MESH_SMOOTHING 1 	*MESH_MTLID 0
			*MESH_FACE    73:    A:    130 B:    25 C:    115 AB:    1 BC:    1 CA:    1	 *MESH_SMOOTHING 1 	*MESH_MTLID 0
			*MESH_FACE    74:    A:    131 B:    208 C:    251 AB:    1 BC:    1 CA:    1	 *MESH_SMOOTHING 1 	*MESH_MTLID 0
			*MESH_FACE    75:    A:    131 B:    251 C:    4 AB:    1 BC:    1 CA:    1	 *MESH_SMOOTHING 1 	*MESH_MTLID 0
			*MESH_FACE    76:    A:    4 B:    99 C:    131 AB:    1 BC:    1 CA:    1	 *MESH_SMOOTHING 1 	*MESH_MTLID 0
			*MESH_FACE    77:    A:    257 B:    256 C:    120 AB:    1 BC:    1 CA:    1	 *MESH_SMOOTHING 1 	*MESH_MTLID 0
			*MESH_FACE    78:    A:    43 B:    269 C:    236 AB:    1 BC:    1 CA:    1	 *MESH_SMOOTHING 1 	*MESH_MTLID 0
			*MESH_FACE    79:    A:    258 B:    66 C:    236 AB:    1 BC:    1 CA:    1	 *MESH_SMOOTHING 1 	*MESH_MTLID 0
			*MESH_FACE    80:    A:    224 B:    93 C:    44 AB:    1 BC:    1 CA:    1	 *MESH_SMOOTHING 1 	*MESH_MTLID 0
			*MESH_FACE    81:    A:    114 B:    162 C:    136 AB:    1 BC:    1 CA:    1	 *MESH_SMOOTHING 1 	*MESH_MTLID 0
			*MESH_FACE    82:    A:    45 B:    77 C:    129 AB:    1 BC:    1 CA:    1	 *MESH_SMOOTHING 1 	*MESH_MTLID 0
			*MESH_FACE    83:    A:    45 B:    132 C:    171 AB:    1 BC:    1 CA:    1	 *MESH_SMOOTHING 1 	*MESH_MTLID 0
			*MESH_FACE    84:    A:    169 B:    170 C:    46 AB:    1 BC:    1 CA:    1	 *MESH_SMOOTHING 1 	*MESH_MTLID 0
			*MESH_FACE    85:    A:    45 B:    135 C:    50 AB:    1 BC:    1 CA:    1	 *MESH_SMOOTHING 1 	*MESH_MTLID 0
			*MESH_FACE    86:    A:    47 B:    31 C:    135 AB:    1 BC:    1 CA:    1	 *MESH_SMOOTHING 1 	*MESH_MTLID 0
