*3DSMAX_ASCIIEXPORT	110
*COMMENT "[ GothicSourcer v3.10 ] - August 2006"
*SCENE {
	*SCENE_FILENAME "SHA_BODY.MAX"
	*SCENE_FIRSTFRAME 0
	*SCENE_LASTFRAME 100
	*SCENE_FRAMESPEED 25
	*SCENE_TICKSPERFRAME 192
	*SCENE_BACKGROUND_STATIC 0	0	0
	*SCENE_AMBIENT_STATIC 0.2	0.2	0.2
}
*MATERIAL_LIST {
	*MATERIAL_COUNT 1
	*MATERIAL 0 {
		*MATERIAL_NAME "BEAST"
		*MATERIAL_CLASS "Standard"
		*MATERIAL_AMBIENT 0.196078	0.160784	0.137255
		*MATERIAL_DIFFUSE 0.196078	0.160784	0.137255
		*MATERIAL_SPECULAR 0.9	0.9	0.9
		*MATERIAL_SHINE 0.1
		*MATERIAL_SHINESTRENGTH 0
		*MATERIAL_TRANSPARENCY 0
		*MATERIAL_WIRESIZE 1
		*MATERIAL_SHADING Blinn
		*MATERIAL_XP_FALLOFF 0
		*MATERIAL_SELFILLUM 0
		*MATERIAL_FALLOFF In
		*MATERIAL_XP_TYPE Filter
		*MAP_DIFFUSE {
			*MAP_NAME "Map #1"
			*MAP_CLASS "Bitmap"
			*MAP_SUBNO 1
			*MAP_AMOUNT 1
			*BITMAP "BEAST_NEU.TGA"
			*MAP_TYPE Screen
			*UVW_U_OFFSET 0
			*UVW_V_OFFSET 0
			*UVW_U_TILING 1
			*UVW_V_TILING 1
			*UVW_ANGLE 0
			*UVW_BLUR 1
			*UVW_BLUR_OFFSET 0
			*UVW_NOUSE_AMT 1
			*UVW_NOISE_SIZE 1
			*UVW_NOISE_LEVEL 1
			*UVW_NOISE_PHASE 0
			*BITMAP_FILTER Pyramidal
		}
	}
}
*HELPEROBJECT {
	*NODE_NAME "Bip01"
	*NODE_TM {
		*NODE_NAME "Bip01"
		*TM_ROW0 6.27438e-006	-1	0
		*TM_ROW1 1	6.27438e-006	0
		*TM_ROW2 -0	-0	1
		*TM_ROW3 -0.10485	48.9101	109.914
		*TM_POS -0.10485	48.9101	109.914
		*TM_ROTAXIS 0	0	1
		*TM_ROTANGLE 1.57079
		*TM_SCALE 1	1	1
		*TM_SCALEAXIS 0	0	0
		*TM_SCALEAXISANG 0	0	0
	}
}
*HELPEROBJECT {
	*NODE_NAME "Bip01 Pelvis"
	*NODE_PARENT "Bip01"
	*NODE_TM {
		*NODE_NAME "Bip01 Pelvis"
		*TM_ROW0 -5.96046e-008	1.79264e-006	1
		*TM_ROW1 -1.79264e-006	-1	1.79264e-006
		*TM_ROW2 1	-1.79264e-006	-5.96046e-008
		*TM_ROW3 -0.10485	48.9102	109.914
		*TM_POS -0.10485	48.9102	109.914
		*TM_ROTAXIS 0.707107	0	0.707107
		*TM_ROTANGLE 3.1416
		*TM_SCALE 1	1	1
		*TM_SCALEAXIS 0	0	0
		*TM_SCALEAXISANG 0	0	0
	}
}
*HELPEROBJECT {
	*NODE_NAME "Bip01 Spine"
	*NODE_PARENT "Bip01 Pelvis"
	*NODE_TM {
		*NODE_NAME "Bip01 Spine"
		*TM_ROW0 -3.27826e-006	-0.989133	0.147021
		*TM_ROW1 -3.99351e-006	-0.147021	-0.989134
		*TM_ROW2 1	-3.99351e-006	-3.27826e-006
		*TM_ROW3 -0.10485	46.398	118.085
		*TM_POS -0.10485	46.398	118.085
		*TM_ROTAXIS 0.60372	-0.52062	0.60372
		*TM_ROTANGLE 2.18159
		*TM_SCALE 1	1	1
		*TM_SCALEAXIS 0	0	0
		*TM_SCALEAXISANG 0	0	0
	}
}
*HELPEROBJECT {
	*NODE_NAME "Bip01 Spine1"
	*NODE_PARENT "Bip01 Spine"
	*NODE_TM {
		*NODE_NAME "Bip01 Spine1"
		*TM_ROW0 -2.98023e-006	-0.991548	0.129739
		*TM_ROW1 -3.42727e-006	-0.129739	-0.991548
		*TM_ROW2 1	-3.42727e-006	-2.98023e-006
		*TM_ROW3 -0.1048	11.9059	123.247
		*TM_POS -0.1048	11.9059	123.247
		*TM_ROTAXIS 0.600806	-0.527317	0.600807
		*TM_ROTANGLE 2.17108
		*TM_SCALE 1	1	1
		*TM_SCALEAXIS 0	0	0
		*TM_SCALEAXISANG 0	0	0
	}
}
*HELPEROBJECT {
	*NODE_NAME "Bip01 Spine2"
	*NODE_PARENT "Bip01 Spine1"
	*NODE_TM {
		*NODE_NAME "Bip01 Spine2"
		*TM_ROW0 -2.98023e-006	-0.991548	0.129739
		*TM_ROW1 -3.42727e-006	-0.129739	-0.991548
		*TM_ROW2 1	-3.42727e-006	-2.98023e-006
		*TM_ROW3 -0.10474	-31.7779	129.008
		*TM_POS -0.10474	-31.7779	129.008
		*TM_ROTAXIS 0.600806	-0.527317	0.600806
		*TM_ROTANGLE 2.17108
		*TM_SCALE 1	1	1
		*TM_SCALEAXIS 0	0	0
		*TM_SCALEAXISANG 0	0	0
	}
}
*HELPEROBJECT {
	*NODE_NAME "Bip01 Neck"
	*NODE_PARENT "Bip01 Spine2"
	*NODE_TM {
		*NODE_NAME "Bip01 Neck"
		*TM_ROW0 -2.32458e-006	-0.994994	0.0999361
		*TM_ROW1 -2.6226e-006	-0.099936	-0.994994
		*TM_ROW2 1	-2.6226e-006	-2.32458e-006
		*TM_ROW3 -0.10467	-87.1394	136.272
		*TM_POS -0.10467	-87.1394	136.272
		*TM_ROTAXIS 0.595672	-0.538842	0.595672
		*TM_ROTANGLE 2.15313
		*TM_SCALE 1	1	1
		*TM_SCALEAXIS 0	0	0
		*TM_SCALEAXISANG 0	0	0
	}
}
*HELPEROBJECT {
	*NODE_NAME "Bip01 Neck1"
	*NODE_PARENT "Bip01 Neck"
	*NODE_TM {
		*NODE_NAME "Bip01 Neck1"
		*TM_ROW0 8.9407e-006	-0.997543	0.0700525
		*TM_ROW1 -8.61287e-006	-0.0700525	-0.997543
		*TM_ROW2 1	8.31485e-006	-9.17912e-006
		*TM_ROW3 -0.10463	-112.879	138.88
		*TM_POS -0.10463	-112.879	138.88
		*TM_ROTAXIS 0.590382	-0.550372	0.590372
		*TM_ROTANGLE 2.13534
		*TM_SCALE 1	1	1
		*TM_SCALEAXIS 0	0	0
		*TM_SCALEAXISANG 0	0	0
	}
}
*HELPEROBJECT {
	*NODE_NAME "Bip01 Head"
	*NODE_PARENT "Bip01 Neck1"
	*NODE_TM {
		*NODE_NAME "Bip01 Head"
		*TM_ROW0 0.00873983	1.7932e-006	0.999962
		*TM_ROW1 -1.78479e-006	-1	1.7815e-006
		*TM_ROW2 0.999962	-1.80054e-006	-0.00873965
		*TM_ROW3 -0.10459	-141.302	140.876
		*TM_POS -0.10459	-141.302	140.876
		*TM_ROTAXIS 0.71019	2.95827e-009	0.70401
		*TM_ROTANGLE 3.1416
		*TM_SCALE 1	1	1
		*TM_SCALEAXIS 0	0	0
		*TM_SCALEAXISANG 0	0	0
	}
}
*HELPEROBJECT {
	*NODE_NAME "Bip01 Jaw"
	*NODE_PARENT "Bip01 Head"
	*NODE_TM {
		*NODE_NAME "Bip01 Jaw"
		*TM_ROW0 0.999962	5.52774e-008	-0.00872682
		*TM_ROW1 -0.000380738	0.999048	-0.0436205
		*TM_ROW2 0.00871851	0.0436222	0.99901
		*TM_ROW3 -0.11567	-122.897	127.621
		*TM_POS -0.11567	-122.897	127.621
		*TM_ROTAXIS 0.980579	-0.19608	-0.00427999
		*TM_ROTANGLE 0.0445015
		*TM_SCALE 1	1	1
		*TM_SCALEAXIS 0	0	0
		*TM_SCALEAXISANG 0	0	0
	}
}
*HELPEROBJECT {
	*NODE_NAME "Bip01 L Clavicle"
	*NODE_PARENT "Bip01 Neck"
	*NODE_TM {
		*NODE_NAME "Bip01 L Clavicle"
		*TM_ROW0 0.999822	-0.018715	0.00246013
		*TM_ROW1 3.68431e-006	0.130524	0.991445
		*TM_ROW2 -0.018876	-0.991268	0.130501
		*TM_ROW3 29.0202	-53.865	151.996
		*TM_POS 29.0202	-53.865	151.996
		*TM_ROTAXIS -0.999898	0.01076	0.00943998
		*TM_ROTANGLE 1.44
		*TM_SCALE 1	1	1
		*TM_SCALEAXIS 0	0	0
		*TM_SCALEAXISANG 0	0	0
	}
}
*HELPEROBJECT {
	*NODE_NAME "Bip01 L UpperArm"
	*NODE_PARENT "Bip01 L Clavicle"
	*NODE_TM {
		*NODE_NAME "Bip01 L UpperArm"
		*TM_ROW0 0.109588	0.0561348	-0.992391
		*TM_ROW1 0.00937204	0.998301	0.0575041
		*TM_ROW2 0.993933	-0.0156025	0.108876
		*TM_ROW3 49.7615	-54.2533	152.047
		*TM_POS 49.7615	-54.2533	152.047
		*TM_ROTAXIS -0.0367699	-0.999047	-0.0235199
		*TM_ROTANGLE 1.4622
		*TM_SCALE 1	1	1
		*TM_SCALEAXIS 0	0	0
		*TM_SCALEAXISANG 0	0	0
	}
}
*HELPEROBJECT {
	*NODE_NAME "Bip01 L Forearm"
	*NODE_PARENT "Bip01 L UpperArm"
	*NODE_TM {
		*NODE_NAME "Bip01 L Forearm"
		*TM_ROW0 0.101034	-0.261628	-0.959866
		*TM_ROW1 0.0434575	0.965043	-0.258465
		*TM_ROW2 0.993933	-0.0155997	0.108872
		*TM_ROW3 57.2928	-50.3951	83.8444
		*TM_POS 57.2928	-50.3951	83.8444
		*TM_ROTAXIS 0.1219	-0.980659	0.15313
		*TM_ROTANGLE 1.48321
		*TM_SCALE 1	1	1
		*TM_SCALEAXIS 0	0	0
		*TM_SCALEAXISANG 0	0	0
	}
}
*HELPEROBJECT {
	*NODE_NAME "Bip01 L Hand"
	*NODE_PARENT "Bip01 L Forearm"
	*NODE_TM {
		*NODE_NAME "Bip01 L Hand"
		*TM_ROW0 -0.0107088	-0.999678	-0.0230225
		*TM_ROW1 0.0110113	0.0229047	-0.999677
		*TM_ROW2 0.999882	-0.0109589	0.0107626
		*TM_ROW3 63.5006	-66.4704	24.8664
		*TM_POS 63.5006	-66.4704	24.8664
		*TM_ROTAXIS 0.566567	-0.586157	0.579157
		*TM_ROTANGLE 2.08119
		*TM_SCALE 1	1	1
		*TM_SCALEAXIS 0	0	0
		*TM_SCALEAXISANG 0	0	0
	}
}
*HELPEROBJECT {
	*NODE_NAME "Bip01 L Finger0"
	*NODE_PARENT "Bip01 L Hand"
	*NODE_TM {
		*NODE_NAME "Bip01 L Finger0"
		*TM_ROW0 -0.0107159	-0.999678	-0.0230249
		*TM_ROW1 0.0102225	0.0229155	-0.999685
		*TM_ROW2 0.99989	-0.0109479	0.00997363
		*TM_ROW3 62.9018	-122.354	23.5796
		*TM_POS 62.9018	-122.354	23.5796
		*TM_ROTAXIS 0.56672	-0.586311	0.578851
		*TM_ROTANGLE 2.08164
		*TM_SCALE 1	1	1
		*TM_SCALEAXIS 0	0	0
		*TM_SCALEAXISANG 0	0	0
	}
}
*HELPEROBJECT {
	*NODE_NAME "Bip01 R Clavicle"
	*NODE_PARENT "Bip01 Neck"
	*NODE_TM {
		*NODE_NAME "Bip01 R Clavicle"
		*TM_ROW0 -0.999955	-0.00935588	0.00123497
		*TM_ROW1 3.1353e-006	0.130535	0.991444
		*TM_ROW2 -0.00943704	0.991399	-0.130529
		*TM_ROW3 -29.2296	-53.8651	151.996
		*TM_POS -29.2296	-53.8651	151.996
		*TM_ROTAXIS -0.00311	0.751839	0.659339
		*TM_ROTANGLE 3.1345
		*TM_SCALE 1	1	1
		*TM_SCALEAXIS 0	0	0
		*TM_SCALEAXISANG 0	0	0
	}
}
*HELPEROBJECT {
	*NODE_NAME "Bip01 R UpperArm"
	*NODE_PARENT "Bip01 R Clavicle"
	*NODE_TM {
		*NODE_NAME "Bip01 R UpperArm"
		*TM_ROW0 -0.109601	0.0550877	-0.992448
		*TM_ROW1 -0.00949751	0.99836	0.0564647
		*TM_ROW2 0.99393	0.0156144	-0.108898
		*TM_ROW3 -49.9737	-54.0593	152.022
		*TM_POS -49.9737	-54.0593	152.022
		*TM_ROTAXIS -0.02055	-0.999261	-0.03249
		*TM_ROTANGLE 1.68109
		*TM_SCALE 1	1	1
		*TM_SCALEAXIS 0	0	0
		*TM_SCALEAXISANG 0	0	0
	}
}
*HELPEROBJECT {
	*NODE_NAME "Bip01 R Forearm"
	*NODE_PARENT "Bip01 R UpperArm"
	*NODE_TM {
		*NODE_NAME "Bip01 R Forearm"
		*TM_ROW0 -0.10097	-0.263608	-0.959331
		*TM_ROW1 -0.0436808	0.964504	-0.260432
		*TM_ROW2 0.99393	0.0156084	-0.108901
		*TM_ROW3 -57.5061	-50.2733	83.815
		*TM_POS -57.5061	-50.2733	83.815
		*TM_ROTAXIS 0.139071	-0.984064	0.1108
		*TM_ROTANGLE 1.69379
		*TM_SCALE 1	1	1
		*TM_SCALEAXIS 0	0	0
		*TM_SCALEAXISANG 0	0	0
	}
}
*HELPEROBJECT {
	*NODE_NAME "Bip01 R Hand"
	*NODE_PARENT "Bip01 R Forearm"
	*NODE_TM {
		*NODE_NAME "Bip01 R Hand"
		*TM_ROW0 0.0107161	-0.999677	-0.0230288
		*TM_ROW1 -0.0110219	0.0229108	-0.999677
		*TM_ROW2 0.999882	0.0109663	-0.0107727
		*TM_ROW3 -63.71	-66.4702	24.8698
		*TM_POS -63.71	-66.4702	24.8698
		*TM_ROTAXIS 0.57915	-0.58618	0.56655
		*TM_ROTANGLE 2.08125
		*TM_SCALE 1	1	1
		*TM_SCALEAXIS 0	0	0
		*TM_SCALEAXISANG 0	0	0
	}
}
*HELPEROBJECT {
	*NODE_NAME "Bip01 R Finger0"
	*NODE_PARENT "Bip01 R Hand"
	*NODE_TM {
		*NODE_NAME "Bip01 R Finger0"
		*TM_ROW0 0.0107118	-0.999678	-0.0230268
		*TM_ROW1 -0.0102216	0.0229177	-0.999685
		*TM_ROW2 0.99989	0.0109437	-0.00997266
		*TM_ROW3 -63.111	-122.354	23.5829
		*TM_POS -63.111	-122.354	23.5829
		*TM_ROTAXIS 0.578993	-0.586033	0.566863
		*TM_ROTANGLE 2.08079
		*TM_SCALE 1	1	1
		*TM_SCALEAXIS 0	0	0
		*TM_SCALEAXISANG 0	0	0
	}
}
*HELPEROBJECT {
	*NODE_NAME "Bip01 L Thigh"
	*NODE_PARENT "Bip01 Pelvis"
	*NODE_TM {
		*NODE_NAME "Bip01 L Thigh"
		*TM_ROW0 0.0750896	0.308725	-0.948183
		*TM_ROW1 -0.0292976	-0.949774	-0.311563
		*TM_ROW2 -0.996746	0.0511746	-0.0622734
		*TM_ROW3 26.3592	48.9102	109.914
		*TM_POS 26.3592	48.9102	109.914
		*TM_ROTAXIS 0.728107	0.0974796	-0.678497
		*TM_ROTANGLE 2.88985
		*TM_SCALE 1	1	1
		*TM_SCALEAXIS 0	0	0
		*TM_SCALEAXISANG 0	0	0
	}
}
*HELPEROBJECT {
	*NODE_NAME "Bip01 L Calf"
	*NODE_PARENT "Bip01 L Thigh"
	*NODE_TM {
		*NODE_NAME "Bip01 L Calf"
		*TM_ROW0 0.0705194	0.927877	-0.366156
		*TM_ROW1 0.0390407	-0.369356	-0.928468
		*TM_ROW2 -0.996746	0.0511799	-0.0622717
		*TM_ROW3 29.8641	63.3201	65.6559
		*TM_POS 29.8641	63.3201	65.6559
		*TM_ROTAXIS 0.668521	0.430321	-0.606551
		*TM_ROTANGLE 2.31932
		*TM_SCALE 1	1	1
		*TM_SCALEAXIS 0	0	0
		*TM_SCALEAXISANG 0	0	0
	}
}
*HELPEROBJECT {
	*NODE_NAME "Bip01 L HorseLink"
	*NODE_PARENT "Bip01 L Calf"
	*NODE_TM {
		*NODE_NAME "Bip01 L HorseLink"
		*TM_ROW0 0.0752791	0.314573	-0.946244
		*TM_ROW1 -0.0288308	-0.947853	-0.317402
		*TM_ROW2 -0.996746	0.0511747	-0.0622843
		*TM_ROW3 33.7412	114.336	45.524
		*TM_POS 33.7412	114.336	45.524
		*TM_ROTAXIS 0.728001	0.0997501	-0.678281
		*TM_ROTANGLE 2.88567
		*TM_SCALE 1	1	1
		*TM_SCALEAXIS 0	0	0
		*TM_SCALEAXISANG 0	0	0
	}
}
*HELPEROBJECT {
	*NODE_NAME "Bip01 L Foot"
	*NODE_PARENT "Bip01 L HorseLink"
	*NODE_TM {
		*NODE_NAME "Bip01 L Foot"
		*TM_ROW0 -4.00795e-008	-1.76444e-006	-1
		*TM_ROW1 1.79566e-006	-1	1.77716e-006
		*TM_ROW2 -1	-1.79158e-006	-5.89597e-008
		*TM_ROW3 35.7742	122.833	19.9652
		*TM_POS 35.7742	122.833	19.9652
		*TM_ROTAXIS 0.707107	1.10383e-008	-0.707107
		*TM_ROTANGLE 3.1416
		*TM_SCALE 1	1	1
		*TM_SCALEAXIS 0	0	0
		*TM_SCALEAXISANG 0	0	0
	}
}
*HELPEROBJECT {
	*NODE_NAME "Bip01 L Toe0"
	*NODE_PARENT "Bip01 L Foot"
	*NODE_TM {
		*NODE_NAME "Bip01 L Toe0"
		*TM_ROW0 3.10246e-006	-1	2.93495e-006
		*TM_ROW1 2.9309e-006	3.07124e-006	1
		*TM_ROW2 -1	-2.94936e-006	3.10009e-006
		*TM_ROW3 35.7743	80.9729	0.323418
		*TM_POS 35.7743	80.9729	0.323418
		*TM_ROTAXIS -0.57735	0.57735	0.57735
		*TM_ROTANGLE 2.09439
		*TM_SCALE 1	1	1
		*TM_SCALEAXIS 0	0	0
		*TM_SCALEAXISANG 0	0	0
	}
}
*HELPEROBJECT {
	*NODE_NAME "Bip01 R Thigh"
	*NODE_PARENT "Bip01 Pelvis"
	*NODE_TM {
		*NODE_NAME "Bip01 R Thigh"
		*TM_ROW0 -0.0750909	0.308716	-0.948185
		*TM_ROW1 0.0292983	-0.949776	-0.311555
		*TM_ROW2 -0.996746	-0.0511751	0.0622747
		*TM_ROW3 -26.5689	48.9102	109.914
		*TM_POS -26.5689	48.9102	109.914
		*TM_ROTAXIS 0.676299	0.12613	-0.725749
		*TM_ROTANGLE 2.94788
		*TM_SCALE 1	1	1
		*TM_SCALEAXIS 0	0	0
		*TM_SCALEAXISANG 0	0	0
	}
}
*HELPEROBJECT {
	*NODE_NAME "Bip01 R Calf"
	*NODE_PARENT "Bip01 R Thigh"
	*NODE_TM {
		*NODE_NAME "Bip01 R Calf"
		*TM_ROW0 -0.0705191	0.927877	-0.366157
		*TM_ROW1 -0.0390439	-0.369358	-0.928467
		*TM_ROW2 -0.996746	-0.0511785	0.0622747
		*TM_ROW3 -30.0738	63.32	65.6559
		*TM_POS -30.0738	63.32	65.6559
		*TM_ROTAXIS 0.605068	0.434918	-0.666888
		*TM_ROTANGLE 2.33063
		*TM_SCALE 1	1	1
		*TM_SCALEAXIS 0	0	0
		*TM_SCALEAXISANG 0	0	0
	}
}
*HELPEROBJECT {
	*NODE_NAME "Bip01 R HorseLink"
	*NODE_PARENT "Bip01 R Calf"
	*NODE_TM {
		*NODE_NAME "Bip01 R HorseLink"
		*TM_ROW0 -0.0752575	0.314581	-0.946243
		*TM_ROW1 0.028843	-0.94785	-0.317409
		*TM_ROW2 -0.996747	-0.0511799	0.0622596
		*TM_ROW3 -33.951	114.336	45.524
		*TM_POS -33.951	114.336	45.524
		*TM_ROTAXIS 0.67606	0.12825	-0.7256
		*TM_ROTANGLE 2.9434
		*TM_SCALE 1	1	1
		*TM_SCALEAXIS 0	0	0
		*TM_SCALEAXISANG 0	0	0
	}
}
*HELPEROBJECT {
	*NODE_NAME "Bip01 R Foot"
	*NODE_PARENT "Bip01 R HorseLink"
	*NODE_TM {
		*NODE_NAME "Bip01 R Foot"
		*TM_ROW0 -6.51281e-008	-1.86055e-006	-1
		*TM_ROW1 1.7953e-006	-1	1.76536e-006
		*TM_ROW2 -1	-1.78919e-006	-6.30578e-008
		*TM_ROW3 -35.9841	122.833	19.9652
		*TM_POS -35.9841	122.833	19.9652
		*TM_ROTAXIS 0.707107	8.42305e-009	-0.707107
		*TM_ROTANGLE 3.1416
		*TM_SCALE 1	1	1
		*TM_SCALEAXIS 0	0	0
		*TM_SCALEAXISANG 0	0	0
	}
}
*HELPEROBJECT {
	*NODE_NAME "Bip01 R Toe0"
	*NODE_PARENT "Bip01 R Foot"
	*NODE_TM {
		*NODE_NAME "Bip01 R Toe0"
		*TM_ROW0 3.1021e-006	-1	2.92315e-006
		*TM_ROW1 2.95595e-006	3.16735e-006	1
		*TM_ROW2 -1	-2.94697e-006	3.09599e-006
		*TM_ROW3 -35.9841	80.9728	0.323431
		*TM_POS -35.9841	80.9728	0.323431
		*TM_ROTAXIS -0.57735	0.57735	0.57735
		*TM_ROTANGLE 2.09439
		*TM_SCALE 1	1	1
		*TM_SCALEAXIS 0	0	0
		*TM_SCALEAXISANG 0	0	0
	}
}
*HELPEROBJECT {
	*NODE_NAME "Bip01 Tail"
	*NODE_PARENT "Bip01 Pelvis"
	*NODE_TM {
		*NODE_NAME "Bip01 Tail"
		*TM_ROW0 -3.1516e-005	0.828865	-0.559448
		*TM_ROW1 -2.07722e-005	0.559448	0.828865
		*TM_ROW2 1	3.77297e-005	-3.8743e-007
		*TM_ROW3 -0.10486	67.4683	134.386
		*TM_POS -0.10486	67.4683	134.386
		*TM_ROTAXIS -0.424851	-0.799361	-0.424881
		*TM_ROTANGLE 1.79291
		*TM_SCALE 1	1	1
		*TM_SCALEAXIS 0	0	0
		*TM_SCALEAXISANG 0	0	0
	}
}
*HELPEROBJECT {
	*NODE_NAME "Bip01 Tail1"
	*NODE_PARENT "Bip01 Tail"
	*NODE_TM {
		*NODE_NAME "Bip01 Tail1"
		*TM_ROW0 -3.16054e-005	0.792475	-0.609904
		*TM_ROW1 -2.10404e-005	0.609904	0.792475
		*TM_ROW2 1	3.78191e-005	-2.63751e-006
		*TM_ROW3 -0.10598	96.6777	114.637
		*TM_POS -0.10598	96.6777	114.637
		*TM_ROTAXIS -0.403979	-0.820718	-0.404009
		*TM_ROTANGLE 1.76712
		*TM_SCALE 1	1	1
		*TM_SCALEAXIS 0	0	0
		*TM_SCALEAXISANG 0	0	0
	}
}
*HELPEROBJECT {
	*NODE_NAME "Bip01 Tail2"
	*NODE_PARENT "Bip01 Tail1"
	*NODE_TM {
		*NODE_NAME "Bip01 Tail2"
		*TM_ROW0 -4.22597e-005	0.997381	-0.0723218
		*TM_ROW1 -1.01924e-005	0.0723218	0.997381
		*TM_ROW2 1	4.29153e-005	7.18236e-006
		*TM_ROW3 -0.10704	124.255	93.386
		*TM_POS -0.10704	124.255	93.386
		*TM_ROTAXIS -0.562889	-0.605209	-0.562919
		*TM_ROTANGLE 2.05314
		*TM_SCALE 1	1	1
		*TM_SCALEAXIS 0	0	0
		*TM_SCALEAXISANG 0	0	0
	}
}
*HELPEROBJECT {
	*NODE_NAME "Bip01 Tail3"
	*NODE_PARENT "Bip01 Tail2"
	*NODE_TM {
		*NODE_NAME "Bip01 Tail3"
		*TM_ROW0 -2.59876e-005	0.900413	0.435036
		*TM_ROW1 1.68085e-005	-0.435036	0.900413
		*TM_ROW2 1	3.08156e-005	-3.69549e-006
		*TM_ROW3 -0.10828	156.521	91.0293
		*TM_POS -0.10828	156.521	91.0293
		*TM_ROTAXIS -0.646339	-0.405559	-0.646349
		*TM_ROTANGLE 2.37105
		*TM_SCALE 1	1	1
		*TM_SCALEAXIS 0	0	0
		*TM_SCALEAXISANG 0	0	0
	}
}
*HELPEROBJECT {
	*NODE_NAME "Dummy"
	*NODE_PARENT "Bip01 Jaw"
	*NODE_TM {
		*NODE_NAME "Dummy"
		*TM_ROW0 -1	-0	0
		*TM_ROW1 -0	-1	0
		*TM_ROW2 -0	-0	1
		*TM_ROW3 -0.12121	-113.695	120.994
		*TM_POS -0.12121	-113.695	120.994
		*TM_ROTAXIS 0	0	-1
		*TM_ROTANGLE 3.14159
		*TM_SCALE 1	1	1
		*TM_SCALEAXIS 0	0	0
		*TM_SCALEAXISANG 0	0	0
	}
}
*HELPEROBJECT {
	*NODE_NAME "Dummy1"
	*NODE_PARENT "Bip01 L Finger0"
	*NODE_TM {
		*NODE_NAME "Dummy1"
		*TM_ROW0 -1	-0	0
		*TM_ROW1 -0	-1	0
		*TM_ROW2 -0	-0	1
		*TM_ROW3 62.6024	-150.296	22.9362
		*TM_POS 62.6024	-150.296	22.9362
		*TM_ROTAXIS 0	0	-1
		*TM_ROTANGLE 3.14159
		*TM_SCALE 1	1	1
		*TM_SCALEAXIS 0	0	0
		*TM_SCALEAXISANG 0	0	0
	}
}
*HELPEROBJECT {
	*NODE_NAME "Dummy2"
	*NODE_PARENT "Bip01 R Finger0"
	*NODE_TM {
		*NODE_NAME "Dummy2"
		*TM_ROW0 -1	-0	0
		*TM_ROW1 -0	-1	0
		*TM_ROW2 -0	-0	1
		*TM_ROW3 -62.8115	-150.295	22.9395
		*TM_POS -62.8115	-150.295	22.9395
		*TM_ROTAXIS 0	0	-1
		*TM_ROTANGLE 3.14159
		*TM_SCALE 1	1	1
		*TM_SCALEAXIS 0	0	0
		*TM_SCALEAXISANG 0	0	0
	}
}
*HELPEROBJECT {
	*NODE_NAME "Dummy3"
	*NODE_PARENT "Bip01 L Toe0"
	*NODE_TM {
		*NODE_NAME "Dummy3"
		*TM_ROW0 -1	-0	0
		*TM_ROW1 -0	-1	0
		*TM_ROW2 -0	-0	1
		*TM_ROW3 35.7743	60.0427	-9.49748
		*TM_POS 35.7743	60.0427	-9.49748
		*TM_ROTAXIS 0	0	-1
		*TM_ROTANGLE 3.14159
		*TM_SCALE 1	1	1
		*TM_SCALEAXIS 0	0	0
		*TM_SCALEAXISANG 0	0	0
	}
}
*HELPEROBJECT {
	*NODE_NAME "Dummy4"
	*NODE_PARENT "Bip01 R Toe0"
	*NODE_TM {
		*NODE_NAME "Dummy4"
		*TM_ROW0 -1	-0	0
		*TM_ROW1 -0	-1	0
		*TM_ROW2 -0	-0	1
		*TM_ROW3 -35.9841	60.0426	-9.49747
		*TM_POS -35.9841	60.0426	-9.49747
		*TM_ROTAXIS 0	0	-1
		*TM_ROTANGLE 3.14159
		*TM_SCALE 1	1	1
		*TM_SCALEAXIS 0	0	0
		*TM_SCALEAXISANG 0	0	0
	}
}
*HELPEROBJECT {
	*NODE_NAME "Dummy5"
	*NODE_PARENT "Bip01 Tail3"
	*NODE_TM {
		*NODE_NAME "Dummy5"
		*TM_ROW0 -1	-0	0
		*TM_ROW1 -0	-1	0
		*TM_ROW2 -0	-0	1
		*TM_ROW3 -0.1089	172.654	89.851
		*TM_POS -0.1089	172.654	89.851
		*TM_ROTAXIS 0	0	-1
		*TM_ROTANGLE 3.14159
		*TM_SCALE 1	1	1
		*TM_SCALEAXIS 0	0	0
		*TM_SCALEAXISANG 0	0	0
	}
}
*GEOMOBJECT {
	*NODE_NAME "zm_Skin"
	*NODE_PARENT "Bip01"
	*NODE_TM {
		*NODE_NAME "zm_Skin"
		*TM_ROW0 -1	-0	0
		*TM_ROW1 -0	-1	0
		*TM_ROW2 -0	-0	1
		*TM_ROW3 -0	-0	0
		*TM_POS -0	-0	0
		*TM_ROTAXIS 0	0	-1
		*TM_ROTANGLE 3.14159
		*TM_SCALE 1	1	1
		*TM_SCALEAXIS 0	0	0
		*TM_SCALEAXISANG 0	0	0
	}
	*MATERIAL_REF 0
	*MESH_SOFTSKIN {
		*TIMEVALUE 0
		*MESH_NUMVERTEX 326
		*MESH_NUMFACES 658
		*MESH_VERTEX_LIST {
			*MESH_VERTEX 0	75.3517	-63.5662	91.1728
			*MESH_VERTEX 1	31.6562	46.3363	50.7751
			*MESH_VERTEX 2	-37.2902	-58.6083	89.6791
			*MESH_VERTEX 3	-0.279329	-167.105	122.944
			*MESH_VERTEX 4	-47.3027	56.2685	94.9145
			*MESH_VERTEX 5	88.7908	-75.6777	-1.17099
			*MESH_VERTEX 6	49.5335	-138.881	0.0623151
			*MESH_VERTEX 7	-88.6911	-78.9273	-1.22765
			*MESH_VERTEX 8	-48.1227	-138.544	-0.00194587
			*MESH_VERTEX 9	26.9029	19.8429	112.661
			*MESH_VERTEX 10	-49.6473	-28.5819	143.129
			*MESH_VERTEX 11	-34.4099	-90.2005	132.331
			*MESH_VERTEX 12	-33.3871	90.3151	40.2142
			*MESH_VERTEX 13	-10.0696	70.496	126.88
			*MESH_VERTEX 14	0.560505	-146.93	173.979
			*MESH_VERTEX 15	0.999469	-179.729	198.943
			*MESH_VERTEX 16	6.99738	157.427	86.6443
			*MESH_VERTEX 17	7.33036	122.547	88.6516
			*MESH_VERTEX 18	-41.7916	-60.6112	121.043
			*MESH_VERTEX 19	-1.58906	-29.5978	205.972
			*MESH_VERTEX 20	57.669	137.25	1.53884
			*MESH_VERTEX 21	40.2217	72.7186	1.12825
			*MESH_VERTEX 22	16.6973	82.9347	0.213899
			*MESH_VERTEX 23	0.110953	177.391	96.1106
			*MESH_VERTEX 24	-63.5271	-44.659	155.658
			*MESH_VERTEX 25	-45.8663	-62.8944	-0.42592
			*MESH_VERTEX 26	42.9674	-111.027	168.048
			*MESH_VERTEX 27	41.7935	-60.8156	121.063
			*MESH_VERTEX 28	-23.5058	-34.8099	74.1763
			*MESH_VERTEX 29	23.5	-34.9441	74.2032
			*MESH_VERTEX 30	-27.2405	72.5985	0.963678
			*MESH_VERTEX 31	-16.6972	82.9348	0.213864
			*MESH_VERTEX 32	1.19491	34.3485	162.462
			*MESH_VERTEX 33	47.3024	56.2708	94.9153
			*MESH_VERTEX 34	34.4056	151.089	5.78977
			*MESH_VERTEX 35	45.3887	91.5752	0.713565
			*MESH_VERTEX 36	33.2698	90.3223	40.2113
			*MESH_VERTEX 37	8.43366	45.5584	96.6272
			*MESH_VERTEX 38	-27.8109	19.7985	112.572
			*MESH_VERTEX 39	-24.9917	33.4795	153.375
			*MESH_VERTEX 40	-84.924	-66.0697	56.8221
			*MESH_VERTEX 41	-1.00504	-170.274	77.1902
			*MESH_VERTEX 42	0.270106	-98.9723	96.5356
			*MESH_VERTEX 43	27.3528	72.5654	0.97198
			*MESH_VERTEX 44	-40.0737	72.6393	1.142
			*MESH_VERTEX 45	-20.7646	-141.13	131.882
			*MESH_VERTEX 46	20.5784	-141.123	131.197
			*MESH_VERTEX 47	-10.6427	-164.139	128.834
			*MESH_VERTEX 48	49.6416	-28.746	143.149
			*MESH_VERTEX 49	-34.8738	151.095	5.78858
			*MESH_VERTEX 50	-42.1152	-110.855	168.71
			*MESH_VERTEX 51	-22.6261	-106.019	163.373
			*MESH_VERTEX 52	-29.1621	79.7404	78.5071
			*MESH_VERTEX 53	37.2883	-58.7742	89.6907
			*MESH_VERTEX 54	53.7058	87.0173	-0.0730192
			*MESH_VERTEX 55	-15.3247	-156.091	130.451
			*MESH_VERTEX 56	22.8139	-106.003	163.144
			*MESH_VERTEX 57	34.4187	-90.329	132.348
			*MESH_VERTEX 58	10.27	-164.139	128.441
			*MESH_VERTEX 59	15.0018	-156.091	129.881
			*MESH_VERTEX 60	-15.106	-163.007	136.795
			*MESH_VERTEX 61	14.9613	-163.007	136.23
			*MESH_VERTEX 62	-0.204634	-169.564	127.518
			*MESH_VERTEX 63	-0.342699	-168.273	118.467
			*MESH_VERTEX 64	61.181	-36.1462	33.2129
			*MESH_VERTEX 65	23.7708	101.809	21.709
			*MESH_VERTEX 66	-8.14979	-163.69	123.755
			*MESH_VERTEX 67	7.61279	-163.69	123.459
			*MESH_VERTEX 68	-0.165669	-170.579	129.918
			*MESH_VERTEX 69	-11.9344	-151.428	128.413
			*MESH_VERTEX 70	-11.119	-164.232	130.641
			*MESH_VERTEX 71	11.6296	-151.428	127.906
			*MESH_VERTEX 72	10.8045	-164.232	130.228
			*MESH_VERTEX 73	-57.6833	137.25	1.53914
			*MESH_VERTEX 74	-66.6462	-135.96	-0.185486
			*MESH_VERTEX 75	-59.1271	-116.184	0.432384
			*MESH_VERTEX 76	-60.7858	-113.81	26.1335
			*MESH_VERTEX 77	-31.6564	46.3357	50.7752
			*MESH_VERTEX 78	-42.103	-109.215	22.5348
			*MESH_VERTEX 79	-82.7619	-109.221	22.548
			*MESH_VERTEX 80	69.1277	-136.856	-0.189059
			*MESH_VERTEX 81	82.7389	-109.22	22.5387
			*MESH_VERTEX 82	42.1286	-109.214	22.5259
			*MESH_VERTEX 83	61.1564	-113.809	26.1233
			*MESH_VERTEX 84	59.0361	-115.456	0.457665
			*MESH_VERTEX 85	45.9667	-62.8871	-0.403433
			*MESH_VERTEX 86	-23.7705	101.809	21.7091
			*MESH_VERTEX 87	-44.6994	100.129	22.5977
			*MESH_VERTEX 88	2.58126	70.7257	141.504
			*MESH_VERTEX 89	0.00930756	68.7446	114.93
			*MESH_VERTEX 90	63.524	-44.8468	155.679
			*MESH_VERTEX 91	0.0416517	-0.866591	101.605
			*MESH_VERTEX 92	29.3824	11.0017	143.047
			*MESH_VERTEX 93	11.6071	-31.6499	179.784
			*MESH_VERTEX 94	34.9448	-24.76	177.214
			*MESH_VERTEX 95	-30.0903	11.0008	143.046
			*MESH_VERTEX 96	12.2642	-160.152	123.323
			*MESH_VERTEX 97	-12.8024	-160.152	123.794
			*MESH_VERTEX 98	-27.5188	-26.8318	180.107
			*MESH_VERTEX 99	-22.8908	-62.8247	173.084
			*MESH_VERTEX 100	29.1571	79.7405	78.5069
			*MESH_VERTEX 101	12.8227	68.3397	69.5639
			*MESH_VERTEX 102	15.1216	136.943	1.48564
			*MESH_VERTEX 103	-15.1367	136.943	1.48596
			*MESH_VERTEX 104	-61.7043	-76.9125	57.2405
			*MESH_VERTEX 105	-43.0206	-66.5744	57.1233
			*MESH_VERTEX 106	61.6891	-76.6235	57.5949
			*MESH_VERTEX 107	43.0207	-66.717	57.1126
			*MESH_VERTEX 108	20.6123	33.4793	153.375
			*MESH_VERTEX 109	-12.8253	68.3404	69.5648
			*MESH_VERTEX 110	-8.43387	45.5573	96.6267
			*MESH_VERTEX 111	-18.127	61.6962	152.442
			*MESH_VERTEX 112	59.095	-79.205	140.731
			*MESH_VERTEX 113	11.3215	-159.875	122.534
			*MESH_VERTEX 114	-11.8863	-159.875	122.97
			*MESH_VERTEX 115	39.5135	-127.037	-1.033
			*MESH_VERTEX 116	46.2993	-118.359	-0.331759
			*MESH_VERTEX 117	-78.0693	-51.1969	116.886
			*MESH_VERTEX 118	-59.0889	-78.9915	140.704
			*MESH_VERTEX 119	-8.41445	130.537	20.8882
			*MESH_VERTEX 120	8.41276	130.529	20.8909
			*MESH_VERTEX 121	-37.639	-127.036	-1.05907
			*MESH_VERTEX 122	-46.0197	-120.832	-0.409041
			*MESH_VERTEX 123	-53.7058	87.0173	-0.0731324
			*MESH_VERTEX 124	-45.5318	91.0559	0.699711
			*MESH_VERTEX 125	44.6992	100.129	22.5977
			*MESH_VERTEX 126	18.1198	61.6949	152.441
			*MESH_VERTEX 127	-8.63808	93.0441	110.376
			*MESH_VERTEX 128	10.0988	70.459	125.818
			*MESH_VERTEX 129	8.60152	93.0453	110.377
			*MESH_VERTEX 130	30.2322	-121.373	150.825
			*MESH_VERTEX 131	38.7912	78.1098	105.669
			*MESH_VERTEX 132	-36.8596	-117.68	135.022
			*MESH_VERTEX 133	44.9817	-10.4335	150.036
			*MESH_VERTEX 134	44.1659	100.248	56.5717
			*MESH_VERTEX 135	-7.37294	122.543	88.6511
			*MESH_VERTEX 136	35.3919	86.8169	1.64922
			*MESH_VERTEX 137	32.9328	91.8749	19.1243
			*MESH_VERTEX 138	-29.9486	-121.373	151.832
			*MESH_VERTEX 139	-44.1658	100.248	56.5716
			*MESH_VERTEX 140	-56.9661	-51.7823	15.9582
			*MESH_VERTEX 141	-76.8835	-62.8426	-0.386689
			*MESH_VERTEX 142	36.8602	-117.692	133.576
			*MESH_VERTEX 143	24.0742	-117.948	125.979
			*MESH_VERTEX 144	-38.8889	78.102	105.672
			*MESH_VERTEX 145	-24.4187	-117.934	126.535
			*MESH_VERTEX 146	-34.4186	84.1791	1.64091
			*MESH_VERTEX 147	-33.778	91.8836	19.1247
			*MESH_VERTEX 148	-0.00225764	-36.851	64.7841
			*MESH_VERTEX 149	33.5373	139.292	43.2711
			*MESH_VERTEX 150	-33.5373	139.292	43.2714
			*MESH_VERTEX 151	-15.645	102.106	56.718
			*MESH_VERTEX 152	15.645	102.106	56.7181
			*MESH_VERTEX 153	84.9239	-66.1898	56.8139
			*MESH_VERTEX 154	0.112873	-3.27752	174.202
			*MESH_VERTEX 155	-36.1508	-71.0475	22.1143
			*MESH_VERTEX 156	-74.9571	-123.243	-1.0066
			*MESH_VERTEX 157	-71.8926	-115.164	-0.55755
			*MESH_VERTEX 158	25.0728	6.75261	119.927
			*MESH_VERTEX 159	-42.9965	-57.004	167.787
			*MESH_VERTEX 160	-22.3768	6.75287	119.927
			*MESH_VERTEX 161	57.6231	-28.1437	87.1286
			*MESH_VERTEX 162	40.9999	-34.7137	109.164
			*MESH_VERTEX 163	-57.6373	-27.8889	87.0075
			*MESH_VERTEX 164	-41.0041	-34.5816	109.124
			*MESH_VERTEX 165	-10.4806	-148.409	166.262
			*MESH_VERTEX 166	-73.666	-92.0993	33.0702
			*MESH_VERTEX 167	76.7559	-62.8346	-0.364615
			*MESH_VERTEX 168	73.6569	-92.099	33.0358
			*MESH_VERTEX 169	21.5986	-97.6308	117.694
			*MESH_VERTEX 170	42.9177	-57.2082	167.81
			*MESH_VERTEX 171	11.2632	-148.409	165.871
			*MESH_VERTEX 172	37.3581	45.9634	139.849
			*MESH_VERTEX 173	82.775	-70.4123	21.4492
			*MESH_VERTEX 174	56.8795	-51.7731	15.9843
			*MESH_VERTEX 175	36.1802	-71.0471	22.1015
			*MESH_VERTEX 176	-82.7989	-70.4146	21.4566
			*MESH_VERTEX 177	-61.1924	-36.115	33.11
			*MESH_VERTEX 178	-59.9394	-76.4639	80.8489
			*MESH_VERTEX 179	-61.9343	-83.8335	105.135
			*MESH_VERTEX 180	-3.02896	-75.8891	200.825
			*MESH_VERTEX 181	-45.6041	-11.5502	150.227
			*MESH_VERTEX 182	-19.8754	-28.7797	175.816
			*MESH_VERTEX 183	30.4153	-128.616	168.074
			*MESH_VERTEX 184	-0.0635694	-177.018	136.377
			*MESH_VERTEX 185	0.25587	-163.202	158.562
			*MESH_VERTEX 186	-7.14231	-167.185	176.104
			*MESH_VERTEX 187	8.27337	-167.185	175.839
			*MESH_VERTEX 188	30.653	-83.3159	102.512
			*MESH_VERTEX 189	17.3111	-153.606	151.862
			*MESH_VERTEX 190	29.5565	-143.347	160.311
			*MESH_VERTEX 191	25.1052	-150.05	164.174
			*MESH_VERTEX 192	-28.0773	-98.9541	144.941
			*MESH_VERTEX 193	-21.5959	-97.6351	117.692
			*MESH_VERTEX 194	-30.6537	-83.2314	102.511
			*MESH_VERTEX 195	-16.961	-153.606	152.451
			*MESH_VERTEX 196	-29.4993	-128.616	169.031
			*MESH_VERTEX 197	-28.9163	-143.347	161.211
			*MESH_VERTEX 198	-24.32	-150.05	164.995
			*MESH_VERTEX 199	-0.671712	-149.448	88.7598
			*MESH_VERTEX 200	12.0672	-155.838	84.4362
			*MESH_VERTEX 201	18.4777	-140.214	112.63
			*MESH_VERTEX 202	18.6152	-127.795	117.985
			*MESH_VERTEX 203	29.9641	-131.276	107.889
			*MESH_VERTEX 204	-20.2325	-139.084	113.08
			*MESH_VERTEX 205	-13.7395	-155.839	84.8432
			*MESH_VERTEX 206	-19.2639	-127.779	118.473
			*MESH_VERTEX 207	-30.627	-131.26	108.531
			*MESH_VERTEX 208	0.788259	125.139	97.378
			*MESH_VERTEX 209	1.04272	164.477	102.116
			*MESH_VERTEX 210	8.16094	168.41	94.4058
			*MESH_VERTEX 211	-46.6947	67.5119	69.6325
			*MESH_VERTEX 212	46.6824	67.5353	69.6585
			*MESH_VERTEX 213	75.7014	-123.321	-1.04263
			*MESH_VERTEX 214	71.4656	-118.49	-0.623302
			*MESH_VERTEX 215	-2.55483	99.1877	122.196
			*MESH_VERTEX 216	61.8482	-84.9927	105.535
			*MESH_VERTEX 217	59.9413	-76.6966	80.8214
			*MESH_VERTEX 218	-34.8578	-74.2175	104.395
			*MESH_VERTEX 219	-5.26649	67.8418	113.288
			*MESH_VERTEX 220	5.26684	67.8414	113.288
			*MESH_VERTEX 221	36.0805	-84.2674	151.857
			*MESH_VERTEX 222	2.10109	-6.6761	188.691
			*MESH_VERTEX 223	0.154012	-21.5893	189.642
			*MESH_VERTEX 224	-37.6925	45.9638	139.849
			*MESH_VERTEX 225	34.8633	-74.3602	104.389
			*MESH_VERTEX 226	0.013793	-82.9067	77.1832
			*MESH_VERTEX 227	29.5517	108.123	72.497
			*MESH_VERTEX 228	-29.5659	108.122	72.4972
			*MESH_VERTEX 229	46.2037	95.0748	14.9195
			*MESH_VERTEX 230	-75.355	-63.3027	91.1569
			*MESH_VERTEX 231	28.0104	-98.9686	144.947
			*MESH_VERTEX 232	78.0008	-53.2477	116.813
			*MESH_VERTEX 233	-37.161	-6.05209	149.583
			*MESH_VERTEX 234	-11.7074	-127.58	172.119
			*MESH_VERTEX 235	22.8902	-62.825	173.084
			*MESH_VERTEX 236	-11.6076	-31.6503	179.784
			*MESH_VERTEX 237	-46.2042	95.0748	14.9195
			*MESH_VERTEX 238	58.7219	130.34	20.3903
			*MESH_VERTEX 239	-58.7242	130.338	20.3907
			*MESH_VERTEX 240	-28.7627	75.0999	136.544
			*MESH_VERTEX 241	-59.749	119.623	0.344088
			*MESH_VERTEX 242	-49.347	-92.0215	33.1436
			*MESH_VERTEX 243	-14.4567	-166.414	146.363
			*MESH_VERTEX 244	28.763	75.0996	136.544
			*MESH_VERTEX 245	49.3646	-92.0227	33.1094
			*MESH_VERTEX 246	-24.4858	-90.6461	165.868
			*MESH_VERTEX 247	14.774	-165.845	146.367
			*MESH_VERTEX 248	0.0562581	-69.2326	196.742
			*MESH_VERTEX 249	59.8877	122.115	0.397448
			*MESH_VERTEX 250	-36.2742	-84.1534	151.836
			*MESH_VERTEX 251	1.17481	-52.3054	206.389
			*MESH_VERTEX 252	35.8197	-2.90902	149.09
			*MESH_VERTEX 253	-1.16845	-95.9173	195.946
			*MESH_VERTEX 254	0.616757	-130.166	174.849
			*MESH_VERTEX 255	-34.8051	-24.7123	177.276
			*MESH_VERTEX 256	24.397	-90.6701	165.868
			*MESH_VERTEX 257	-22.4475	86.9697	0.658946
			*MESH_VERTEX 258	-21.1533	94.8495	14.9432
			*MESH_VERTEX 259	17.3335	-29.5152	175.953
			*MESH_VERTEX 260	27.9938	-26.6676	179.934
			*MESH_VERTEX 261	12.7325	-127.58	171.689
			*MESH_VERTEX 262	22.1949	86.2081	0.638429
			*MESH_VERTEX 263	21.1531	94.8494	14.9432
			*MESH_VERTEX 264	-8.46942	167.764	93.0779
			*MESH_VERTEX 265	-6.93117	157.426	86.6435
			*MESH_VERTEX 266	7.49543	-172.66	136.235
			*MESH_VERTEX 267	-16.0953	-94.8868	176.158
			*MESH_VERTEX 268	-1.36877	-93.3439	191.451
			*MESH_VERTEX 269	-0.495882	-172.054	111.511
			*MESH_VERTEX 270	0.140733	-48.2464	201.612
			*MESH_VERTEX 271	-0.00013467	43.8596	94.396
			*MESH_VERTEX 272	-7.62877	-172.66	136.537
			*MESH_VERTEX 273	-36.244	-121.802	124.795
			*MESH_VERTEX 274	0.780386	-107.65	186.392
			*MESH_VERTEX 275	-29.1803	30.3678	76.8709
			*MESH_VERTEX 276	35.866	-121.824	123.973
			*MESH_VERTEX 277	29.6573	30.369	76.8709
			*MESH_VERTEX 278	33.9805	-31.6589	93.9732
			*MESH_VERTEX 279	23.3416	-142.055	157.242
			*MESH_VERTEX 280	-22.7821	-142.231	158.24
			*MESH_VERTEX 281	-33.9875	-31.5152	93.9172
			*MESH_VERTEX 282	15.8123	13.9757	152.898
			*MESH_VERTEX 283	-15.8124	13.9758	152.897
			*MESH_VERTEX 284	43.6329	78.9548	62.5995
			*MESH_VERTEX 285	-43.6329	78.9547	62.5995
			*MESH_VERTEX 286	17.025	80.6925	63.1666
			*MESH_VERTEX 287	0.723	155.217	95.0442
			*MESH_VERTEX 288	-17.025	80.6924	63.1666
			*MESH_VERTEX 289	16.0957	-94.8665	176.164
			*MESH_VERTEX 290	0.206861	16.0985	172.771
			*MESH_VERTEX 291	-0.536835	-130.471	96.508
			*MESH_VERTEX 292	-11.193	-107.23	178.575
			*MESH_VERTEX 293	-80.3464	-116.152	-1.28693
			*MESH_VERTEX 294	-0.494547	-21.5205	194.282
			*MESH_VERTEX 295	-0.942032	-27.5146	199.259
			*MESH_VERTEX 296	-30.4099	113.924	61.6858
			*MESH_VERTEX 297	-53.6	114.852	41.8308
			*MESH_VERTEX 298	30.4079	113.924	61.6857
			*MESH_VERTEX 299	53.5998	114.851	41.8299
			*MESH_VERTEX 300	0.539185	-174.288	174.786
			*MESH_VERTEX 301	2.53293	19.1718	109.006
			*MESH_VERTEX 302	0.0621094	-174.331	145.603
			*MESH_VERTEX 303	11.5398	-107.221	178.412
			*MESH_VERTEX 304	0.691546	-161.643	182.488
			*MESH_VERTEX 305	80.3185	-116.154	-1.26112
			*MESH_VERTEX 306	-0.774267	-167.727	89.426
			*MESH_VERTEX 307	34.4572	148.757	21.1038
			*MESH_VERTEX 308	-16.0044	-149.374	166.969
			*MESH_VERTEX 309	-34.4627	148.758	21.1038
			*MESH_VERTEX 310	13.3971	117.044	43.3357
			*MESH_VERTEX 311	-13.397	117.044	43.3355
			*MESH_VERTEX 312	16.4622	-149.33	166.39
			*MESH_VERTEX 313	58.5798	-30.8919	72.9541
			*MESH_VERTEX 314	32.7402	65.8298	48.6695
			*MESH_VERTEX 315	-58.4969	-30.3975	74.3202
			*MESH_VERTEX 316	-32.7404	65.8284	48.6686
			*MESH_VERTEX 317	2.4959	60.0644	151.561
			*MESH_VERTEX 318	-0.242827	-136.761	131.776
			*MESH_VERTEX 319	0.877607	-6.5216	179.3
			*MESH_VERTEX 320	26.5337	-135.215	150.898
			*MESH_VERTEX 321	-26.1953	-135.215	151.863
			*MESH_VERTEX 322	-53.0354	-26.3862	118.494
			*MESH_VERTEX 323	18.3379	-150.173	142.529
			*MESH_VERTEX 324	-18.5818	-149.58	143.605
			*MESH_VERTEX 325	53.128	-27.9265	117.698
		}
		*MESH_FACE_LIST {
			*MESH_FACE    0:    A:    170 B:    235 C:    256 AB:    1 BC:    1 CA:    1	 *MESH_SMOOTHING 1 	*MESH_MTLID 0
			*MESH_FACE    1:    A:    291 B:    42 C:    143 AB:    1 BC:    1 CA:    1	 *MESH_SMOOTHING 1 	*MESH_MTLID 0
			*MESH_FACE    2:    A:    42 B:    291 C:    145 AB:    1 BC:    1 CA:    1	 *MESH_SMOOTHING 1 	*MESH_MTLID 0
			*MESH_FACE    3:    A:    99 B:    159 C:    246 AB:    1 BC:    1 CA:    1	 *MESH_SMOOTHING 1 	*MESH_MTLID 0
			*MESH_FACE    4:    A:    48 B:    278 C:    133 AB:    1 BC:    1 CA:    1	 *MESH_SMOOTHING 1 	*MESH_MTLID 0
			*MESH_FACE    5:    A:    48 B:    133 C:    94 AB:    1 BC:    1 CA:    1	 *MESH_SMOOTHING 1 	*MESH_MTLID 0
			*MESH_FACE    6:    A:    175 B:    245 C:    107 AB:    1 BC:    1 CA:    1	 *MESH_SMOOTHING 1 	*MESH_MTLID 0
			*MESH_FACE    7:    A:    168 B:    173 C:    153 AB:    1 BC:    1 CA:    1	 *MESH_SMOOTHING 1 	*MESH_MTLID 0
			*MESH_FACE    8:    A:    242 B:    155 C:    105 AB:    1 BC:    1 CA:    1	 *MESH_SMOOTHING 1 	*MESH_MTLID 0
			*MESH_FACE    9:    A:    104 B:    40 C:    166 AB:    1 BC:    1 CA:    1	 *MESH_SMOOTHING 1 	*MESH_MTLID 0
			*MESH_FACE    10:    A:    172 B:    9 C:    277 AB:    1 BC:    1 CA:    1	 *MESH_SMOOTHING 1 	*MESH_MTLID 0
			*MESH_FACE    11:    A:    277 B:    9 C:    37 AB:    1 BC:    1 CA:    1	 *MESH_SMOOTHING 1 	*MESH_MTLID 0
			*MESH_FACE    12:    A:    281 B:    18 C:    10 AB:    1 BC:    1 CA:    1	 *MESH_SMOOTHING 1 	*MESH_MTLID 0
			*MESH_FACE    13:    A:    105 B:    177 C:    315 AB:    1 BC:    1 CA:    1	 *MESH_SMOOTHING 1 	*MESH_MTLID 0
			*MESH_FACE    14:    A:    178 B:    230 C:    40 AB:    1 BC:    1 CA:    1	 *MESH_SMOOTHING 1 	*MESH_MTLID 0
			*MESH_FACE    15:    A:    246 B:    159 C:    250 AB:    1 BC:    1 CA:    1	 *MESH_SMOOTHING 1 	*MESH_MTLID 0
			*MESH_FACE    16:    A:    194 B:    18 C:    281 AB:    1 BC:    1 CA:    1	 *MESH_SMOOTHING 1 	*MESH_MTLID 0
			*MESH_FACE    17:    A:    117 B:    179 C:    118 AB:    1 BC:    1 CA:    1	 *MESH_SMOOTHING 1 	*MESH_MTLID 0
			*MESH_FACE    18:    A:    285 B:    228 C:    139 AB:    1 BC:    1 CA:    1	 *MESH_SMOOTHING 1 	*MESH_MTLID 0
			*MESH_FACE    19:    A:    38 B:    275 C:    110 AB:    1 BC:    1 CA:    1	 *MESH_SMOOTHING 1 	*MESH_MTLID 0
			*MESH_FACE    20:    A:    301 B:    38 C:    271 AB:    1 BC:    1 CA:    1	 *MESH_SMOOTHING 1 	*MESH_MTLID 0
			*MESH_FACE    21:    A:    283 B:    233 C:    182 AB:    1 BC:    1 CA:    1	 *MESH_SMOOTHING 1 	*MESH_MTLID 0
			*MESH_FACE    22:    A:    138 B:    132 C:    321 AB:    1 BC:    1 CA:    1	 *MESH_SMOOTHING 1 	*MESH_MTLID 0
			*MESH_FACE    23:    A:    142 B:    130 C:    320 AB:    1 BC:    1 CA:    1	 *MESH_SMOOTHING 1 	*MESH_MTLID 0
			*MESH_FACE    24:    A:    186 B:    300 C:    15 AB:    1 BC:    1 CA:    1	 *MESH_SMOOTHING 1 	*MESH_MTLID 0
			*MESH_FACE    25:    A:    300 B:    187 C:    15 AB:    1 BC:    1 CA:    1	 *MESH_SMOOTHING 1 	*MESH_MTLID 0
			*MESH_FACE    26:    A:    17 B:    208 C:    215 AB:    1 BC:    1 CA:    1	 *MESH_SMOOTHING 1 	*MESH_MTLID 0
			*MESH_FACE    27:    A:    265 B:    17 C:    135 AB:    1 BC:    1 CA:    1	 *MESH_SMOOTHING 1 	*MESH_MTLID 0
			*MESH_FACE    28:    A:    218 B:    2 C:    18 AB:    1 BC:    1 CA:    1	 *MESH_SMOOTHING 1 	*MESH_MTLID 0
			*MESH_FACE    29:    A:    18 B:    164 C:    10 AB:    1 BC:    1 CA:    1	 *MESH_SMOOTHING 1 	*MESH_MTLID 0
			*MESH_FACE    30:    A:    244 B:    172 C:    33 AB:    1 BC:    1 CA:    1	 *MESH_SMOOTHING 1 	*MESH_MTLID 0
			*MESH_FACE    31:    A:    111 B:    39 C:    32 AB:    1 BC:    1 CA:    1	 *MESH_SMOOTHING 1 	*MESH_MTLID 0
			*MESH_FACE    32:    A:    152 B:    36 C:    286 AB:    1 BC:    1 CA:    1	 *MESH_SMOOTHING 1 	*MESH_MTLID 0
			*MESH_FACE    33:    A:    33 B:    172 C:    277 AB:    1 BC:    1 CA:    1	 *MESH_SMOOTHING 1 	*MESH_MTLID 0
			*MESH_FACE    34:    A:    284 B:    314 C:    36 AB:    1 BC:    1 CA:    1	 *MESH_SMOOTHING 1 	*MESH_MTLID 0
			*MESH_FACE    35:    A:    314 B:    286 C:    36 AB:    1 BC:    1 CA:    1	 *MESH_SMOOTHING 1 	*MESH_MTLID 0
			*MESH_FACE    36:    A:    102 B:    136 C:    262 AB:    1 BC:    1 CA:    1	 *MESH_SMOOTHING 1 	*MESH_MTLID 0
			*MESH_FACE    37:    A:    125 B:    134 C:    36 AB:    1 BC:    1 CA:    1	 *MESH_SMOOTHING 1 	*MESH_MTLID 0
			*MESH_FACE    38:    A:    265 B:    16 C:    17 AB:    1 BC:    1 CA:    1	 *MESH_SMOOTHING 1 	*MESH_MTLID 0
			*MESH_FACE    39:    A:    16 B:    208 C:    17 AB:    1 BC:    1 CA:    1	 *MESH_SMOOTHING 1 	*MESH_MTLID 0
			*MESH_FACE    40:    A:    159 B:    255 C:    10 AB:    1 BC:    1 CA:    1	 *MESH_SMOOTHING 1 	*MESH_MTLID 0
			*MESH_FACE    41:    A:    315 B:    40 C:    230 AB:    1 BC:    1 CA:    1	 *MESH_SMOOTHING 1 	*MESH_MTLID 0
			*MESH_FACE    42:    A:    75 B:    141 C:    25 AB:    1 BC:    1 CA:    1	 *MESH_SMOOTHING 1 	*MESH_MTLID 0
			*MESH_FACE    43:    A:    177 B:    40 C:    315 AB:    1 BC:    1 CA:    1	 *MESH_SMOOTHING 1 	*MESH_MTLID 0
			*MESH_FACE    44:    A:    189 B:    191 C:    312 AB:    1 BC:    1 CA:    1	 *MESH_SMOOTHING 1 	*MESH_MTLID 0
			*MESH_FACE    45:    A:    303 B:    261 C:    56 AB:    1 BC:    1 CA:    1	 *MESH_SMOOTHING 1 	*MESH_MTLID 0
			*MESH_FACE    46:    A:    170 B:    256 C:    221 AB:    1 BC:    1 CA:    1	 *MESH_SMOOTHING 1 	*MESH_MTLID 0
			*MESH_FACE    47:    A:    153 B:    106 C:    168 AB:    1 BC:    1 CA:    1	 *MESH_SMOOTHING 1 	*MESH_MTLID 0
			*MESH_FACE    48:    A:    153 B:    64 C:    313 AB:    1 BC:    1 CA:    1	 *MESH_SMOOTHING 1 	*MESH_MTLID 0
			*MESH_FACE    49:    A:    94 B:    170 C:    48 AB:    1 BC:    1 CA:    1	 *MESH_SMOOTHING 1 	*MESH_MTLID 0
			*MESH_FACE    50:    A:    233 B:    160 C:    281 AB:    1 BC:    1 CA:    1	 *MESH_SMOOTHING 1 	*MESH_MTLID 0
			*MESH_FACE    51:    A:    158 B:    29 C:    91 AB:    1 BC:    1 CA:    1	 *MESH_SMOOTHING 1 	*MESH_MTLID 0
			*MESH_FACE    52:    A:    226 B:    29 C:    188 AB:    1 BC:    1 CA:    1	 *MESH_SMOOTHING 1 	*MESH_MTLID 0
			*MESH_FACE    53:    A:    28 B:    91 C:    148 AB:    1 BC:    1 CA:    1	 *MESH_SMOOTHING 1 	*MESH_MTLID 0
			*MESH_FACE    54:    A:    147 B:    258 C:    86 AB:    1 BC:    1 CA:    1	 *MESH_SMOOTHING 1 	*MESH_MTLID 0
			*MESH_FACE    55:    A:    146 B:    103 C:    257 AB:    1 BC:    1 CA:    1	 *MESH_SMOOTHING 1 	*MESH_MTLID 0
			*MESH_FACE    56:    A:    283 B:    182 C:    236 AB:    1 BC:    1 CA:    1	 *MESH_SMOOTHING 1 	*MESH_MTLID 0
			*MESH_FACE    57:    A:    282 B:    154 C:    93 AB:    1 BC:    1 CA:    1	 *MESH_SMOOTHING 1 	*MESH_MTLID 0
			*MESH_FACE    58:    A:    227 B:    284 C:    134 AB:    1 BC:    1 CA:    1	 *MESH_SMOOTHING 1 	*MESH_MTLID 0
			*MESH_FACE    59:    A:    36 B:    134 C:    284 AB:    1 BC:    1 CA:    1	 *MESH_SMOOTHING 1 	*MESH_MTLID 0
			*MESH_FACE    60:    A:    299 B:    149 C:    298 AB:    1 BC:    1 CA:    1	 *MESH_SMOOTHING 1 	*MESH_MTLID 0
			*MESH_FACE    61:    A:    20 B:    136 C:    102 AB:    1 BC:    1 CA:    1	 *MESH_SMOOTHING 1 	*MESH_MTLID 0
			*MESH_FACE    62:    A:    136 B:    20 C:    35 AB:    1 BC:    1 CA:    1	 *MESH_SMOOTHING 1 	*MESH_MTLID 0
