*3DSMAX_ASCIIEXPORT	110
*COMMENT "[ GothicSourcer v3.10 ] - August 2006"
*SCENE {
	*SCENE_FILENAME "DRAGON_ICE_BODY.MAX"
	*SCENE_FIRSTFRAME 0
	*SCENE_LASTFRAME 100
	*SCENE_FRAMESPEED 25
	*SCENE_TICKSPERFRAME 192
	*SCENE_BACKGROUND_STATIC 0	0	0
	*SCENE_AMBIENT_STATIC 0.2	0.2	0.2
}
*MATERIAL_LIST {
	*MATERIAL_COUNT 1
	*MATERIAL 0 {
		*MATERIAL_NAME "DRAGON-EIS"
		*MATERIAL_CLASS "Standard"
		*MATERIAL_AMBIENT 0.352941	0.368627	0.392157
		*MATERIAL_DIFFUSE 0.352941	0.368627	0.392157
		*MATERIAL_SPECULAR 0.9	0.9	0.9
		*MATERIAL_SHINE 0.1
		*MATERIAL_SHINESTRENGTH 0
		*MATERIAL_TRANSPARENCY 0
		*MATERIAL_WIRESIZE 1
		*MATERIAL_SHADING Blinn
		*MATERIAL_XP_FALLOFF 0
		*MATERIAL_SELFILLUM 0
		*MATERIAL_FALLOFF In
		*MATERIAL_XP_TYPE Filter
		*MAP_DIFFUSE {
			*MAP_NAME "Map #1"
			*MAP_CLASS "Bitmap"
			*MAP_SUBNO 1
			*MAP_AMOUNT 1
			*BITMAP "EISDRAGON.TGA"
			*MAP_TYPE Screen
			*UVW_U_OFFSET 0
			*UVW_V_OFFSET 0
			*UVW_U_TILING 1
			*UVW_V_TILING 1
			*UVW_ANGLE 0
			*UVW_BLUR 1
			*UVW_BLUR_OFFSET 0
			*UVW_NOUSE_AMT 1
			*UVW_NOISE_SIZE 1
			*UVW_NOISE_LEVEL 1
			*UVW_NOISE_PHASE 0
			*BITMAP_FILTER Pyramidal
		}
	}
}
*HELPEROBJECT {
	*NODE_NAME "Bip01"
	*NODE_TM {
		*NODE_NAME "Bip01"
		*TM_ROW0 -0.00212761	-0.300725	-0.953708
		*TM_ROW1 0.999997	0.000151104	-0.00227848
		*TM_ROW2 0.000829279	-0.953711	0.300724
		*TM_ROW3 0	-87.4988	157.975
		*TM_POS 0	-87.4988	157.975
		*TM_ROTAXIS -0.507964	-0.509622	0.694448
		*TM_ROTANGLE 1.92904
		*TM_SCALE 1	1	1
		*TM_SCALEAXIS 0	0	0
		*TM_SCALEAXISANG 0	0	0
	}
}
*HELPEROBJECT {
	*NODE_NAME "Bip01 Pelvis"
	*NODE_PARENT "Bip01"
	*NODE_TM {
		*NODE_NAME "Bip01 Pelvis"
		*TM_ROW0 0.00082804	-0.953711	0.300723
		*TM_ROW1 -0.00212598	-0.300724	-0.953709
		*TM_ROW2 0.999997	0.000150353	-0.00227653
		*TM_ROW3 0.066976	-83.5628	157.281
		*TM_POS 0.066976	-83.5628	157.281
		*TM_ROTAXIS 0.628363	-0.460653	0.626865
		*TM_ROTANGLE 2.27981
		*TM_SCALE 1	1	1
		*TM_SCALEAXIS 0	0	0
		*TM_SCALEAXISANG 0	0	0
	}
}
*HELPEROBJECT {
	*NODE_NAME "Bip01 Spine"
	*NODE_PARENT "Bip01 Pelvis"
	*NODE_TM {
		*NODE_NAME "Bip01 Spine"
		*TM_ROW0 0.000288852	-0.998182	0.0602732
		*TM_ROW1 -0.00226745	-0.0602738	-0.998179
		*TM_ROW2 0.999997	0.000151634	-0.0022807
		*TM_ROW3 0.086382	-102.42	164.461
		*TM_POS 0.086382	-102.42	164.461
		*TM_ROTAXIS 0.589133	-0.554548	0.587707
		*TM_ROTANGLE 2.13073
		*TM_SCALE 1	1	1
		*TM_SCALEAXIS 0	0	0
		*TM_SCALEAXISANG 0	0	0
	}
}
*HELPEROBJECT {
	*NODE_NAME "Bip01 Spine1"
	*NODE_PARENT "Bip01 Spine"
	*NODE_TM {
		*NODE_NAME "Bip01 Spine1"
		*TM_ROW0 0.00163487	-0.743664	0.668552
		*TM_ROW1 -0.00159577	-0.668554	-0.743662
		*TM_ROW2 0.999997	0.000148863	-0.00227955
		*TM_ROW3 0.101029	-152.966	167.54
		*TM_POS 0.101029	-152.966	167.54
		*TM_ROTAXIS 0.675139	-0.300845	0.673557
		*TM_ROTANGLE 2.5582
		*TM_SCALE 1	1	1
		*TM_SCALEAXIS 0	0	0
		*TM_SCALEAXISANG 0	0	0
	}
}
*HELPEROBJECT {
	*NODE_NAME "Bip01 Spine2"
	*NODE_PARENT "Bip01 Spine1"
	*NODE_TM {
		*NODE_NAME "Bip01 Spine2"
		*TM_ROW0 0.00213577	-0.4154	0.909637
		*TM_ROW1 -0.000812143	-0.909639	-0.415399
		*TM_ROW2 0.999997	0.000148386	-0.00227992
		*TM_ROW3 0.171242	-184.841	196.246
		*TM_POS 0.171242	-184.841	196.246
		*TM_ROTAXIS 0.699682	-0.152146	0.698066
		*TM_ROTANGLE 2.84009
		*TM_SCALE 1	1	1
		*TM_SCALEAXIS 0	0	0
		*TM_SCALEAXISANG 0	0	0
	}
}
*HELPEROBJECT {
	*NODE_NAME "Bip01 Spine3"
	*NODE_PARENT "Bip01 Spine2"
	*NODE_TM {
		*NODE_NAME "Bip01 Spine3"
		*TM_ROW0 0.00227164	0.0341231	0.999415
		*TM_ROW1 0.000225659	-0.999418	0.0341225
		*TM_ROW2 0.999997	0.00014801	-0.00227816
		*TM_ROW3 0.28153	-206.266	243.236
		*TM_POS 0.28153	-206.266	243.236
		*TM_ROTAXIS 0.707859	0.012133	0.70625
		*TM_ROTANGLE 3.16559
		*TM_SCALE 1	1	1
		*TM_SCALEAXIS 0	0	0
		*TM_SCALEAXISANG 0	0	0
	}
}
*HELPEROBJECT {
	*NODE_NAME "Bip01 Spine4"
	*NODE_PARENT "Bip01 Spine3"
	*NODE_TM {
		*NODE_NAME "Bip01 Spine4"
		*TM_ROW0 0.00200203	0.421914	0.906634
		*TM_ROW1 0.00109582	-0.906636	0.421913
		*TM_ROW2 0.999997	0.000148788	-0.00227758
		*TM_ROW3 0.380137	-204.757	286.619
		*TM_POS 0.380137	-204.757	286.619
		*TM_ROTAXIS 0.699365	0.154815	0.697797
		*TM_ROTANGLE 3.44789
		*TM_SCALE 1	1	1
		*TM_SCALEAXIS 0	0	0
		*TM_SCALEAXISANG 0	0	0
	}
}
*HELPEROBJECT {
	*NODE_NAME "Bip01 Neck"
	*NODE_PARENT "Bip01 Spine4"
	*NODE_TM {
		*NODE_NAME "Bip01 Neck"
		*TM_ROW0 0.00130138	0.782124	0.623121
		*TM_ROW1 0.00187314	-0.623122	0.782122
		*TM_ROW2 0.999997	0.00014931	-0.00227609
		*TM_ROW3 0.454119	-189.116	320.13
		*TM_POS 0.454119	-189.116	320.13
		*TM_ROTAXIS 0.669968	0.322895	0.668493
		*TM_ROTANGLE 3.76474
		*TM_SCALE 1	1	1
		*TM_SCALEAXIS 0	0	0
		*TM_SCALEAXISANG 0	0	0
	}
}
*HELPEROBJECT {
	*NODE_NAME "Bip01 Neck1"
	*NODE_PARENT "Bip01 Neck"
	*NODE_TM {
		*NODE_NAME "Bip01 Neck1"
		*TM_ROW0 0.00174255	0.594198	0.804317
		*TM_ROW1 0.00147334	-0.804319	0.594196
		*TM_ROW2 0.999998	0.000149727	-0.00227677
		*TM_ROW3 0.530493	-143.132	356.702
		*TM_POS 0.530493	-143.132	356.702
		*TM_ROTAXIS 0.689399	0.22709	0.687865
		*TM_ROTANGLE 3.58702
		*TM_SCALE 1	1	1
		*TM_SCALEAXIS 0	0	0
		*TM_SCALEAXISANG 0	0	0
	}
}
*HELPEROBJECT {
	*NODE_NAME "Bip01 Neck2"
	*NODE_PARENT "Bip01 Neck1"
	*NODE_TM {
		*NODE_NAME "Bip01 Neck2"
		*TM_ROW0 0.00228086	-0.113976	0.993481
		*TM_ROW1 -0.000112526	-0.993483	-0.113976
		*TM_ROW2 0.999997	0.000148159	-0.00227866
		*TM_ROW3 0.64359	-104.523	408.905
		*TM_POS 0.64359	-104.523	408.905
		*TM_ROTAXIS 0.707337	-0.040389	0.705721
		*TM_ROTANGLE 3.06083
		*TM_SCALE 1	1	1
		*TM_SCALEAXIS 0	0	0
		*TM_SCALEAXISANG 0	0	0
	}
}
*HELPEROBJECT {
	*NODE_NAME "Bip01 Neck3"
	*NODE_PARENT "Bip01 Neck2"
	*NODE_TM {
		*NODE_NAME "Bip01 Neck3"
		*TM_ROW0 0.00149005	-0.799103	0.601192
		*TM_ROW1 -0.00173262	-0.601194	-0.799101
		*TM_ROW2 0.999997	0.000149042	-0.00228036
		*TM_ROW3 0.78121	-111.372	468.858
		*TM_POS 0.78121	-111.372	468.858
		*TM_ROTAXIS 0.667516	-0.333073	0.665946
		*TM_ROTANGLE 2.49975
		*TM_SCALE 1	1	1
		*TM_SCALEAXIS 0	0	0
		*TM_SCALEAXISANG 0	0	0
	}
}
*HELPEROBJECT {
	*NODE_NAME "Bip01 Neck4"
	*NODE_PARENT "Bip01 Neck3"
	*NODE_TM {
		*NODE_NAME "Bip01 Neck4"
		*TM_ROW0 -0.000149475	-0.991343	-0.131296
		*TM_ROW1 -0.00228003	0.131296	-0.991341
		*TM_ROW2 0.999997	0.000151187	-0.00227989
		*TM_ROW3 0.860491	-153.837	500.843
		*TM_POS 0.860491	-153.837	500.843
		*TM_ROTAXIS 0.550733	-0.628387	0.549384
		*TM_ROTANGLE 2.02146
		*TM_SCALE 1	1	1
		*TM_SCALEAXIS 0	0	0
		*TM_SCALEAXISANG 0	0	0
	}
}
*HELPEROBJECT {
	*NODE_NAME "Bip01 Head"
	*NODE_PARENT "Bip01 Neck4"
	*NODE_TM {
		*NODE_NAME "Bip01 Head"
		*TM_ROW0 -0.00118219	-0.819164	-0.573558
		*TM_ROW1 -0.00195625	0.573559	-0.819162
		*TM_ROW2 0.999997	0.000153631	-0.00228058
		*TM_ROW3 0.852735	-205.298	494.028
		*TM_POS 0.852735	-205.298	494.028
		*TM_ROTAXIS 0.419463	-0.805609	0.418384
		*TM_ROTANGLE 1.78744
		*TM_SCALE 1	1	1
		*TM_SCALEAXIS 0	0	0
		*TM_SCALEAXISANG 0	0	0
	}
}
*HELPEROBJECT {
	*NODE_NAME "Bip01 Headnub"
	*NODE_PARENT "Bip01 Head"
	*NODE_TM {
		*NODE_NAME "Bip01 Headnub"
		*TM_ROW0 -0.00118219	-0.819164	-0.573558
		*TM_ROW1 -0.00195625	0.573559	-0.819162
		*TM_ROW2 0.999997	0.000153631	-0.00228058
		*TM_ROW3 0.723321	-294.912	431.282
		*TM_POS 0.723321	-294.912	431.282
		*TM_ROTAXIS 0.419463	-0.805609	0.418384
		*TM_ROTANGLE 1.78744
		*TM_SCALE 1	1	1
		*TM_SCALEAXIS 0	0	0
		*TM_SCALEAXISANG 0	0	0
	}
}
*HELPEROBJECT {
	*NODE_NAME "Bip01 Jaw01"
	*NODE_PARENT "Bip01 Head"
	*NODE_TM {
		*NODE_NAME "Bip01 Jaw01"
		*TM_ROW0 0.999999	-0.000557092	-0.00151359
		*TM_ROW1 0.00102141	-0.507537	0.861629
		*TM_ROW2 -0.00124821	-0.86163	-0.507536
		*TM_ROW3 0.790603	-212.306	478.983
		*TM_POS 0.790603	-212.306	478.983
		*TM_ROTAXIS 1	0.000154	-0.000915999
		*TM_ROTANGLE 4.18007
		*TM_SCALE 1	1	1
		*TM_SCALEAXIS 0	0	0
		*TM_SCALEAXISANG 0	0	0
	}
}
*HELPEROBJECT {
	*NODE_NAME "Bip01 Jaw02"
	*NODE_PARENT "Bip01 Jaw01"
	*NODE_TM {
		*NODE_NAME "Bip01 Jaw02"
		*TM_ROW0 0.999999	-0.00055704	-0.00151402
		*TM_ROW1 0.00160017	0.46175	0.887009
		*TM_ROW2 0.000205001	-0.88701	0.46175
		*TM_ROW3 0.744977	-197.934	440.301
		*TM_POS 0.744977	-197.934	440.301
		*TM_ROTAXIS -0.999999	-0.000969	0.001216
		*TM_ROTANGLE 1.09083
		*TM_SCALE 1	1	1
		*TM_SCALEAXIS 0	0	0
		*TM_SCALEAXISANG 0	0	0
	}
}
*HELPEROBJECT {
	*NODE_NAME "ZS_RIGHTHAND"
	*NODE_PARENT "Bip01 Head"
	*NODE_TM {
		*NODE_NAME "ZS_RIGHTHAND"
		*TM_ROW0 0.998172	0.0413016	0.0441237
		*TM_ROW1 -0.0509516	0.967725	0.246804
		*TM_ROW2 -0.0325063	-0.248601	0.96806
		*TM_ROW3 1.78387	-242.748	442.689
		*TM_POS 1.78387	-242.748	442.689
		*TM_ROTAXIS -0.971926	0.150339	-0.18099
		*TM_ROTANGLE 0.2577
		*TM_SCALE 1	1	1
		*TM_SCALEAXIS 0	0	0
		*TM_SCALEAXISANG 0	0	0
	}
}
*HELPEROBJECT {
	*NODE_NAME "Bip01 L Clavicle"
	*NODE_PARENT "Bip01 Neck"
	*NODE_TM {
		*NODE_NAME "Bip01 L Clavicle"
		*TM_ROW0 0.966856	-0.0671017	-0.246348
		*TM_ROW1 -0.044718	0.90543	-0.422133
		*TM_ROW2 0.251377	0.419158	0.87242
		*TM_ROW3 12.4001	-201.74	317.273
		*TM_POS 12.4001	-201.74	317.273
		*TM_ROTAXIS 0.860433	-0.50905	0.022893
		*TM_ROTANGLE 0.510802
		*TM_SCALE 1	1	1
		*TM_SCALEAXIS 0	0	0
		*TM_SCALEAXISANG 0	0	0
	}
}
*HELPEROBJECT {
	*NODE_NAME "Bip01 L UpperArm"
	*NODE_PARENT "Bip01 L Clavicle"
	*NODE_TM {
		*NODE_NAME "Bip01 L UpperArm"
		*TM_ROW0 0.786565	0.092856	-0.610486
		*TM_ROW1 -0.151877	0.987351	-0.0455041
		*TM_ROW2 0.598539	0.128511	0.790719
		*TM_ROW3 55.3456	-204.721	306.331
		*TM_POS 55.3456	-204.721	306.331
		*TM_ROTAXIS 0.139686	-0.970512	-0.196453
		*TM_ROTANGLE 0.672418
		*TM_SCALE 1	1	1
		*TM_SCALEAXIS 0	0	0
		*TM_SCALEAXISANG 0	0	0
	}
}
*HELPEROBJECT {
	*NODE_NAME "Bip01 L Forearm"
	*NODE_PARENT "Bip01 L UpperArm"
	*NODE_TM {
		*NODE_NAME "Bip01 L Forearm"
		*TM_ROW0 0.378495	-0.915296	-0.137746
		*TM_ROW1 0.70604	0.381729	-0.596481
		*TM_ROW2 0.598539	0.128511	0.790719
		*TM_ROW3 94.6295	-200.083	275.841
		*TM_POS 94.6295	-200.083	275.841
		*TM_ROTAXIS 0.377086	-0.382959	0.843296
		*TM_ROTANGLE 1.29172
		*TM_SCALE 1	1	1
		*TM_SCALEAXIS 0	0	0
		*TM_SCALEAXISANG 0	0	0
	}
}
*HELPEROBJECT {
	*NODE_NAME "Bip01 L Hand"
	*NODE_PARENT "Bip01 L Forearm"
	*NODE_TM {
		*NODE_NAME "Bip01 L Hand"
		*TM_ROW0 0.721503	-0.672955	0.162989
		*TM_ROW1 -0.305774	-0.520865	-0.796996
		*TM_ROW2 0.621238	0.525197	-0.581577
		*TM_ROW3 112.648	-243.656	269.283
		*TM_POS 112.648	-243.656	269.283
		*TM_ROTAXIS 0.913923	-0.316749	0.253802
		*TM_ROTANGLE 2.33293
		*TM_SCALE 1	1	1
		*TM_SCALEAXIS 0	0	0
		*TM_SCALEAXISANG 0	0	0
	}
}
*HELPEROBJECT {
	*NODE_NAME "Bip01 L Finger0"
	*NODE_PARENT "Bip01 L Hand"
	*NODE_TM {
		*NODE_NAME "Bip01 L Finger0"
		*TM_ROW0 -0.780496	-0.228437	-0.58193
		*TM_ROW1 0.542369	-0.710358	-0.448584
		*TM_ROW2 -0.310905	-0.665739	0.678329
		*TM_ROW3 108.057	-247.683	273.505
		*TM_POS 108.057	-247.683	273.505
		*TM_ROTAXIS 0.256857	0.320576	-0.911732
		*TM_ROTANGLE 3.57803
		*TM_SCALE 1	1	1
		*TM_SCALEAXIS 0	0	0
		*TM_SCALEAXISANG 0	0	0
	}
}
*HELPEROBJECT {
	*NODE_NAME "Bip01 L Finger0Nub"
	*NODE_PARENT "Bip01 L Finger0"
	*NODE_TM {
		*NODE_NAME "Bip01 L Finger0Nub"
		*TM_ROW0 -0.780496	-0.228437	-0.58193
		*TM_ROW1 0.542369	-0.710358	-0.448584
		*TM_ROW2 -0.310905	-0.665739	0.678329
		*TM_ROW3 89.2993	-253.174	259.519
		*TM_POS 89.2993	-253.174	259.519
		*TM_ROTAXIS 0.256857	0.320576	-0.911732
		*TM_ROTANGLE 3.57803
		*TM_SCALE 1	1	1
		*TM_SCALEAXIS 0	0	0
		*TM_SCALEAXISANG 0	0	0
	}
}
*HELPEROBJECT {
	*NODE_NAME "Bip01 L Finger1"
	*NODE_PARENT "Bip01 L Hand"
	*NODE_TM {
		*NODE_NAME "Bip01 L Finger1"
		*TM_ROW0 0.572512	-0.819893	0.00210032
		*TM_ROW1 -0.464407	-0.326394	-0.823282
		*TM_ROW2 0.675689	0.470364	-0.567628
		*TM_ROW3 129.234	-267.802	278.216
		*TM_POS 129.234	-267.802	278.216
		*TM_ROTAXIS 0.861739	-0.448699	0.236801
		*TM_ROTANGLE 2.29262
		*TM_SCALE 1	1	1
		*TM_SCALEAXIS 0	0	0
		*TM_SCALEAXISANG 0	0	0
	}
}
*HELPEROBJECT {
	*NODE_NAME "Bip01 L Finger2"
	*NODE_PARENT "Bip01 L Hand"
	*NODE_TM {
		*NODE_NAME "Bip01 L Finger2"
		*TM_ROW0 0.299946	-0.845358	-0.442045
		*TM_ROW1 -0.724154	0.0998755	-0.682368
		*TM_ROW2 0.620994	0.524782	-0.582212
		*TM_ROW3 133.895	-263.785	273.798
		*TM_POS 133.895	-263.785	273.798
		*TM_ROTAXIS 0.748361	-0.659021	0.075139
		*TM_ROTANGLE 2.20334
		*TM_SCALE 1	1	1
		*TM_SCALEAXIS 0	0	0
		*TM_SCALEAXISANG 0	0	0
	}
}
*HELPEROBJECT {
	*NODE_NAME "Bip01 L Finger3"
	*NODE_PARENT "Bip01 L Hand"
	*NODE_TM {
		*NODE_NAME "Bip01 L Finger3"
		*TM_ROW0 -0.161183	-0.627308	-0.761909
		*TM_ROW1 -0.810953	0.524166	-0.260008
		*TM_ROW2 0.562472	0.575964	-0.593204
		*TM_ROW3 138.491	-259.829	269.445
		*TM_POS 138.491	-259.829	269.445
		*TM_ROTAXIS -0.530142	0.839873	0.116461
		*TM_ROTANGLE 4.04986
		*TM_SCALE 1	1	1
		*TM_SCALEAXIS 0	0	0
		*TM_SCALEAXISANG 0	0	0
	}
}
*HELPEROBJECT {
	*NODE_NAME "Bip01 R Clavicle"
	*NODE_PARENT "Bip01 Neck"
	*NODE_TM {
		*NODE_NAME "Bip01 R Clavicle"
		*TM_ROW0 -0.96804	-0.0330918	-0.248602
		*TM_ROW1 0.0773621	0.903518	-0.421511
		*TM_ROW2 0.238565	-0.427272	-0.872081
		*TM_ROW3 -11.5061	-201.709	317.459
		*TM_POS -11.5061	-201.709	317.459
		*TM_ROTAXIS 0.011532	0.975183	-0.2211
		*TM_ROTANGLE 3.39405
		*TM_SCALE 1	1	1
		*TM_SCALEAXIS 0	0	0
		*TM_SCALEAXISANG 0	0	0
	}
}
*HELPEROBJECT {
	*NODE_NAME "Bip01 R UpperArm"
	*NODE_PARENT "Bip01 R Clavicle"
	*NODE_TM {
		*NODE_NAME "Bip01 R UpperArm"
		*TM_ROW0 -0.789289	0.0871687	-0.607803
		*TM_ROW1 0.151188	0.986986	-0.0547822
		*TM_ROW2 0.595118	-0.135132	-0.792196
		*TM_ROW3 -54.5041	-203.178	306.417
		*TM_POS -54.5041	-203.178	306.417
		*TM_ROTAXIS 0.066553	0.996373	-0.053027
		*TM_ROTANGLE 3.78966
		*TM_SCALE 1	1	1
		*TM_SCALEAXIS 0	0	0
		*TM_SCALEAXISANG 0	0	0
	}
}
*HELPEROBJECT {
	*NODE_NAME "Bip01 R Forearm"
	*NODE_PARENT "Bip01 R UpperArm"
	*NODE_TM {
		*NODE_NAME "Bip01 R Forearm"
		*TM_ROW0 -0.384816	-0.913318	-0.133291
		*TM_ROW1 -0.705515	0.384173	-0.595533
		*TM_ROW2 0.595118	-0.135131	-0.792196
		*TM_ROW3 -94.3032	-198.783	275.769
		*TM_POS -94.3032	-198.783	275.769
		*TM_ROTAXIS -0.519397	0.821747	-0.234431
		*TM_ROTANGLE 3.60077
		*TM_SCALE 1	1	1
		*TM_SCALEAXIS 0	0	0
		*TM_SCALEAXISANG 0	0	0
	}
}
*HELPEROBJECT {
	*NODE_NAME "Bip01 R Hand"
	*NODE_PARENT "Bip01 R Forearm"
	*NODE_TM {
		*NODE_NAME "Bip01 R Hand"
		*TM_ROW0 -0.734921	-0.659119	0.159543
		*TM_ROW1 0.294004	-0.521674	-0.800885
		*TM_ROW2 0.611108	-0.541681	0.577173
		*TM_ROW3 -112.622	-242.262	269.424
		*TM_POS -112.622	-242.262	269.424
		*TM_ROTAXIS -0.238663	0.41578	-0.877591
		*TM_ROTANGLE 3.71564
		*TM_SCALE 1	1	1
		*TM_SCALEAXIS 0	0	0
		*TM_SCALEAXISANG 0	0	0
	}
}
*HELPEROBJECT {
	*NODE_NAME "Bip01 R Finger0"
	*NODE_PARENT "Bip01 R Hand"
	*NODE_TM {
		*NODE_NAME "Bip01 R Finger0"
		*TM_ROW0 0.365309	-0.0773009	-0.927672
		*TM_ROW1 -0.59724	-0.783868	-0.169869
		*TM_ROW2 -0.714041	0.616097	-0.332521
		*TM_ROW3 -108.1	-246.636	272.948
		*TM_POS -108.1	-246.636	272.948
		*TM_ROTAXIS 0.813385	-0.221083	-0.538077
		*TM_ROTANGLE 2.63735
		*TM_SCALE 1	1	1
		*TM_SCALEAXIS 0	0	0
		*TM_SCALEAXISANG 0	0	0
	}
}
*HELPEROBJECT {
	*NODE_NAME "Bip01 R Finger0Nub"
	*NODE_PARENT "Bip01 R Finger0"
	*NODE_TM {
		*NODE_NAME "Bip01 R Finger0Nub"
		*TM_ROW0 -0.365309	0.0773013	0.927671
		*TM_ROW1 0.597239	0.783868	0.16987
		*TM_ROW2 -0.714041	0.616097	-0.332522
		*TM_ROW3 -99.3205	-248.494	250.653
		*TM_POS -99.3205	-248.494	250.653
		*TM_ROTAXIS 0.250837	0.922853	0.292272
		*TM_ROTANGLE 2.04539
		*TM_SCALE 1	1	1
		*TM_SCALEAXIS 0	0	0
		*TM_SCALEAXISANG 0	0	0
	}
}
*HELPEROBJECT {
	*NODE_NAME "Bip01 R Finger1"
	*NODE_PARENT "Bip01 R Hand"
	*NODE_TM {
		*NODE_NAME "Bip01 R Finger1"
		*TM_ROW0 -0.589182	-0.807996	-0.00253602
		*TM_ROW1 0.456553	-0.330321	-0.826104
		*TM_ROW2 0.666651	-0.487883	0.563513
		*TM_ROW3 -129.699	-266.117	278.221
		*TM_POS -129.699	-266.117	278.221
		*TM_ROTAXIS -0.230061	0.455188	-0.86016
		*TM_ROTANGLE 3.96736
		*TM_SCALE 1	1	1
		*TM_SCALEAXIS 0	0	0
		*TM_SCALEAXISANG 0	0	0
	}
}
*HELPEROBJECT {
	*NODE_NAME "Bip01 R Finger2"
	*NODE_PARENT "Bip01 R Hand"
	*NODE_TM {
		*NODE_NAME "Bip01 R Finger2"
		*TM_ROW0 -0.438866	-0.838921	-0.321883
		*TM_ROW1 0.658961	-0.0569517	-0.750018
		*TM_ROW2 0.610874	-0.541266	0.577811
		*TM_ROW3 -134.275	-261.986	273.837
		*TM_POS -134.275	-261.986	273.837
		*TM_ROTAXIS 0.117483	-0.524944	0.84299
		*TM_ROTANGLE 2.04767
		*TM_SCALE 1	1	1
		*TM_SCALEAXIS 0	0	0
		*TM_SCALEAXISANG 0	0	0
	}
}
*HELPEROBJECT {
	*NODE_NAME "Bip01 R Finger3"
	*NODE_PARENT "Bip01 R Hand"
	*NODE_TM {
		*NODE_NAME "Bip01 R Finger3"
		*TM_ROW0 -0.213538	-0.781965	-0.585604
		*TM_ROW1 0.806498	0.197183	-0.557387
		*TM_ROW2 0.551328	-0.591311	0.588548
		*TM_ROW3 -138.799	-257.905	269.506
		*TM_POS -138.799	-257.905	269.506
		*TM_ROTAXIS -0.017364	-0.581935	0.81305
		*TM_ROTANGLE 1.78637
		*TM_SCALE 1	1	1
		*TM_SCALEAXIS 0	0	0
		*TM_SCALEAXISANG 0	0	0
	}
}
*HELPEROBJECT {
	*NODE_NAME "Bip01 Bone15"
	*NODE_PARENT "Bip01 Spine3"
	*NODE_TM {
		*NODE_NAME "Bip01 Bone15"
		*TM_ROW0 -0.568706	0.124904	0.813002
		*TM_ROW1 0.458427	-0.772531	0.439363
		*TM_ROW2 0.682948	0.622571	0.382084
		*TM_ROW3 -28.4878	-176.855	279.244
		*TM_POS -28.4878	-176.855	279.244
		*TM_ROTAXIS -0.455582	-0.323405	-0.82937
		*TM_ROTANGLE 3.34404
		*TM_SCALE 1	1	1
		*TM_SCALEAXIS 0	0	0
		*TM_SCALEAXISANG 0	0	0
	}
}
*HELPEROBJECT {
	*NODE_NAME "Bip01 Bone16"
	*NODE_PARENT "Bip01 Bone15"
	*NODE_TM {
		*NODE_NAME "Bip01 Bone16"
		*TM_ROW0 -0.118998	-0.421258	0.8991
		*TM_ROW1 0.720709	-0.659506	-0.213613
		*TM_ROW2 0.682948	0.622571	0.382084
		*TM_ROW3 -120.007	-156.755	410.076
		*TM_POS -120.007	-156.755	410.076
		*TM_ROTAXIS -0.584014	-0.150967	-0.797582
		*TM_ROTANGLE 3.9395
		*TM_SCALE 1	1	1
		*TM_SCALEAXIS 0	0	0
		*TM_SCALEAXISANG 0	0	0
	}
}
*HELPEROBJECT {
	*NODE_NAME "Bip01 Bone17"
	*NODE_PARENT "Bip01 Bone16"
	*NODE_TM {
		*NODE_NAME "Bip01 Bone17"
		*TM_ROW0 -0.875691	-0.0144292	0.482657
		*TM_ROW1 0.337635	-0.732882	0.590666
		*TM_ROW2 0.345208	0.680203	0.64665
		*TM_ROW3 -140.598	-229.651	565.659
		*TM_POS -140.598	-229.651	565.659
		*TM_ROTAXIS -0.230524	-0.353881	-0.906436
		*TM_ROTANGLE 3.33704
		*TM_SCALE 1	1	1
		*TM_SCALEAXIS 0	0	0
		*TM_SCALEAXISANG 0	0	0
	}
}
*HELPEROBJECT {
	*NODE_NAME "Bip01 Bone18"
	*NODE_PARENT "Bip01 Bone17"
	*NODE_TM {
		*NODE_NAME "Bip01 Bone18"
		*TM_ROW0 -0.912373	0.081701	0.401123
		*TM_ROW1 0.220013	-0.728458	0.648802
		*TM_ROW2 0.345209	0.680202	0.64665
		*TM_ROW3 -312.516	-232.484	660.416
		*TM_POS -312.516	-232.484	660.416
		*TM_ROTAXIS -0.205962	-0.366759	-0.907231
		*TM_ROTANGLE 3.21789
		*TM_SCALE 1	1	1
		*TM_SCALEAXIS 0	0	0
		*TM_SCALEAXISANG 0	0	0
	}
}
*HELPEROBJECT {
	*NODE_NAME "Bip01 Bone19"
	*NODE_PARENT "Bip01 Bone18"
	*NODE_TM {
		*NODE_NAME "Bip01 Bone19"
		*TM_ROW0 -0.934893	0.188656	0.300641
		*TM_ROW1 0.0825016	-0.708333	0.701041
		*TM_ROW2 0.345209	0.680201	0.646651
		*TM_ROW3 -432.034	-221.781	712.961
		*TM_POS -432.034	-221.781	712.961
		*TM_ROTAXIS -0.178114	-0.380922	-0.907289
		*TM_ROTANGLE 3.08306
		*TM_SCALE 1	1	1
		*TM_SCALEAXIS 0	0	0
		*TM_SCALEAXISANG 0	0	0
	}
}
*HELPEROBJECT {
	*NODE_NAME "Bip01 Bone21"
	*NODE_PARENT "Bip01 Bone16"
	*NODE_TM {
		*NODE_NAME "Bip01 Bone21"
		*TM_ROW0 -0.522915	0.78191	-0.339377
		*TM_ROW1 -0.510041	0.0319792	0.859555
		*TM_ROW2 0.682948	0.62257	0.382084
		*TM_ROW3 -140.598	-229.651	565.659
		*TM_POS -140.598	-229.651	565.659
		*TM_ROTAXIS -0.142379	-0.614206	-0.776196
		*TM_ROTANGLE 2.15847
		*TM_SCALE 1	1	1
		*TM_SCALEAXIS 0	0	0
		*TM_SCALEAXISANG 0	0	0
	}
}
*HELPEROBJECT {
	*NODE_NAME "Bip01 Bone22"
	*NODE_PARENT "Bip01 Bone21"
	*NODE_TM {
		*NODE_NAME "Bip01 Bone22"
		*TM_ROW0 -0.384625	0.751171	-0.536475
		*TM_ROW1 -0.621004	0.219425	0.752467
		*TM_ROW2 0.682948	0.62257	0.382084
		*TM_ROW3 -215.329	-117.907	517.158
		*TM_POS -215.329	-117.907	517.158
		*TM_ROTAXIS -0.0705842	-0.662619	-0.745623
		*TM_ROTANGLE 1.97312
		*TM_SCALE 1	1	1
		*TM_SCALEAXIS 0	0	0
		*TM_SCALEAXISANG 0	0	0
	}
}
*HELPEROBJECT {
	*NODE_NAME "Bip01 Bone23"
	*NODE_PARENT "Bip01 Bone22"
	*NODE_TM {
		*NODE_NAME "Bip01 Bone23"
		*TM_ROW0 -0.233949	0.681938	-0.692986
		*TM_ROW1 -0.69199	0.383885	0.611378
		*TM_ROW2 0.682948	0.62257	0.382085
		*TM_ROW3 -250.007	-50.1805	468.789
		*TM_POS -250.007	-50.1805	468.789
		*TM_ROTAXIS 0.00575586	-0.707611	-0.706579
		*TM_ROTANGLE 1.80698
		*TM_SCALE 1	1	1
		*TM_SCALEAXIS 0	0	0
		*TM_SCALEAXISANG 0	0	0
	}
}
*HELPEROBJECT {
	*NODE_NAME "Bip01 Bone25"
	*NODE_PARENT "Bip01 Bone16"
	*NODE_TM {
		*NODE_NAME "Bip01 Bone25"
		*TM_ROW0 -0.728359	0.620102	0.291492
		*TM_ROW1 -0.0554567	-0.477368	0.876951
		*TM_ROW2 0.682948	0.62257	0.382085
		*TM_ROW3 -140.598	-229.651	565.659
		*TM_POS -140.598	-229.651	565.659
		*TM_ROTAXIS -0.309778	-0.476703	-0.822674
		*TM_ROTANGLE 2.71849
		*TM_SCALE 1	1	1
		*TM_SCALEAXIS 0	0	0
		*TM_SCALEAXISANG 0	0	0
	}
}
*HELPEROBJECT {
	*NODE_NAME "Bip01 Bone26"
	*NODE_PARENT "Bip01 Bone25"
	*NODE_TM {
		*NODE_NAME "Bip01 Bone26"
		*TM_ROW0 -0.711493	0.685397	0.154949
		*TM_ROW1 -0.165413	-0.377672	0.911045
		*TM_ROW2 0.682947	0.622571	0.382085
		*TM_ROW3 -272.807	-117.093	618.569
		*TM_POS -272.807	-117.093	618.569
		*TM_ROTAXIS -0.276832	-0.50669	-0.816474
		*TM_ROTANGLE 2.59354
		*TM_SCALE 1	1	1
		*TM_SCALEAXIS 0	0	0
		*TM_SCALEAXISANG 0	0	0
	}
}
*HELPEROBJECT {
	*NODE_NAME "Bip01 Bone27"
	*NODE_PARENT "Bip01 Bone26"
	*NODE_TM {
		*NODE_NAME "Bip01 Bone27"
		*TM_ROW0 -0.682711	0.73004	0.0307644
		*TM_ROW1 -0.259785	-0.281864	0.923615
		*TM_ROW2 0.682948	0.622571	0.382086
		*TM_ROW3 -358.933	-34.1246	637.324
		*TM_POS -358.933	-34.1246	637.324
		*TM_ROTAXIS -0.246153	-0.533266	-0.809343
		*TM_ROTANGLE 2.48364
		*TM_SCALE 1	1	1
		*TM_SCALEAXIS 0	0	0
		*TM_SCALEAXISANG 0	0	0
	}
}
*HELPEROBJECT {
	*NODE_NAME "Bip01 Bone01"
	*NODE_PARENT "Bip01 Spine3"
	*NODE_TM {
		*NODE_NAME "Bip01 Bone01"
		*TM_ROW0 0.555124	0.106837	0.824878
		*TM_ROW1 0.470051	0.777878	-0.417083
		*TM_ROW2 -0.686214	0.619267	0.3816
		*TM_ROW3 29.9745	-176.691	277.822
		*TM_POS 29.9745	-176.691	277.822
		*TM_ROTAXIS 0.554798	0.808945	0.194442
		*TM_ROTANGLE 1.20542
		*TM_SCALE 1	1	1
		*TM_SCALEAXIS 0	0	0
		*TM_SCALEAXISANG 0	0	0
	}
}
*HELPEROBJECT {
	*NODE_NAME "Bip01 Bone02"
	*NODE_PARENT "Bip01 Bone01"
	*NODE_TM {
		*NODE_NAME "Bip01 Bone02"
		*TM_ROW0 0.127392	-0.414185	0.901234
		*TM_ROW1 0.716158	0.667051	0.20533
		*TM_ROW2 -0.686213	0.619268	0.381599
		*TM_ROW3 119.123	-159.533	410.291
		*TM_POS 119.123	-159.533	410.291
		*TM_ROTAXIS 0.207776	0.796816	0.567374
		*TM_ROTANGLE 1.48266
		*TM_SCALE 1	1	1
		*TM_SCALEAXIS 0	0	0
		*TM_SCALEAXISANG 0	0	0
	}
}
*HELPEROBJECT {
	*NODE_NAME "Bip01 Bone03"
	*NODE_PARENT "Bip01 Bone02"
	*NODE_TM {
		*NODE_NAME "Bip01 Bone03"
		*TM_ROW0 0.873589	-0.0141816	0.486458
		*TM_ROW1 0.338362	0.736146	-0.586174
		*TM_ROW2 -0.349792	0.676674	0.647888
		*TM_ROW3 140.547	-229.189	561.855
		*TM_POS 140.547	-229.189	561.855
		*TM_ROTAXIS 0.81206	0.537741	0.226699
		*TM_ROTANGLE 0.890773
		*TM_SCALE 1	1	1
		*TM_SCALEAXIS 0	0	0
		*TM_SCALEAXISANG 0	0	0
	}
}
*HELPEROBJECT {
	*NODE_NAME "Bip01 Bone04"
	*NODE_PARENT "Bip01 Bone03"
	*NODE_TM {
		*NODE_NAME "Bip01 Bone04"
		*TM_ROW0 0.910352	0.0822631	0.405577
		*TM_ROW1 0.221146	0.731673	-0.644786
		*TM_ROW2 -0.349792	0.676674	0.647887
		*TM_ROW3 312.899	-231.987	657.83
		*TM_POS 312.899	-231.987	657.83
		*TM_ROTAXIS 0.864581	0.494209	0.0908661
		*TM_ROTANGLE 0.869831
		*TM_SCALE 1	1	1
		*TM_SCALEAXIS 0	0	0
		*TM_SCALEAXISANG 0	0	0
	}
}
*HELPEROBJECT {
	*NODE_NAME "Bip01 Bone05"
	*NODE_PARENT "Bip01 Bone04"
	*NODE_TM {
		*NODE_NAME "Bip01 Bone05"
		*TM_ROW0 0.935278	0.212482	0.28303
		*TM_ROW1 0.0538551	0.704957	-0.707203
		*TM_ROW2 -0.349792	0.676674	0.647888
		*TM_ROW3 434.914	-220.961	712.19
		*TM_POS 434.914	-220.961	712.19
		*TM_ROTAXIS 0.904525	0.413623	-0.103681
		*TM_ROTANGLE 0.871001
		*TM_SCALE 1	1	1
		*TM_SCALEAXIS 0	0	0
		*TM_SCALEAXISANG 0	0	0
	}
}
*HELPEROBJECT {
	*NODE_NAME "Bip01 Bone07"
	*NODE_PARENT "Bip01 Bone02"
	*NODE_TM {
		*NODE_NAME "Bip01 Bone07"
		*TM_ROW0 0.531845	0.785037	-0.317582
		*TM_ROW1 -0.496237	-0.0149774	-0.868058
		*TM_ROW2 -0.686214	0.619268	0.381599
		*TM_ROW3 140.547	-229.189	561.855
		*TM_POS 140.547	-229.189	561.855
		*TM_ROTAXIS 0.744623	0.184554	-0.641464
		*TM_ROTANGLE 1.62158
		*TM_SCALE 1	1	1
		*TM_SCALEAXIS 0	0	0
		*TM_SCALEAXISANG 0	0	0
	}
}
*HELPEROBJECT {
	*NODE_NAME "Bip01 Bone08"
	*NODE_PARENT "Bip01 Bone07"
	*NODE_TM {
		*NODE_NAME "Bip01 Bone08"
		*TM_ROW0 0.369418	0.748611	-0.550556
		*TM_ROW1 -0.626611	-0.236829	-0.742476
		*TM_ROW2 -0.686214	0.619268	0.381599
		*TM_ROW3 215.082	-119.17	517.348
		*TM_POS 215.082	-119.17	517.348
		*TM_ROTAXIS 0.701894	0.0699231	-0.708841
		*TM_ROTANGLE 1.81616
		*TM_SCALE 1	1	1
		*TM_SCALEAXIS 0	0	0
		*TM_SCALEAXISANG 0	0	0
	}
}
*HELPEROBJECT {
	*NODE_NAME "Bip01 Bone09"
	*NODE_PARENT "Bip01 Bone08"
	*NODE_TM {
		*NODE_NAME "Bip01 Bone09"
		*TM_ROW0 0.223573	0.678772	-0.699488
		*TM_ROW1 -0.692189	-0.394683	-0.604235
		*TM_ROW2 -0.686213	0.619269	0.381599
		*TM_ROW3 250.977	-46.431	463.853
		*TM_POS 250.977	-46.431	463.853
		*TM_ROTAXIS 0.665826	-0.00722396	-0.746072
		*TM_ROTANGLE 1.9766
		*TM_SCALE 1	1	1
		*TM_SCALEAXIS 0	0	0
		*TM_SCALEAXISANG 0	0	0
	}
}
*HELPEROBJECT {
	*NODE_NAME "Bip01 Bone11"
	*NODE_PARENT "Bip01 Bone02"
	*NODE_TM {
		*NODE_NAME "Bip01 Bone11"
		*TM_ROW0 0.726324	0.611857	0.313185
		*TM_ROW1 -0.0395389	0.492076	-0.869654
		*TM_ROW2 -0.686214	0.619268	0.381599
		*TM_ROW3 140.547	-229.189	561.855
		*TM_POS 140.547	-229.189	561.855
		*TM_ROTAXIS 0.780407	0.523827	-0.341424
		*TM_ROTANGLE 1.2661
		*TM_SCALE 1	1	1
		*TM_SCALEAXIS 0	0	0
		*TM_SCALEAXISANG 0	0	0
	}
}
*HELPEROBJECT {
	*NODE_NAME "Bip01 Bone12"
	*NODE_PARENT "Bip01 Bone11"
	*NODE_TM {
		*NODE_NAME "Bip01 Bone12"
		*TM_ROW0 0.702837	0.699655	0.128465
		*TM_ROW1 -0.187433	0.356356	-0.915358
		*TM_ROW2 -0.686214	0.619268	0.381599
		*TM_ROW3 275.943	-115.131	620.237
		*TM_POS 275.943	-115.131	620.237
		*TM_ROTAXIS 0.786656	0.417608	-0.454725
		*TM_ROTANGLE 1.34858
		*TM_SCALE 1	1	1
		*TM_SCALEAXIS 0	0	0
		*TM_SCALEAXISANG 0	0	0
	}
}
*HELPEROBJECT {
	*NODE_NAME "Bip01 Bone13"
	*NODE_PARENT "Bip01 Bone12"
	*NODE_TM {
		*NODE_NAME "Bip01 Bone13"
		*TM_ROW0 0.67672	0.73589	0.0226971
		*TM_ROW1 -0.26676	0.273811	-0.924049
		*TM_ROW2 -0.686213	0.619268	0.3816
		*TM_ROW3 358.968	-32.4805	635.411
		*TM_POS 358.968	-32.4805	635.411
		*TM_ROTAXIS 0.782524	0.359446	-0.508384
		*TM_ROTANGLE 1.40396
		*TM_SCALE 1	1	1
		*TM_SCALEAXIS 0	0	0
		*TM_SCALEAXISANG 0	0	0
	}
}
*HELPEROBJECT {
	*NODE_NAME "Bip01 L Thigh"
	*NODE_PARENT "Bip01 Spine"
	*NODE_TM {
		*NODE_NAME "Bip01 L Thigh"
		*TM_ROW0 0.694648	-0.577216	-0.429285
		*TM_ROW1 0.186039	-0.432311	0.882325
		*TM_ROW2 -0.694877	-0.692769	-0.192919
		*TM_ROW3 32.8581	-83.5578	157.206
		*TM_POS 32.8581	-83.5578	157.206
		*TM_ROTAXIS -0.889725	0.150025	0.431141
		*TM_ROTANGLE 2.05476
		*TM_SCALE 1	1	1
		*TM_SCALEAXIS 0	0	0
		*TM_SCALEAXISANG 0	0	0
	}
}
*HELPEROBJECT {
	*NODE_NAME "Bip01 L Calf"
	*NODE_PARENT "Bip01 L Thigh"
	*NODE_TM {
		*NODE_NAME "Bip01 L Calf"
		*TM_ROW0 -0.413216	0.604204	-0.681315
		*TM_ROW1 0.588557	-0.393712	-0.70611
		*TM_ROW2 -0.694877	-0.692769	-0.19292
		*TM_ROW3 107.864	-145.884	110.854
		*TM_POS 107.864	-145.884	110.854
		*TM_ROTAXIS 0.541632	0.550561	-0.63523
		*TM_ROTANGLE 3.12928
		*TM_SCALE 1	1	1
		*TM_SCALEAXIS 0	0	0
		*TM_SCALEAXISANG 0	0	0
	}
}
*HELPEROBJECT {
	*NODE_NAME "Bip01 L Foot"
	*NODE_PARENT "Bip01 L Calf"
	*NODE_TM {
		*NODE_NAME "Bip01 L Foot"
		*TM_ROW0 -0.0482346	0.617809	-0.784848
		*TM_ROW1 0.230037	-0.757769	-0.610631
		*TM_ROW2 -0.971986	-0.209997	-0.105568
		*TM_ROW3 73.3732	-95.4514	53.9846
		*TM_POS 73.3732	-95.4514	53.9846
		*TM_ROTAXIS 0.6812	0.318193	-0.659332
		*TM_ROTANGLE 2.84312
		*TM_SCALE 1	1	1
		*TM_SCALEAXIS 0	0	0
		*TM_SCALEAXISANG 0	0	0
	}
}
*HELPEROBJECT {
	*NODE_NAME "Bip01 L Toe0"
	*NODE_PARENT "Bip01 L Foot"
	*NODE_TM {
		*NODE_NAME "Bip01 L Toe0"
		*TM_ROW0 0.28917	-0.956681	-0.0338004
		*TM_ROW1 -0.0779355	-0.0587192	0.995228
		*TM_ROW2 -0.9541	-0.285156	-0.0915393
		*TM_ROW3 91.5888	-114.918	12.7217
		*TM_POS 91.5888	-114.918	12.7217
		*TM_ROTAXIS -0.709299	0.509822	0.486802
		*TM_ROTANGLE 2.01589
		*TM_SCALE 1	1	1
		*TM_SCALEAXIS 0	0	0
		*TM_SCALEAXISANG 0	0	0
	}
}
*HELPEROBJECT {
	*NODE_NAME "Bip01 L Toe0Nub"
	*NODE_PARENT "Bip01 L Toe0"
	*NODE_TM {
		*NODE_NAME "Bip01 L Toe0Nub"
		*TM_ROW0 -0.289168	0.956682	0.0337994
		*TM_ROW1 0.077935	0.058718	-0.995228
		*TM_ROW2 -0.954101	-0.285154	-0.0915381
		*TM_ROW3 103.253	-153.507	11.3583
		*TM_POS 103.253	-153.507	11.3583
		*TM_ROTAXIS 0.473136	0.658257	-0.585526
		*TM_ROTANGLE 2.29294
		*TM_SCALE 1	1	1
		*TM_SCALEAXIS 0	0	0
		*TM_SCALEAXISANG 0	0	0
	}
}
*HELPEROBJECT {
	*NODE_NAME "Bip01 L Toe1"
	*NODE_PARENT "Bip01 L Foot"
	*NODE_TM {
		*NODE_NAME "Bip01 L Toe1"
		*TM_ROW0 0.215286	-0.975675	-0.0413613
		*TM_ROW1 -0.094314	-0.0629298	0.993552
		*TM_ROW2 -0.971986	-0.209997	-0.105568
		*TM_ROW3 82.9285	-116.789	11.7811
		*TM_POS 82.9285	-116.789	11.7811
		*TM_ROTAXIS -0.684521	0.529295	0.501276
		*TM_ROTANGLE 2.06759
		*TM_SCALE 1	1	1
		*TM_SCALEAXIS 0	0	0
		*TM_SCALEAXISANG 0	0	0
	}
}
*HELPEROBJECT {
	*NODE_NAME "Bip01 L Toe2"
	*NODE_PARENT "Bip01 L Foot"
	*NODE_TM {
		*NODE_NAME "Bip01 L Toe2"
		*TM_ROW0 0.157009	-0.986432	-0.0479702
		*TM_ROW1 -0.107234	-0.0653133	0.992086
		*TM_ROW2 -0.981758	-0.150622	-0.116034
		*TM_ROW3 74.2682	-118.66	10.8405
		*TM_POS 74.2682	-118.66	10.8405
		*TM_ROTAXIS 0.665228	-0.543605	-0.511825
		*TM_ROTANGLE 4.17468
		*TM_SCALE 1	1	1
		*TM_SCALEAXIS 0	0	0
		*TM_SCALEAXISANG 0	0	0
	}
}
*HELPEROBJECT {
	*NODE_NAME "Bip01 L Toe3"
	*NODE_PARENT "Bip01 L Foot"
	*NODE_TM {
		*NODE_NAME "Bip01 L Toe3"
		*TM_ROW0 -0.550332	0.190786	-0.812857
		*TM_ROW1 -0.648005	0.516326	0.559908
		*TM_ROW2 0.526521	0.834871	-0.16052
		*TM_ROW3 63.3271	-95.6914	35.4052
		*TM_POS 63.3271	-95.6914	35.4052
		*TM_ROTAXIS -0.171413	0.834976	0.522907
		*TM_ROTANGLE 4.0723
		*TM_SCALE 1	1	1
		*TM_SCALEAXIS 0	0	0
		*TM_SCALEAXISANG 0	0	0
	}
}
*HELPEROBJECT {
	*NODE_NAME "Bip01 R Thigh"
	*NODE_PARENT "Bip01 Spine"
	*NODE_TM {
		*NODE_NAME "Bip01 R Thigh"
		*TM_ROW0 -0.693706	-0.597449	-0.402277
		*TM_ROW1 -0.161304	-0.415463	0.895193
		*TM_ROW2 -0.701963	0.68589	0.191839
		*TM_ROW3 -32.7241	-83.5677	157.356
		*TM_POS -32.7241	-83.5677	157.356
		*TM_ROTAXIS 0.367798	-0.526624	-0.766415
		*TM_ROTANGLE 3.43011
		*TM_SCALE 1	1	1
		*TM_SCALEAXIS 0	0	0
		*TM_SCALEAXISANG 0	0	0
	}
}
*HELPEROBJECT {
	*NODE_NAME "Bip01 R Calf"
	*NODE_PARENT "Bip01 R Thigh"
	*NODE_TM {
		*NODE_NAME "Bip01 R Calf"
		*TM_ROW0 0.389847	0.595454	-0.702462
		*TM_ROW1 -0.596043	-0.418315	-0.685379
		*TM_ROW2 -0.701963	0.685891	0.191838
		*TM_ROW3 -107.628	-148.078	113.919
		*TM_POS -107.628	-148.078	113.919
		*TM_ROTAXIS 0.754854	-0.000275022	-0.655893
		*TM_ROTANGLE 2.00239
		*TM_SCALE 1	1	1
		*TM_SCALEAXIS 0	0	0
		*TM_SCALEAXISANG 0	0	0
	}
}
*HELPEROBJECT {
	*NODE_NAME "Bip01 R Foot"
	*NODE_PARENT "Bip01 R Calf"
	*NODE_TM {
		*NODE_NAME "Bip01 R Foot"
		*TM_ROW0 0.0444942	0.631428	-0.774157
		*TM_ROW1 -0.232619	-0.747075	-0.62271
		*TM_ROW2 -0.97155	0.20779	0.113642
		*TM_ROW3 -74.105	-96.8745	53.5136
		*TM_POS -74.105	-96.8745	53.5136
		*TM_ROTAXIS 0.68376	0.162516	-0.71138
		*TM_ROTANGLE 2.48893
		*TM_SCALE 1	1	1
		*TM_SCALEAXIS 0	0	0
		*TM_SCALEAXISANG 0	0	0
	}
}
*HELPEROBJECT {
	*NODE_NAME "Bip01 R Toe0"
	*NODE_PARENT "Bip01 R Foot"
	*NODE_TM {
		*NODE_NAME "Bip01 R Toe0"
		*TM_ROW0 -0.28907	-0.956044	-0.0491746
		*TM_ROW1 0.0824872	-0.0760516	0.993686
		*TM_ROW2 -0.953748	0.283188	0.100846
		*TM_ROW3 -92.7318	-115.432	12.1417
		*TM_POS -92.7318	-115.432	12.1417
		*TM_ROTAXIS 0.458471	-0.583704	-0.670145
		*TM_ROTANGLE 4.02808
		*TM_SCALE 1	1	1
		*TM_SCALEAXIS 0	0	0
		*TM_SCALEAXISANG 0	0	0
	}
}
*HELPEROBJECT {
	*NODE_NAME "Bip01 R Toe0Nub"
	*NODE_PARENT "Bip01 R Toe0"
	*NODE_TM {
		*NODE_NAME "Bip01 R Toe0Nub"
		*TM_ROW0 -0.28907	-0.956044	-0.0491746
		*TM_ROW1 0.0824872	-0.0760516	0.993686
		*TM_ROW2 -0.953748	0.283188	0.100846
		*TM_ROW3 -104.392	-153.996	10.1582
		*TM_POS -104.392	-153.996	10.1582
		*TM_ROTAXIS 0.458471	-0.583704	-0.670145
		*TM_ROTANGLE 4.02808
		*TM_SCALE 1	1	1
		*TM_SCALEAXIS 0	0	0
		*TM_SCALEAXISANG 0	0	0
	}
}
*HELPEROBJECT {
	*NODE_NAME "Bip01 R Toe1"
	*NODE_PARENT "Bip01 R Foot"
	*NODE_TM {
		*NODE_NAME "Bip01 R Toe1"
		*TM_ROW0 -0.215217	-0.974878	-0.0574021
		*TM_ROW1 0.0988596	-0.0802267	0.991862
		*TM_ROW2 -0.97155	0.207791	0.113642
		*TM_ROW3 -84.1441	-117.269	11.1372
		*TM_POS -84.1441	-117.269	11.1372
		*TM_ROTAXIS 0.485948	-0.566566	-0.665476
		*TM_ROTANGLE 4.08021
		*TM_SCALE 1	1	1
		*TM_SCALEAXIS 0	0	0
		*TM_SCALEAXISANG 0	0	0
	}
}
*HELPEROBJECT {
	*NODE_NAME "Bip01 R Toe2"
	*NODE_PARENT "Bip01 R Foot"
	*NODE_TM {
		*NODE_NAME "Bip01 R Toe2"
		*TM_ROW0 -0.156968	-0.985497	-0.064464
		*TM_ROW1 0.111772	-0.0825809	0.990297
		*TM_ROW2 -0.981258	0.148239	0.123113
		*TM_ROW3 -75.5564	-119.105	10.1327
		*TM_POS -75.5564	-119.105	10.1327
		*TM_ROTAXIS 0.50745	-0.552489	-0.661249
		*TM_ROTANGLE 4.12015
		*TM_SCALE 1	1	1
		*TM_SCALEAXIS 0	0	0
		*TM_SCALEAXISANG 0	0	0
	}
}
*HELPEROBJECT {
	*NODE_NAME "Bip01 R Toe3"
	*NODE_PARENT "Bip01 R Foot"
	*NODE_TM {
		*NODE_NAME "Bip01 R Toe3"
		*TM_ROW0 0.546571	0.205129	-0.811901
		*TM_ROW1 0.650416	0.506697	0.565878
		*TM_ROW2 0.527466	-0.837365	0.143526
		*TM_ROW3 -64.2311	-96.174	34.5949
		*TM_POS -64.2311	-96.174	34.5949
		*TM_ROTAXIS -0.705043	-0.672949	0.223729
		*TM_ROTANGLE 1.47224
		*TM_SCALE 1	1	1
		*TM_SCALEAXIS 0	0	0
		*TM_SCALEAXISANG 0	0	0
	}
}
*HELPEROBJECT {
	*NODE_NAME "Bip01 Tail"
	*NODE_PARENT "Bip01 Spine"
	*NODE_TM {
		*NODE_NAME "Bip01 Tail"
		*TM_ROW0 0.000482336	0.96136	0.275294
		*TM_ROW1 0.00222877	-0.275295	0.961357
		*TM_ROW2 0.999997	0.000149846	-0.00227539
		*TM_ROW3 0.070902	-65.0426	139.089
		*TM_POS 0.070902	-65.0426	139.089
		*TM_ROTAXIS 0.624497	0.47084	0.623148
		*TM_ROTANGLE 4.01978
		*TM_SCALE 1	1	1
		*TM_SCALEAXIS 0	0	0
		*TM_SCALEAXISANG 0	0	0
	}
}
*HELPEROBJECT {
	*NODE_NAME "Bip01 Tail1"
	*NODE_PARENT "Bip01 Tail"
	*NODE_TM {
		*NODE_NAME "Bip01 Tail1"
		*TM_ROW0 0.00211196	0.318718	0.947847
		*TM_ROW1 0.000865921	-0.94785	0.318716
		*TM_ROW2 0.999997	0.000147656	-0.0022778
		*TM_ROW3 0.115568	24.2408	164.613
		*TM_POS 0.115568	24.2408	164.613
		*TM_ROTAXIS 0.703197	0.115114	0.701614
		*TM_ROTANGLE 3.37009
		*TM_SCALE 1	1	1
		*TM_SCALEAXIS 0	0	0
		*TM_SCALEAXISANG 0	0	0
	}
}
*HELPEROBJECT {
	*NODE_NAME "Bip01 Tail2"
	*NODE_PARENT "Bip01 Tail1"
	*NODE_TM {
		*NODE_NAME "Bip01 Tail2"
		*TM_ROW0 0.00226925	-0.179655	0.983727
		*TM_ROW1 -0.000263147	-0.98373	-0.179655
		*TM_ROW2 0.999998	0.000148788	-0.0022793
		*TM_ROW3 0.309406	53.5843	251.642
		*TM_POS 0.309406	53.5843	251.642
		*TM_ROTAXIS 0.706469	-0.0639281	0.704851
		*TM_ROTANGLE 3.01399
		*TM_SCALE 1	1	1
		*TM_SCALEAXIS 0	0	0
		*TM_SCALEAXISANG 0	0	0
	}
}
*HELPEROBJECT {
	*NODE_NAME "Bip01 Tail3"
	*NODE_PARENT "Bip01 Tail2"
	*NODE_TM {
		*NODE_NAME "Bip01 Tail3"
		*TM_ROW0 0.00164244	0.645661	0.763622
		*TM_ROW1 0.00158378	-0.763624	0.645659
		*TM_ROW2 0.999997	0.000148982	-0.00227674
		*TM_ROW3 0.554651	34.2057	358.006
		*TM_POS 0.554651	34.2057	358.006
		*TM_ROTAXIS 0.685244	0.250925	0.683723
		*TM_ROTANGLE 3.63203
		*TM_SCALE 1	1	1
		*TM_SCALEAXIS 0	0	0
		*TM_SCALEAXISANG 0	0	0
	}
}
*HELPEROBJECT {
	*NODE_NAME "Bip01 Tail4"
	*NODE_PARENT "Bip01 Tail3"
	*NODE_TM {
		*NODE_NAME "Bip01 Tail4"
		*TM_ROW0 0.000236291	0.985646	0.16883
		*TM_ROW1 0.00226876	-0.168831	0.985642
		*TM_ROW2 0.999997	0.000150203	-0.00227599
		*TM_ROW3 0.702832	92.531	426.916
		*TM_POS 0.702832	92.531	426.916
		*TM_ROTAXIS 0.607789	0.512611	0.606484
		*TM_ROTANGLE 4.08697
		*TM_SCALE 1	1	1
		*TM_SCALEAXIS 0	0	0
		*TM_SCALEAXISANG 0	0	0
	}
}
*HELPEROBJECT {
	*NODE_NAME "Bip01 Tailnub"
	*NODE_PARENT "Bip01 Tail4"
	*NODE_TM {
		*NODE_NAME "Bip01 Tailnub"
		*TM_ROW0 0.00227121	-0.168046	0.985776
		*TM_ROW1 0.000234447	0.98578	0.168045
		*TM_ROW2 -0.999997	-0.000150546	0.00227831
		*TM_ROW3 0.720852	167.86	439.819
		*TM_POS 0.720852	167.86	439.819
		*TM_ROTAXIS -0.084099	0.992899	0.0841411
		*TM_ROTANGLE 1.57563
		*TM_SCALE 1	1	1
		*TM_SCALEAXIS 0	0	0
		*TM_SCALEAXISANG 0	0	0
	}
}
*HELPEROBJECT {
	*NODE_NAME "Dummy"
	*NODE_PARENT "Bip01 Headnub"
	*NODE_TM {
		*NODE_NAME "Dummy"
		*TM_ROW0 -1	-0	0
		*TM_ROW1 -0	-1	0
		*TM_ROW2 -0	-0	1
		*TM_ROW3 0.658614	-339.72	399.909
		*TM_POS 0.658614	-339.72	399.909
		*TM_ROTAXIS 0	0	-1
		*TM_ROTANGLE 3.14159
		*TM_SCALE 1	1	1
		*TM_SCALEAXIS 0	0	0
		*TM_SCALEAXISANG 0	0	0
	}
}
*HELPEROBJECT {
	*NODE_NAME "Dummy1"
	*NODE_PARENT "Bip01 Jaw02"
	*NODE_TM {
		*NODE_NAME "Dummy1"
		*TM_ROW0 -1	-0	0
		*TM_ROW1 -0	-1	0
		*TM_ROW2 -0	-0	1
		*TM_ROW3 0.722164	-190.747	420.961
		*TM_POS 0.722164	-190.747	420.961
		*TM_ROTAXIS 0	0	-1
		*TM_ROTANGLE 3.14159
		*TM_SCALE 1	1	1
		*TM_SCALEAXIS 0	0	0
		*TM_SCALEAXISANG 0	0	0
	}
}
*HELPEROBJECT {
	*NODE_NAME "Dummy2"
	*NODE_PARENT "Bip01 L Finger0Nub"
	*NODE_TM {
		*NODE_NAME "Dummy2"
		*TM_ROW0 -1	-0	0
		*TM_ROW1 -0	-1	0
		*TM_ROW2 -0	-0	1
		*TM_ROW3 79.9204	-255.919	252.526
		*TM_POS 79.9204	-255.919	252.526
		*TM_ROTAXIS 0	0	-1
		*TM_ROTANGLE 3.14159
		*TM_SCALE 1	1	1
		*TM_SCALEAXIS 0	0	0
		*TM_SCALEAXISANG 0	0	0
	}
}
*HELPEROBJECT {
	*NODE_NAME "Dummy3"
	*NODE_PARENT "Bip01 L Finger1"
	*NODE_TM {
		*NODE_NAME "Dummy3"
		*TM_ROW0 -1	-0	0
		*TM_ROW1 -0	-1	0
		*TM_ROW2 -0	-0	1
		*TM_ROW3 137.527	-279.875	282.682
		*TM_POS 137.527	-279.875	282.682
		*TM_ROTAXIS 0	0	-1
		*TM_ROTANGLE 3.14159
		*TM_SCALE 1	1	1
		*TM_SCALEAXIS 0	0	0
		*TM_SCALEAXISANG 0	0	0
	}
}
*HELPEROBJECT {
	*NODE_NAME "Dummy4"
	*NODE_PARENT "Bip01 L Finger2"
	*NODE_TM {
		*NODE_NAME "Dummy4"
		*TM_ROW0 -1	-0	0
		*TM_ROW1 -0	-1	0
		*TM_ROW2 -0	-0	1
		*TM_ROW3 144.519	-273.849	276.055
		*TM_POS 144.519	-273.849	276.055
		*TM_ROTAXIS 0	0	-1
		*TM_ROTANGLE 3.14159
		*TM_SCALE 1	1	1
		*TM_SCALEAXIS 0	0	0
		*TM_SCALEAXISANG 0	0	0
	}
}
*HELPEROBJECT {
	*NODE_NAME "Dummy5"
	*NODE_PARENT "Bip01 L Finger3"
	*NODE_TM {
		*NODE_NAME "Dummy5"
		*TM_ROW0 -1	-0	0
		*TM_ROW1 -0	-1	0
		*TM_ROW2 -0	-0	1
		*TM_ROW3 151.413	-267.915	269.525
		*TM_POS 151.413	-267.915	269.525
		*TM_ROTAXIS 0	0	-1
		*TM_ROTANGLE 3.14159
		*TM_SCALE 1	1	1
		*TM_SCALEAXIS 0	0	0
		*TM_SCALEAXISANG 0	0	0
	}
}
*HELPEROBJECT {
	*NODE_NAME "Dummy6"
	*NODE_PARENT "Bip01 R Finger0Nub"
	*NODE_TM {
		*NODE_NAME "Dummy6"
		*TM_ROW0 -1	-0	0
		*TM_ROW1 -0	-1	0
		*TM_ROW2 -0	-0	1
		*TM_ROW3 -94.9308	-249.423	239.505
		*TM_POS -94.9308	-249.423	239.505
		*TM_ROTAXIS 0	0	-1
		*TM_ROTANGLE 3.14159
		*TM_SCALE 1	1	1
		*TM_SCALEAXIS 0	0	0
		*TM_SCALEAXISANG 0	0	0
	}
}
*HELPEROBJECT {
	*NODE_NAME "Dummy7"
	*NODE_PARENT "Bip01 R Finger1"
	*NODE_TM {
		*NODE_NAME "Dummy7"
		*TM_ROW0 -1	-0	0
		*TM_ROW1 -0	-1	0
		*TM_ROW2 -0	-0	1
		*TM_ROW3 -138.237	-278.045	282.62
		*TM_POS -138.237	-278.045	282.62
		*TM_ROTAXIS 0	0	-1
		*TM_ROTANGLE 3.14159
		*TM_SCALE 1	1	1
		*TM_SCALEAXIS 0	0	0
		*TM_SCALEAXISANG 0	0	0
	}
}
*HELPEROBJECT {
	*NODE_NAME "Dummy8"
	*NODE_PARENT "Bip01 R Finger2"
	*NODE_TM {
		*NODE_NAME "Dummy8"
		*TM_ROW0 -1	-0	0
		*TM_ROW1 -0	-1	0
		*TM_ROW2 -0	-0	1
		*TM_ROW3 -145.101	-271.848	276.044
		*TM_POS -145.101	-271.848	276.044
		*TM_ROTAXIS 0	0	-1
		*TM_ROTANGLE 3.14159
		*TM_SCALE 1	1	1
		*TM_SCALEAXIS 0	0	0
		*TM_SCALEAXISANG 0	0	0
	}
}
*HELPEROBJECT {
	*NODE_NAME "Dummy9"
	*NODE_PARENT "Bip01 R Finger3"
	*NODE_TM {
		*NODE_NAME "Dummy9"
		*TM_ROW0 -1	-0	0
		*TM_ROW1 -0	-1	0
		*TM_ROW2 -0	-0	1
		*TM_ROW3 -151.887	-265.727	269.547
		*TM_POS -151.887	-265.727	269.547
		*TM_ROTAXIS 0	0	-1
		*TM_ROTANGLE 3.14159
		*TM_SCALE 1	1	1
		*TM_SCALEAXIS 0	0	0
		*TM_SCALEAXISANG 0	0	0
	}
}
*HELPEROBJECT {
	*NODE_NAME "Dummy10"
	*NODE_PARENT "Bip01 Bone19"
	*NODE_TM {
		*NODE_NAME "Dummy10"
		*TM_ROW0 -1	-0	0
		*TM_ROW1 -0	-1	0
		*TM_ROW2 -0	-0	1
		*TM_ROW3 -491.793	-216.43	739.234
		*TM_POS -491.793	-216.43	739.234
		*TM_ROTAXIS 0	0	-1
		*TM_ROTANGLE 3.14159
		*TM_SCALE 1	1	1
		*TM_SCALEAXIS 0	0	0
		*TM_SCALEAXISANG 0	0	0
	}
}
*HELPEROBJECT {
	*NODE_NAME "Dummy11"
	*NODE_PARENT "Bip01 Bone23"
	*NODE_TM {
		*NODE_NAME "Dummy11"
		*TM_ROW0 -1	-0	0
		*TM_ROW1 -0	-1	0
		*TM_ROW2 -0	-0	1
		*TM_ROW3 -267.346	-16.3171	444.604
		*TM_POS -267.346	-16.3171	444.604
		*TM_ROTAXIS 0	0	-1
		*TM_ROTANGLE 3.14159
