*3DSMAX_ASCIIEXPORT	110
*COMMENT "[ GothicSourcer v3.10 ] - August 2006"
*SCENE {
	*SCENE_FILENAME "HUM_BOWAUTOAIMT2.MAX"
	*SCENE_FIRSTFRAME 0
	*SCENE_LASTFRAME 8
	*SCENE_FRAMESPEED 1
	*SCENE_TICKSPERFRAME 4800
	*SCENE_BACKGROUND_STATIC 0	0	0
	*SCENE_AMBIENT_STATIC 0.2	0.2	0.2
}
*HELPEROBJECT {
	*NODE_NAME "Bip01"
	*NODE_TM {
		*NODE_NAME "Bip01"
		*TM_ROW0 6.27438e-006	-1	0
		*TM_ROW1 1	6.27438e-006	0
		*TM_ROW2 -0	-0	1
		*TM_ROW3 0	-7.37745	99.9496
		*TM_POS 0	-7.37745	99.9496
		*TM_ROTAXIS 0	0	1
		*TM_ROTANGLE 1.57079
		*TM_SCALE 1	1	1
		*TM_SCALEAXIS 0	0	0
		*TM_SCALEAXISANG 0	0	0
	}
}
*HELPEROBJECT {
	*NODE_NAME "Bip01 Pelvis"
	*NODE_PARENT "Bip01"
	*NODE_TM {
		*NODE_NAME "Bip01 Pelvis"
		*TM_ROW0 -5.96014e-008	1.79264e-006	1
		*TM_ROW1 -1.79264e-006	-1	1.79264e-006
		*TM_ROW2 1	-1.79264e-006	-5.96014e-008
		*TM_ROW3 1e-005	-8.0113	99.9496
		*TM_POS 1e-005	-8.0113	99.9496
		*TM_ROTAXIS 0.707107	0	0.707107
		*TM_ROTANGLE 3.1416
		*TM_SCALE 1	1	1
		*TM_SCALEAXIS 0	0	0
		*TM_SCALEAXISANG 0	0	0
	}
}
*HELPEROBJECT {
	*NODE_NAME "Bip01 Spine"
	*NODE_PARENT "Bip01 Pelvis"
	*NODE_TM {
		*NODE_NAME "Bip01 Spine"
		*TM_ROW0 6.6944e-008	-0.0205947	0.999788
		*TM_ROW1 5.48642e-006	-0.999788	-0.0205947
		*TM_ROW2 1	5.48642e-006	6.6944e-008
		*TM_ROW3 1e-005	-7.92216	102.35
		*TM_POS 1e-005	-7.92216	102.35
		*TM_ROTAXIS 0.707088	-0.00727998	0.707088
		*TM_ROTANGLE 3.12703
		*TM_SCALE 1	1	1
		*TM_SCALEAXIS 0	0	0
		*TM_SCALEAXISANG 0	0	0
	}
}
*HELPEROBJECT {
	*NODE_NAME "Bip01 Spine1"
	*NODE_PARENT "Bip01 Spine"
	*NODE_TM {
		*NODE_NAME "Bip01 Spine1"
		*TM_ROW0 6.76996e-008	-0.00276992	0.999996
		*TM_ROW1 -1.92621e-006	-0.999996	-0.00276991
		*TM_ROW2 1	-1.92621e-006	6.76996e-008
		*TM_ROW3 1e-005	-8.11442	112.175
		*TM_POS 1e-005	-8.11442	112.175
		*TM_ROTAXIS -0.707107	0.000979995	-0.707106
		*TM_ROTANGLE 3.14355
		*TM_SCALE 1	1	1
		*TM_SCALEAXIS 0	0	0
		*TM_SCALEAXISANG 0	0	0
	}
	*TM_ANIMATION {
		*NODE_NAME  "Bip01 Spine1"
		*CONTROL_POS_TRACK {
			*CONTROL_POS_SAMPLE 0	0.00177912	-8.11453	112.173
			*CONTROL_POS_SAMPLE 4800	0.00122388	-8.114	112.173
			*CONTROL_POS_SAMPLE 9600	0.00391303	-8.11509	112.173
			*CONTROL_POS_SAMPLE 14400	0.000739158	-8.11439	112.175
			*CONTROL_POS_SAMPLE 19200	0.00123706	-8.11405	112.175
			*CONTROL_POS_SAMPLE 24000	0.0029076	-8.11495	112.175
			*CONTROL_POS_SAMPLE 28800	-0.000166366	-8.11443	112.176
			*CONTROL_POS_SAMPLE 33600	0.00170681	-8.11454	112.176
			*CONTROL_POS_SAMPLE 38400	0.00363014	-8.11493	112.176
		}
		*CONTROL_ROT_TRACK {
			*CONTROL_ROT_SAMPLE 0	0.710974	-0.00979445	0.70315	3.37337
			*CONTROL_ROT_SAMPLE 4800	0.710974	-0.00979445	0.70315	3.37337
			*CONTROL_ROT_SAMPLE 9600	-0.697685	0.118817	-0.706483	2.69444
			*CONTROL_ROT_SAMPLE 14400	-0.704244	0.0558609	-0.707757	3.06353
			*CONTROL_ROT_SAMPLE 19200	-0.703727	0.0713408	-0.70688	3.03288
			*CONTROL_ROT_SAMPLE 24000	-0.699907	0.133375	-0.701671	2.91031
			*CONTROL_ROT_SAMPLE 28800	-0.69609	0.0705532	-0.71448	3.21662
			*CONTROL_ROT_SAMPLE 33600	-0.696547	0.117033	-0.707902	3.12544
			*CONTROL_ROT_SAMPLE 38400	0.693889	-0.194083	0.693434	3.3095
		}
		*CONTROL_SCALE_TRACK {
			*CONTROL_SCALE_SAMPLE	0	1	1	1	0	0	0	0
		}
	}
}
*HELPEROBJECT {
	*NODE_NAME "Bip01 Spine2"
	*NODE_PARENT "Bip01 Spine1"
	*NODE_TM {
		*NODE_NAME "Bip01 Spine2"
		*TM_ROW0 3.48622e-008	0.180243	0.983622
		*TM_ROW1 1.67638e-006	-0.983622	0.180243
		*TM_ROW2 1	1.67638e-006	3.48621e-008
		*TM_ROW3 1e-005	-8.1264	124.961
		*TM_POS 1e-005	-8.1264	124.961
		*TM_ROTAXIS 0.705652	0.0641202	0.705652
		*TM_ROTANGLE 3.26966
		*TM_SCALE 1	1	1
		*TM_SCALEAXIS 0	0	0
		*TM_SCALEAXISANG 0	0	0
	}
	*TM_ANIMATION {
		*NODE_NAME  "Bip01 Spine2"
		*CONTROL_POS_TRACK {
			*CONTROL_POS_SAMPLE 0	0.313395	-6.20186	124.811
			*CONTROL_POS_SAMPLE 4800	0.31863	-6.20165	124.812
			*CONTROL_POS_SAMPLE 9600	0.328622	-6.20841	124.814
			*CONTROL_POS_SAMPLE 14400	-0.0789458	-8.38888	124.96
			*CONTROL_POS_SAMPLE 19200	-0.0745042	-8.39061	124.961
			*CONTROL_POS_SAMPLE 24000	-0.067675	-8.39488	124.961
			*CONTROL_POS_SAMPLE 28800	-0.37703	-10.0295	124.816
			*CONTROL_POS_SAMPLE 33600	-0.368135	-10.0312	124.816
			*CONTROL_POS_SAMPLE 38400	-0.360074	-10.0365	124.814
		}
		*CONTROL_ROT_TRACK {
			*CONTROL_ROT_SAMPLE 0	-0.619173	-0.0907306	-0.779995	2.84789
			*CONTROL_ROT_SAMPLE 4800	-0.603574	0.0119869	-0.797217	2.68773
			*CONTROL_ROT_SAMPLE 9600	-0.574367	0.18119	-0.798294	2.3431
			*CONTROL_ROT_SAMPLE 14400	-0.664621	0.0625384	-0.744559	2.99227
			*CONTROL_ROT_SAMPLE 19200	-0.660169	0.126281	-0.740426	2.8733
			*CONTROL_ROT_SAMPLE 24000	-0.646777	0.235176	-0.725515	2.65962
			*CONTROL_ROT_SAMPLE 28800	0.746223	-0.0633372	0.662677	3.02781
			*CONTROL_ROT_SAMPLE 33600	0.744531	-0.18426	0.641656	3.27464
			*CONTROL_ROT_SAMPLE 38400	0.727147	-0.336981	0.598081	3.5733
		}
		*CONTROL_SCALE_TRACK {
			*CONTROL_SCALE_SAMPLE	0	1	1	1	0	0	0	0
		}
	}
}
*HELPEROBJECT {
	*NODE_NAME "Bip01 Neck"
	*NODE_PARENT "Bip01 Spine2"
	*NODE_TM {
		*NODE_NAME "Bip01 Neck"
		*TM_ROW0 6.08698e-007	-0.167043	0.98595
		*TM_ROW1 4.70132e-006	-0.98595	-0.167043
		*TM_ROW2 1	4.70132e-006	6.08698e-007
		*TM_ROW3 -2.11471e-012	-2.71656	154.454
		*TM_POS -2.11471e-012	-2.71656	154.454
		*TM_ROTAXIS -0.70586	0.05937	-0.705859
		*TM_ROTANGLE 3.2602
		*TM_SCALE 1	1	1
		*TM_SCALEAXIS 0	0	0
		*TM_SCALEAXISANG 0	0	0
	}
	*TM_ANIMATION {
		*NODE_NAME  "Bip01 Neck"
		*CONTROL_POS_TRACK {
			*CONTROL_POS_SAMPLE 0	-5.89142	3.86964	152.361
			*CONTROL_POS_SAMPLE 4800	-5.89118	3.87255	152.362
			*CONTROL_POS_SAMPLE 9600	-3.79975	5.64547	152.047
			*CONTROL_POS_SAMPLE 14400	-3.39075	-7.54185	154.751
			*CONTROL_POS_SAMPLE 19200	-3.32044	-7.41	154.754
			*CONTROL_POS_SAMPLE 24000	-2.97979	-6.90729	154.768
			*CONTROL_POS_SAMPLE 28800	3.11443	-15.1071	154.161
			*CONTROL_POS_SAMPLE 33600	3.00586	-15.665	154.074
			*CONTROL_POS_SAMPLE 38400	2.66092	-16.5481	153.928
		}
		*CONTROL_ROT_TRACK {
			*CONTROL_ROT_SAMPLE 0	-0.364041	-0.343908	-0.865564	3.45342
			*CONTROL_ROT_SAMPLE 4800	-0.454812	-0.238654	-0.858015	3.2044
			*CONTROL_ROT_SAMPLE 9600	-0.4367	0.00421875	-0.899598	3.09452
			*CONTROL_ROT_SAMPLE 14400	-0.62134	-0.0520983	-0.781807	3.78254
			*CONTROL_ROT_SAMPLE 19200	-0.608197	0.00704602	-0.793755	3.65464
			*CONTROL_ROT_SAMPLE 24000	-0.583651	0.102364	-0.805526	3.41964
			*CONTROL_ROT_SAMPLE 28800	-0.696531	0.00175029	-0.717525	4.06423
			*CONTROL_ROT_SAMPLE 33600	-0.67342	0.120401	-0.72939	3.79783
			*CONTROL_ROT_SAMPLE 38400	-0.635459	0.256233	-0.728379	3.45955
		}
		*CONTROL_SCALE_TRACK {
			*CONTROL_SCALE_SAMPLE	0	1	1	1	0	0	0	0
		}
	}
}
*HELPEROBJECT {
	*NODE_NAME "Bip01 Head"
	*NODE_PARENT "Bip01 Neck"
	*NODE_TM {
		*NODE_NAME "Bip01 Head"
		*TM_ROW0 -5.96015e-008	1.76921e-006	1
		*TM_ROW1 -1.79264e-006	-1	1.77916e-006
		*TM_ROW2 1	-1.79264e-006	-5.96014e-008
		*TM_ROW3 1.63729e-011	-3.85901	161.198
		*TM_POS 1.63729e-011	-3.85901	161.198
		*TM_ROTAXIS -0.707107	4.76653e-009	-0.707107
		*TM_ROTANGLE 3.14159
		*TM_SCALE 1	1	1
		*TM_SCALEAXIS 0	0	0
		*TM_SCALEAXISANG 0	0	0
	}
	*TM_ANIMATION {
		*NODE_NAME  "Bip01 Head"
		*CONTROL_POS_TRACK {
			*CONTROL_POS_SAMPLE 0	-10.6318	3.72468	157.289
			*CONTROL_POS_SAMPLE 4800	-9.89058	4.98764	157.796
			*CONTROL_POS_SAMPLE 9600	-8.02438	5.91035	157.418
			*CONTROL_POS_SAMPLE 14400	-4.11608	-10.34	160.948
			*CONTROL_POS_SAMPLE 19200	-4.54581	-10.1289	160.908
			*CONTROL_POS_SAMPLE 24000	-4.98679	-9.22015	160.882
			*CONTROL_POS_SAMPLE 28800	4.30643	-19.0324	159.633
			*CONTROL_POS_SAMPLE 33600	3.14592	-19.702	159.591
			*CONTROL_POS_SAMPLE 38400	1.54892	-20.2756	159.552
		}
		*CONTROL_ROT_TRACK {
			*CONTROL_ROT_SAMPLE 0	0.345299	0.70585	0.618502	2.69691
			*CONTROL_ROT_SAMPLE 4800	-0.380424	-0.547184	-0.745565	3.4274
			*CONTROL_ROT_SAMPLE 9600	-0.402586	-0.237272	-0.884096	3.13406
			*CONTROL_ROT_SAMPLE 14400	0.433782	0.628452	0.645664	2.02941
			*CONTROL_ROT_SAMPLE 19200	-0.566961	-0.338017	-0.751199	3.89974
			*CONTROL_ROT_SAMPLE 24000	-0.627924	-0.0643321	-0.775611	3.32186
			*CONTROL_ROT_SAMPLE 28800	0.689057	0.313222	0.653523	1.46853
			*CONTROL_ROT_SAMPLE 33600	0.743634	0.141939	0.653347	1.88849
			*CONTROL_ROT_SAMPLE 38400	0.821728	-0.101318	0.5608	2.50862
		}
		*CONTROL_SCALE_TRACK {
			*CONTROL_SCALE_SAMPLE	0	1	1	1	0	0	0	0
		}
	}
}
*HELPEROBJECT {
	*NODE_NAME "ZS_HELMET"
	*NODE_PARENT "Bip01 Head"
	*NODE_TM {
		*NODE_NAME "ZS_HELMET"
		*TM_ROW0 1	5.73874e-013	4.35659e-014
		*TM_ROW1 -4.07319e-013	0.996917	-0.0784593
		*TM_ROW2 -4.76109e-014	0.0784593	0.996918
		*TM_ROW3 1e-005	-7.06248	173.704
		*TM_POS 1e-005	-7.06248	173.704
		*TM_ROTAXIS 1	5.81045e-013	-6.25288e-012
		*TM_ROTANGLE 0.078541
		*TM_SCALE 1	1	1
		*TM_SCALEAXIS 0	0	0
		*TM_SCALEAXISANG 0	0	0
	}
}
*HELPEROBJECT {
	*NODE_NAME "Bip01 L Clavicle"
	*NODE_PARENT "Bip01 Neck"
	*NODE_TM {
		*NODE_NAME "Bip01 L Clavicle"
		*TM_ROW0 0.935229	-0.203893	-0.289439
		*TM_ROW1 0.156435	0.971369	-0.178803
		*TM_ROW2 0.317608	0.121943	0.940348
		*TM_ROW3 7.96399	-1.25804	148.729
		*TM_POS 7.96399	-1.25804	148.729
		*TM_ROTAXIS 0.391939	-0.791119	0.469589
		*TM_ROTANGLE 0.39376
		*TM_SCALE 1	1	1
		*TM_SCALEAXIS 0	0	0
		*TM_SCALEAXISANG 0	0	0
	}
	*TM_ANIMATION {
		*NODE_NAME  "Bip01 L Clavicle"
		*CONTROL_POS_TRACK {
			*CONTROL_POS_SAMPLE 0	3.24324	3.50586	148.412
			*CONTROL_POS_SAMPLE 4800	3.22918	1.49648	149.147
			*CONTROL_POS_SAMPLE 9600	3.62054	-0.552529	149.655
			*CONTROL_POS_SAMPLE 14400	5.38027	-7.29157	150.038
			*CONTROL_POS_SAMPLE 19200	5.38258	-8.61194	150.062
			*CONTROL_POS_SAMPLE 24000	4.97902	-10.5973	150.052
			*CONTROL_POS_SAMPLE 28800	10.4054	-12.1998	148.031
			*CONTROL_POS_SAMPLE 33600	10.4603	-15.4454	147.472
			*CONTROL_POS_SAMPLE 38400	8.99589	-19.4462	146.81
		}
		*CONTROL_ROT_TRACK {
			*CONTROL_ROT_SAMPLE 0	0.510243	0.748287	0.423933	0.682628
			*CONTROL_ROT_SAMPLE 4800	0.406437	0.643107	0.649016	0.850889
			*CONTROL_ROT_SAMPLE 9600	0.339858	0.455597	0.822756	1.24792
			*CONTROL_ROT_SAMPLE 14400	0.0596198	0.458186	0.886855	0.500414
			*CONTROL_ROT_SAMPLE 19200	0.0528241	0.34462	0.937255	0.659794
			*CONTROL_ROT_SAMPLE 24000	0.0584306	0.232103	0.970935	0.950932
			*CONTROL_ROT_SAMPLE 28800	-0.416911	-0.685045	0.59741	0.41352
			*CONTROL_ROT_SAMPLE 33600	-0.275975	-0.442452	0.853272	0.69737
			*CONTROL_ROT_SAMPLE 38400	-0.199743	-0.306486	0.930682	1.10648
		}
		*CONTROL_SCALE_TRACK {
			*CONTROL_SCALE_SAMPLE	0	1	1	1	0	0	0	0
		}
	}
}
*HELPEROBJECT {
	*NODE_NAME "Bip01 L UpperArm"
	*NODE_PARENT "Bip01 L Clavicle"
	*NODE_TM {
		*NODE_NAME "Bip01 L UpperArm"
		*TM_ROW0 0.246229	0.0989026	-0.964152
		*TM_ROW1 0.412789	0.889345	0.196649
		*TM_ROW2 0.876913	-0.446412	0.178157
		*TM_ROW3 20.4269	-3.97508	144.872
		*TM_POS 20.4269	-3.97508	144.872
		*TM_ROTAXIS -0.325561	-0.932072	0.15891
		*TM_ROTANGLE 1.41328
		*TM_SCALE 1	1	1
		*TM_SCALEAXIS 0	0	0
		*TM_SCALEAXISANG 0	0	0
	}
	*TM_ANIMATION {
		*NODE_NAME  "Bip01 L UpperArm"
		*CONTROL_POS_TRACK {
			*CONTROL_POS_SAMPLE 0	14.3601	1.08224	155.348
			*CONTROL_POS_SAMPLE 4800	12.7649	-3.82024	156.787
			*CONTROL_POS_SAMPLE 9600	8.89913	-9.54158	157.956
			*CONTROL_POS_SAMPLE 14400	17.0773	-12.917	153.054
			*CONTROL_POS_SAMPLE 19200	15.919	-16.2171	153.015
			*CONTROL_POS_SAMPLE 24000	12.7387	-21.0531	152.885
			*CONTROL_POS_SAMPLE 28800	22.8031	-15.0781	144.083
			*CONTROL_POS_SAMPLE 33600	20.9119	-22.3678	142.953
			*CONTROL_POS_SAMPLE 38400	15.2559	-30.0846	141.79
		}
		*CONTROL_ROT_TRACK {
			*CONTROL_ROT_SAMPLE 0	0.483885	0.80939	0.332782	1.39703
			*CONTROL_ROT_SAMPLE 4800	0.435835	0.715289	0.546269	1.58708
			*CONTROL_ROT_SAMPLE 9600	0.383169	0.557503	0.736459	1.79518
			*CONTROL_ROT_SAMPLE 14400	0.559986	-0.0587395	-0.826417	0.491442
			*CONTROL_ROT_SAMPLE 19200	0.395401	-0.172868	0.902095	0.702605
			*CONTROL_ROT_SAMPLE 24000	0.165751	-0.155952	0.973759	1.48023
			*CONTROL_ROT_SAMPLE 28800	-0.12368	-0.990842	0.0541751	1.02293
			*CONTROL_ROT_SAMPLE 33600	-0.0871257	-0.919887	0.382384	1.2264
			*CONTROL_ROT_SAMPLE 38400	-0.0479516	-0.795498	0.604056	1.52934
		}
		*CONTROL_SCALE_TRACK {
			*CONTROL_SCALE_SAMPLE	0	1	1	1	0	0	0	0
		}
	}
}
*HELPEROBJECT {
	*NODE_NAME "Bip01 L Forearm"
	*NODE_PARENT "Bip01 L UpperArm"
	*NODE_TM {
		*NODE_NAME "Bip01 L Forearm"
		*TM_ROW0 0.0455122	-0.291882	-0.955371
		*TM_ROW1 0.478489	0.845886	-0.235638
		*TM_ROW2 0.876913	-0.44641	0.17816
		*TM_ROW3 27.2982	-1.21526	117.966
		*TM_POS 27.2982	-1.21526	117.966
		*TM_ROTAXIS -0.10545	-0.916697	0.385419
		*TM_ROTANGLE 1.53601
		*TM_SCALE 1	1	1
		*TM_SCALEAXIS 0	0	0
		*TM_SCALEAXISANG 0	0	0
	}
	*TM_ANIMATION {
		*NODE_NAME  "Bip01 L Forearm"
		*CONTROL_POS_TRACK {
			*CONTROL_POS_SAMPLE 0	24.589	0.975286	181.311
			*CONTROL_POS_SAMPLE 4800	17.6973	-10.2217	183.497
			*CONTROL_POS_SAMPLE 9600	7.69825	-22.2907	182.75
			*CONTROL_POS_SAMPLE 14400	42.7159	-2.14314	150.752
			*CONTROL_POS_SAMPLE 19200	38.2483	-32.9366	152.254
			*CONTROL_POS_SAMPLE 24000	15.9592	-48.7718	152.648
			*CONTROL_POS_SAMPLE 28800	37.5426	-14.7303	120.39
			*CONTROL_POS_SAMPLE 33600	30.4738	-30.9306	118.174
			*CONTROL_POS_SAMPLE 38400	16.4729	-45.9064	118.836
		}
		*CONTROL_ROT_TRACK {
			*CONTROL_ROT_SAMPLE 0	0.483179	0.809504	0.333528	1.3975
			*CONTROL_ROT_SAMPLE 4800	0.435166	0.715325	0.546755	1.58785
			*CONTROL_ROT_SAMPLE 9600	0.382617	0.557543	0.736716	1.79622
			*CONTROL_ROT_SAMPLE 14400	0.981352	0.0736424	-0.177551	0.279263
			*CONTROL_ROT_SAMPLE 19200	0.36901	-0.145995	0.917887	0.767086
			*CONTROL_ROT_SAMPLE 24000	0.165736	-0.155718	0.973798	1.4816
			*CONTROL_ROT_SAMPLE 28800	-0.122973	-0.990861	0.0554272	1.02301
			*CONTROL_ROT_SAMPLE 33600	-0.0864441	-0.919595	0.383239	1.22694
			*CONTROL_ROT_SAMPLE 38400	-0.0473697	-0.795179	0.604522	1.53019
		}
		*CONTROL_SCALE_TRACK {
			*CONTROL_SCALE_SAMPLE	0	1	1	1	0	0	0	0
		}
	}
}
*HELPEROBJECT {
	*NODE_NAME "Bip01 L Hand"
	*NODE_PARENT "Bip01 L Forearm"
	*NODE_TM {
		*NODE_NAME "Bip01 L Hand"
		*TM_ROW0 0.0455132	-0.291886	-0.95537
		*TM_ROW1 -0.876533	0.44708	-0.17835
		*TM_ROW2 0.479185	0.845531	-0.2355
		*TM_ROW3 28.5642	-9.33439	91.391
		*TM_POS 28.5642	-9.33439	91.391
		*TM_ROTAXIS 0.551391	-0.772552	-0.314851
		*TM_ROTANGLE 1.95137
		*TM_SCALE 1	1	1
		*TM_SCALEAXIS 0	0	0
		*TM_SCALEAXISANG 0	0	0
	}
	*TM_ANIMATION {
		*NODE_NAME  "Bip01 L Hand"
		*CONTROL_POS_TRACK {
			*CONTROL_POS_SAMPLE 0	34.7593	0.840643	207.201
			*CONTROL_POS_SAMPLE 4800	22.5801	-16.6225	210.123
			*CONTROL_POS_SAMPLE 9600	6.46283	-35.0049	207.459
			*CONTROL_POS_SAMPLE 14400	70.4918	-0.70414	151.128
			*CONTROL_POS_SAMPLE 19200	59.3345	-51.0772	152.074
			*CONTROL_POS_SAMPLE 24000	19.1322	-76.4053	152.422
			*CONTROL_POS_SAMPLE 28800	52.2306	-14.4224	96.7701
			*CONTROL_POS_SAMPLE 33600	39.9885	-39.5009	93.4817
			*CONTROL_POS_SAMPLE 38400	17.661	-61.7029	95.9707
		}
		*CONTROL_ROT_TRACK {
			*CONTROL_ROT_SAMPLE 0	0.750518	0.129526	0.648032	3.22771
			*CONTROL_ROT_SAMPLE 4800	-0.688633	-0.016124	-0.72493	3.14566
			*CONTROL_ROT_SAMPLE 9600	-0.609666	0.290566	-0.737482	3.1223
			*CONTROL_ROT_SAMPLE 14400	0.997727	0.0561658	0.0372193	2.05497
			*CONTROL_ROT_SAMPLE 19200	0.916209	-0.316933	0.245185	2.1459
			*CONTROL_ROT_SAMPLE 24000	0.703621	-0.597253	0.384977	2.42464
			*CONTROL_ROT_SAMPLE 28800	0.641919	-0.598727	-0.479026	1.63214
			*CONTROL_ROT_SAMPLE 33600	0.516556	-0.796653	-0.31387	1.74423
			*CONTROL_ROT_SAMPLE 38400	0.304338	-0.952063	-0.0308926	1.69314
		}
		*CONTROL_SCALE_TRACK {
			*CONTROL_SCALE_SAMPLE	0	1	1	1	0	0	0	0
		}
	}
}
*HELPEROBJECT {
	*NODE_NAME "Bip01 L Finger0"
	*NODE_PARENT "Bip01 L Hand"
	*NODE_TM {
		*NODE_NAME "Bip01 L Finger0"
		*TM_ROW0 0.0455152	-0.291888	-0.955369
		*TM_ROW1 -0.876915	0.446405	-0.178165
		*TM_ROW2 0.478485	0.845886	-0.235643
		*TM_ROW3 29.15	-13.0909	79.0956
		*TM_POS 29.15	-13.0909	79.0956
		*TM_ROTAXIS 0.551581	-0.772311	-0.31511
		*TM_ROTANGLE 1.95181
		*TM_SCALE 1	1	1
		*TM_SCALEAXIS 0	0	0
		*TM_SCALEAXISANG 0	0	0
	}
	*TM_ANIMATION {
		*NODE_NAME  "Bip01 L Finger0"
		*CONTROL_POS_TRACK {
			*CONTROL_POS_SAMPLE 0	36.4088	4.05547	219.552
			*CONTROL_POS_SAMPLE 4800	21.9159	-16.3741	222.972
			*CONTROL_POS_SAMPLE 9600	3.16164	-39.3802	219.103
			*CONTROL_POS_SAMPLE 14400	83.2755	-0.0712858	152.469
			*CONTROL_POS_SAMPLE 19200	69.0133	-59.4947	153.116
			*CONTROL_POS_SAMPLE 24000	20.6051	-89.1457	153.486
			*CONTROL_POS_SAMPLE 28800	57.0698	-13.5189	84.8795
			*CONTROL_POS_SAMPLE 33600	41.7942	-41.7322	80.9363
			*CONTROL_POS_SAMPLE 38400	17.4274	-65.4933	83.6743
		}
		*CONTROL_ROT_TRACK {
			*CONTROL_ROT_SAMPLE 0	0.750511	0.129279	0.64809	3.22828
			*CONTROL_ROT_SAMPLE 4800	-0.688634	-0.0158453	-0.724936	3.14513
			*CONTROL_ROT_SAMPLE 9600	-0.609663	0.29085	-0.737372	3.12183
			*CONTROL_ROT_SAMPLE 14400	0.997729	0.0561385	0.0372323	2.05574
			*CONTROL_ROT_SAMPLE 19200	0.916242	-0.316967	0.245016	2.1466
			*CONTROL_ROT_SAMPLE 24000	0.703693	-0.59734	0.384708	2.42518
			*CONTROL_ROT_SAMPLE 28800	0.642132	-0.598404	-0.479145	1.63264
			*CONTROL_ROT_SAMPLE 33600	0.516792	-0.796399	-0.314123	1.74463
			*CONTROL_ROT_SAMPLE 38400	0.304646	-0.951953	-0.0312555	1.69338
		}
		*CONTROL_SCALE_TRACK {
			*CONTROL_SCALE_SAMPLE	0	1	1	1	0	0	0	0
		}
	}
}
*HELPEROBJECT {
	*NODE_NAME "ZS_LEFTHAND"
	*NODE_PARENT "Bip01 L Hand"
	*NODE_TM {
		*NODE_NAME "ZS_LEFTHAND"
		*TM_ROW0 0.435606	0.890062	-0.134303
		*TM_ROW1 0.180312	-0.232461	-0.955745
		*TM_ROW2 -0.881893	0.392112	-0.261751
		*TM_ROW3 26.7605	-11.5468	82.7857
		*TM_POS 26.7605	-11.5468	82.7857
		*TM_ROTAXIS 0.794322	0.440571	-0.418271
		*TM_ROTANGLE 2.12858
		*TM_SCALE 1	1	1
		*TM_SCALEAXIS 0	0	0
		*TM_SCALEAXISANG 0	0	0
	}
	*TM_ANIMATION {
		*NODE_NAME  "ZS_LEFTHAND"
		*CONTROL_POS_TRACK {
			*CONTROL_POS_SAMPLE 0	40.1468	0.853616	214.992
			*CONTROL_POS_SAMPLE 4800	26.277	-18.8986	218.541
			*CONTROL_POS_SAMPLE 9600	7.05933	-41.6831	214.15
			*CONTROL_POS_SAMPLE 14400	78.9206	2.1256	147.861
			*CONTROL_POS_SAMPLE 19200	67.3527	-54.7754	148.645
			*CONTROL_POS_SAMPLE 24000	22.3611	-84.581	148.892
			*CONTROL_POS_SAMPLE 28800	54.153	-9.1995	89.1051
			*CONTROL_POS_SAMPLE 33600	41.5377	-36.2076	84.7364
			*CONTROL_POS_SAMPLE 38400	20.4036	-60.4738	86.9873
		}
		*CONTROL_ROT_TRACK {
			*CONTROL_ROT_SAMPLE 0	-0.974949	-0.198288	0.100779	1.24486
			*CONTROL_ROT_SAMPLE 4800	-0.998915	-0.0255135	0.0389567	1.45772
			*CONTROL_ROT_SAMPLE 9600	-0.963255	0.208292	0.169568	1.95025
			*CONTROL_ROT_SAMPLE 14400	0.64362	0.755387	-0.123063	3.63536
			*CONTROL_ROT_SAMPLE 19200	0.866189	0.457038	-0.202073	3.4816
			*CONTROL_ROT_SAMPLE 24000	0.956038	0.110929	-0.271452	3.3139
			*CONTROL_ROT_SAMPLE 28800	0.69033	0.669763	-0.273609	2.14557
			*CONTROL_ROT_SAMPLE 33600	0.827219	0.466928	-0.31255	2.0344
			*CONTROL_ROT_SAMPLE 38400	0.969107	0.194601	-0.151535	1.96831
		}
		*CONTROL_SCALE_TRACK {
			*CONTROL_SCALE_SAMPLE	0	1	1	1	0	0	0	0
		}
	}
}
*HELPEROBJECT {
	*NODE_NAME "ZS_LEFTARM"
	*NODE_PARENT "Bip01 L Forearm"
	*NODE_TM {
		*NODE_NAME "ZS_LEFTARM"
		*TM_ROW0 0.0759923	-0.150176	-0.985735
		*TM_ROW1 0.524499	0.846792	-0.0885736
		*TM_ROW2 0.848013	-0.510285	0.143117
		*TM_ROW3 26.9101	-7.67833	110.055
		*TM_POS 26.9101	-7.67833	110.055
		*TM_ROTAXIS -0.21097	-0.917372	0.337521
		*TM_ROTANGLE 1.53784
		*TM_SCALE 1	1	1
		*TM_SCALEAXIS 0	0	0
		*TM_SCALEAXISANG 0	0	0
	}
}
*HELPEROBJECT {
	*NODE_NAME "Bip01 R Clavicle"
	*NODE_PARENT "Bip01 Neck"
	*NODE_TM {
		*NODE_NAME "Bip01 R Clavicle"
		*TM_ROW0 -0.935227	-0.203899	-0.28944
		*TM_ROW1 -0.156442	0.971369	-0.178799
		*TM_ROW2 0.317609	-0.121937	-0.940349
		*TM_ROW3 -7.96398	-1.25806	148.729
		*TM_POS -7.96398	-1.25806	148.729
		*TM_ROTAXIS -0.0929799	0.992639	-0.0775999
		*TM_ROTANGLE 3.45235
		*TM_SCALE 1	1	1
		*TM_SCALEAXIS 0	0	0
		*TM_SCALEAXISANG 0	0	0
	}
	*TM_ANIMATION {
		*NODE_NAME  "Bip01 R Clavicle"
		*CONTROL_POS_TRACK {
			*CONTROL_POS_SAMPLE 0	-12.2305	4.15637	144.693
			*CONTROL_POS_SAMPLE 4800	-11.2386	6.00044	144.24
			*CONTROL_POS_SAMPLE 9600	-6.71082	9.91289	143.537
			*CONTROL_POS_SAMPLE 14400	-10.1477	-4.24124	148.228
			*CONTROL_POS_SAMPLE 19200	-9.37752	-2.89803	148.268
			*CONTROL_POS_SAMPLE 24000	-7.38096	-0.695546	148.353
			*CONTROL_POS_SAMPLE 28800	-5.41172	-12.2158	149.912
			*CONTROL_POS_SAMPLE 33600	-4.30162	-10.1226	150.202
			*CONTROL_POS_SAMPLE 38400	-1.97622	-8.47354	150.405
		}
		*CONTROL_ROT_TRACK {
			*CONTROL_ROT_SAMPLE 0	-0.110923	0.976705	-0.183695	3.30106
			*CONTROL_ROT_SAMPLE 4800	0.017397	0.985186	-0.170605	3.34753
			*CONTROL_ROT_SAMPLE 9600	0.25256	0.951098	-0.177839	3.37062
			*CONTROL_ROT_SAMPLE 14400	-0.0582679	0.998129	-0.0185352	3.23919
			*CONTROL_ROT_SAMPLE 19200	0.0288883	0.999463	-0.0154863	3.23956
			*CONTROL_ROT_SAMPLE 24000	0.180526	0.983449	-0.0154557	3.23479
			*CONTROL_ROT_SAMPLE 28800	-0.15047	0.984379	0.091412	3.04052
			*CONTROL_ROT_SAMPLE 33600	0.022746	0.995438	0.0926632	3.01257
			*CONTROL_ROT_SAMPLE 38400	0.237864	0.96665	0.0949114	2.97918
		}
		*CONTROL_SCALE_TRACK {
			*CONTROL_SCALE_SAMPLE	0	1	1	1	0	0	0	0
		}
	}
}
*HELPEROBJECT {
	*NODE_NAME "Bip01 R UpperArm"
	*NODE_PARENT "Bip01 R Clavicle"
	*NODE_TM {
		*NODE_NAME "Bip01 R UpperArm"
		*TM_ROW0 -0.246232	0.0988932	-0.964153
		*TM_ROW1 -0.412793	0.889345	0.196642
		*TM_ROW2 0.876911	0.446415	-0.178163
		*TM_ROW3 -20.4269	-3.97513	144.872
		*TM_POS -20.4269	-3.97513	144.872
		*TM_ROTAXIS 0.12961	-0.955353	-0.265521
		*TM_ROTANGLE 1.84162
		*TM_SCALE 1	1	1
		*TM_SCALEAXIS 0	0	0
		*TM_SCALEAXISANG 0	0	0
	}
	*TM_ANIMATION {
		*NODE_NAME  "Bip01 R UpperArm"
		*CONTROL_POS_TRACK {
			*CONTROL_POS_SAMPLE 0	-25.0611	0.898622	143.166
			*CONTROL_POS_SAMPLE 4800	-24.275	5.98716	141.478
			*CONTROL_POS_SAMPLE 9600	-18.0109	15.6929	139.479
			*CONTROL_POS_SAMPLE 14400	-23.3191	-5.81173	146.961
			*CONTROL_POS_SAMPLE 19200	-22.6172	-2.15111	146.954
			*CONTROL_POS_SAMPLE 24000	-19.7821	4.00595	147.06
			*CONTROL_POS_SAMPLE 28800	-18.0675	-16.2764	150.87
			*CONTROL_POS_SAMPLE 33600	-17.5031	-9.68067	151.965
			*CONTROL_POS_SAMPLE 38400	-13.6286	-2.5914	153.086
		}
		*CONTROL_ROT_TRACK {
			*CONTROL_ROT_SAMPLE 0	0.798325	-0.59415	0.0982979	3.02675
			*CONTROL_ROT_SAMPLE 4800	0.769378	-0.63601	0.0595716	3.02493
			*CONTROL_ROT_SAMPLE 9600	-0.61083	0.788447	-0.0723664	3.27671
			*CONTROL_ROT_SAMPLE 14400	0.752227	-0.655721	0.0646935	3.02929
			*CONTROL_ROT_SAMPLE 19200	-0.620373	0.776143	-0.11287	3.38003
			*CONTROL_ROT_SAMPLE 24000	-0.505901	0.844553	-0.175485	3.35536
			*CONTROL_ROT_SAMPLE 28800	0.833058	-0.553087	0.0104819	2.93364
			*CONTROL_ROT_SAMPLE 33600	0.729874	-0.683135	0.024719	2.90171
			*CONTROL_ROT_SAMPLE 38400	-0.514636	0.856587	-0.0375228	3.15259
		}
		*CONTROL_SCALE_TRACK {
			*CONTROL_SCALE_SAMPLE	0	1	1	1	0	0	0	0
		}
	}
}
*HELPEROBJECT {
	*NODE_NAME "Bip01 R Forearm"
	*NODE_PARENT "Bip01 R UpperArm"
	*NODE_TM {
		*NODE_NAME "Bip01 R Forearm"
		*TM_ROW0 -0.0455087	-0.291889	-0.955369
		*TM_ROW1 -0.478487	0.845885	-0.235646
		*TM_ROW2 0.876915	0.446408	-0.17816
		*TM_ROW3 -27.2982	-1.21534	117.966
		*TM_POS -27.2982	-1.21534	117.966
		*TM_ROTAXIS 0.347279	-0.932937	-0.0950097
		*TM_ROTANGLE 1.76083
		*TM_SCALE 1	1	1
		*TM_SCALEAXIS 0	0	0
		*TM_SCALEAXISANG 0	0	0
	}
	*TM_ANIMATION {
		*NODE_NAME  "Bip01 R Forearm"
		*CONTROL_POS_TRACK {
			*CONTROL_POS_SAMPLE 0	-17.3302	-25.8013	145.632
			*CONTROL_POS_SAMPLE 4800	-19.0657	-21.4234	141.962
			*CONTROL_POS_SAMPLE 9600	-24.9327	-11.3357	138.971
			*CONTROL_POS_SAMPLE 14400	-19.5678	-33.4561	147.618
			*CONTROL_POS_SAMPLE 19200	-28.5571	-29.3879	145.692
			*CONTROL_POS_SAMPLE 24000	-32.931	-20.6081	146.96
			*CONTROL_POS_SAMPLE 28800	-7.05678	-41.7749	148.166
			*CONTROL_POS_SAMPLE 33600	-15.3037	-37.2738	148.428
			*CONTROL_POS_SAMPLE 38400	-26.7506	-27.2057	153.902
		}
		*CONTROL_ROT_TRACK {
			*CONTROL_ROT_SAMPLE 0	0.993411	-0.0178969	0.113203	3.16263
			*CONTROL_ROT_SAMPLE 4800	0.988372	-0.128438	0.081395	3.10623
			*CONTROL_ROT_SAMPLE 9600	0.994099	-0.0460525	0.098216	3.16399
			*CONTROL_ROT_SAMPLE 14400	0.979223	0.184541	0.0840701	3.17356
			*CONTROL_ROT_SAMPLE 19200	0.980286	0.115531	0.160288	3.20611
			*CONTROL_ROT_SAMPLE 24000	0.978851	0.113544	0.170172	3.37232
			*CONTROL_ROT_SAMPLE 28800	0.994477	0.0761168	0.0722656	2.9906
			*CONTROL_ROT_SAMPLE 33600	0.994992	0.000253506	0.0999491	3.00035
			*CONTROL_ROT_SAMPLE 38400	0.969904	-0.241581	0.0304207	3.1869
		}
		*CONTROL_SCALE_TRACK {
			*CONTROL_SCALE_SAMPLE	0	1	1	1	0	0	0	0
		}
	}
}
*HELPEROBJECT {
	*NODE_NAME "Bip01 R Hand"
	*NODE_PARENT "Bip01 R Forearm"
	*NODE_TM {
		*NODE_NAME "Bip01 R Hand"
		*TM_ROW0 -0.0455115	-0.291885	-0.95537
		*TM_ROW1 0.87653	0.447088	-0.17835
		*TM_ROW2 0.479192	-0.845527	0.235499
		*TM_ROW3 -28.5642	-9.33445	91.3911
		*TM_POS -28.5642	-9.33445	91.3911
		*TM_ROTAXIS -0.33922	-0.72939	0.59407
		*TM_ROTANGLE 1.75327
		*TM_SCALE 1	1	1
		*TM_SCALEAXIS 0	0	0
		*TM_SCALEAXISANG 0	0	0
	}
	*TM_ANIMATION {
		*NODE_NAME  "Bip01 R Hand"
		*CONTROL_POS_TRACK {
			*CONTROL_POS_SAMPLE 0	9.75468	-26.724	151.897
			*CONTROL_POS_SAMPLE 4800	7.46466	-28.5629	146.311
			*CONTROL_POS_SAMPLE 9600	2.22843	-13.8205	144.432
			*CONTROL_POS_SAMPLE 14400	5.96066	-23.3307	152.033
			*CONTROL_POS_SAMPLE 19200	-2.9108	-22.8058	154.218
			*CONTROL_POS_SAMPLE 24000	-7.41275	-13.4237	155.382
			*CONTROL_POS_SAMPLE 28800	20.1498	-37.89	152.46
			*CONTROL_POS_SAMPLE 33600	11.9588	-37.6511	153.934
			*CONTROL_POS_SAMPLE 38400	-2.23063	-40.1952	155.847
		}
		*CONTROL_ROT_TRACK {
			*CONTROL_ROT_SAMPLE 0	0.750138	0.515849	0.413754	2.32521
			*CONTROL_ROT_SAMPLE 4800	0.677948	0.4731	0.56264	2.30081
			*CONTROL_ROT_SAMPLE 9600	-0.606658	-0.207446	-0.76742	3.92088
			*CONTROL_ROT_SAMPLE 14400	0.950054	0.238025	-0.201845	0.84595
			*CONTROL_ROT_SAMPLE 19200	0.822667	-0.130016	0.553458	0.981173
			*CONTROL_ROT_SAMPLE 24000	0.511838	-0.30743	0.80219	1.53179
			*CONTROL_ROT_SAMPLE 28800	-0.114402	-0.982805	-0.144936	1.0619
			*CONTROL_ROT_SAMPLE 33600	-0.139791	-0.968583	0.205683	1.27766
			*CONTROL_ROT_SAMPLE 38400	-0.308638	-0.778187	0.546963	1.50108
		}
		*CONTROL_SCALE_TRACK {
			*CONTROL_SCALE_SAMPLE	0	1	1	1	0	0	0	0
		}
	}
}
*HELPEROBJECT {
	*NODE_NAME "Bip01 R Finger0"
	*NODE_PARENT "Bip01 R Hand"
	*NODE_TM {
		*NODE_NAME "Bip01 R Finger0"
		*TM_ROW0 -0.0455056	-0.291877	-0.955373
		*TM_ROW1 0.876914	0.446413	-0.178152
		*TM_ROW2 0.478489	-0.845886	0.235636
		*TM_ROW3 -29.1499	-13.0909	79.0956
		*TM_POS -29.1499	-13.0909	79.0956
		*TM_ROTAXIS -0.33952	-0.729071	0.594291
		*TM_ROTANGLE 1.75354
		*TM_SCALE 1	1	1
		*TM_SCALEAXIS 0	0	0
		*TM_SCALEAXISANG 0	0	0
	}
	*TM_ANIMATION {
		*NODE_NAME  "Bip01 R Finger0"
		*CONTROL_POS_TRACK {
			*CONTROL_POS_SAMPLE 0	13.1422	-22.2135	163.465
			*CONTROL_POS_SAMPLE 4800	8.74104	-27.0786	159.03
			*CONTROL_POS_SAMPLE 9600	1.1781	-17.9893	156.561
			*CONTROL_POS_SAMPLE 14400	18.4076	-20.4057	153.494
			*CONTROL_POS_SAMPLE 19200	8.11137	-29.3376	155.429
			*CONTROL_POS_SAMPLE 24000	-3.67174	-25.6858	156.507
			*CONTROL_POS_SAMPLE 28800	26.5062	-35.5193	141.524
			*CONTROL_POS_SAMPLE 33600	15.8562	-38.9463	141.738
			*CONTROL_POS_SAMPLE 38400	-0.194783	-44.3415	143.835
		}
		*CONTROL_ROT_TRACK {
			*CONTROL_ROT_SAMPLE 0	0.750066	0.516072	0.413607	2.32463
			*CONTROL_ROT_SAMPLE 4800	0.677855	0.473371	0.562523	2.30029
			*CONTROL_ROT_SAMPLE 9600	-0.606558	-0.207761	-0.767413	3.92134
			*CONTROL_ROT_SAMPLE 14400	0.949971	0.238141	-0.2021	0.84522
			*CONTROL_ROT_SAMPLE 19200	0.822434	-0.12988	0.553836	0.98054
			*CONTROL_ROT_SAMPLE 24000	0.511543	-0.307184	0.802472	1.53139
			*CONTROL_ROT_SAMPLE 28800	-0.115048	-0.982787	-0.144547	1.06198
			*CONTROL_ROT_SAMPLE 33600	-0.140298	-0.968434	0.20604	1.27777
			*CONTROL_ROT_SAMPLE 38400	-0.309011	-0.777877	0.547192	1.50132
		}
		*CONTROL_SCALE_TRACK {
			*CONTROL_SCALE_SAMPLE	0	1	1	1	0	0	0	0
		}
	}
}
*HELPEROBJECT {
	*NODE_NAME "ZS_RIGHTHAND"
	*NODE_PARENT "Bip01 R Hand"
	*NODE_TM {
		*NODE_NAME "ZS_RIGHTHAND"
		*TM_ROW0 -0.464344	0.856417	-0.225687
		*TM_ROW1 0.177861	0.339806	0.923525
		*TM_ROW2 0.867612	0.388692	-0.31011
		*TM_ROW3 -20.9389	-19.9852	85.8932
		*TM_POS -20.9389	-19.9852	85.8932
		*TM_ROTAXIS 0.383811	0.784581	0.486951
		*TM_ROTANGLE 3.91244
		*TM_SCALE 1	1	1
		*TM_SCALEAXIS 0	0	0
		*TM_SCALEAXISANG 0	0	0
	}
	*TM_ANIMATION {
		*NODE_NAME  "ZS_RIGHTHAND"
		*CONTROL_POS_TRACK {
			*CONTROL_POS_SAMPLE 0	19.7364	-13.8024	187.042
			*CONTROL_POS_SAMPLE 4800	10.9902	-24.7773	184.717
			*CONTROL_POS_SAMPLE 9600	-1.50675	-26.8288	180.744
			*CONTROL_POS_SAMPLE 14400	43.6248	-15.1243	156.002
			*CONTROL_POS_SAMPLE 19200	29.9946	-43.0234	157.419
			*CONTROL_POS_SAMPLE 24000	3.25138	-50.5613	158.354
			*CONTROL_POS_SAMPLE 28800	38.6396	-30.8408	119.141
			*CONTROL_POS_SAMPLE 33600	22.9755	-41.4484	116.975
			*CONTROL_POS_SAMPLE 38400	3.34921	-52.2165	119.431
		}
		*CONTROL_ROT_TRACK {
			*CONTROL_ROT_SAMPLE 0	0.598615	-0.408914	-0.688803	2.8761
			*CONTROL_ROT_SAMPLE 4800	0.642496	-0.348579	-0.682416	2.59827
			*CONTROL_ROT_SAMPLE 9600	0.600201	-0.354886	-0.716809	1.97012
			*CONTROL_ROT_SAMPLE 14400	0.0282727	0.0859248	-0.9959	3.3427
			*CONTROL_ROT_SAMPLE 19200	0.0529683	0.0837966	-0.995074	2.58008
			*CONTROL_ROT_SAMPLE 24000	0.0756069	0.0492747	-0.995919	1.83814
			*CONTROL_ROT_SAMPLE 28800	-0.503223	0.458446	-0.732525	2.78528
			*CONTROL_ROT_SAMPLE 33600	-0.511676	0.487471	-0.707503	2.34806
			*CONTROL_ROT_SAMPLE 38400	-0.383427	0.656976	-0.649128	1.90127
		}
		*CONTROL_SCALE_TRACK {
			*CONTROL_SCALE_SAMPLE	0	1	1	1	0	0	0	0
		}
	}
}
*HELPEROBJECT {
	*NODE_NAME "ZS_CROSSBOW"
	*NODE_PARENT "Bip01 Spine2"
	*NODE_TM {
		*NODE_NAME "ZS_CROSSBOW"
		*TM_ROW0 -0.382687	-0.111464	0.91713
		*TM_ROW1 -0.923878	0.0461715	-0.379891
		*TM_ROW2 -1.2517e-006	-0.992695	-0.120648
		*TM_ROW3 -14.434	10.5915	165.98
		*TM_POS -14.434	10.5915	165.98
		*TM_ROTAXIS -0.447329	0.669479	-0.593039
		*TM_ROTANGLE 2.38705
		*TM_SCALE 1	1	1
		*TM_SCALEAXIS 0	0	0
		*TM_SCALEAXISANG 0	0	0
	}
}
*HELPEROBJECT {
	*NODE_NAME "ZS_LONGSWORD"
	*NODE_PARENT "Bip01 Spine2"
	*NODE_TM {
		*NODE_NAME "ZS_LONGSWORD"
		*TM_ROW0 -0.499829	-0.0915011	0.861277
		*TM_ROW1 -0.865729	0.0828188	-0.493614
		*TM_ROW2 -0.0261636	-0.992355	-0.12061
		*TM_ROW3 -18.1593	6.92629	157.64
		*TM_POS -18.1593	6.92629	157.64
		*TM_ROTAXIS -0.38996	0.69388	-0.60536
		*TM_ROTANGLE 2.44778
		*TM_SCALE 1	1	1
		*TM_SCALEAXIS 0	0	0
		*TM_SCALEAXISANG 0	0	0
	}
}
*HELPEROBJECT {
	*NODE_NAME "ZS_SHIELD"
	*NODE_PARENT "Bip01 Spine2"
	*NODE_TM {
		*NODE_NAME "ZS_SHIELD"
		*TM_ROW0 -0.0138681	0.114196	-0.993362
		*TM_ROW1 -0.908393	0.413755	0.0602465
		*TM_ROW2 0.417888	0.903198	0.0979964
		*TM_ROW3 8.76511	9.5282	131.875
		*TM_POS 8.76511	9.5282	131.875
		*TM_ROTAXIS 0.435421	-0.728972	-0.528212
		*TM_ROTANGLE 1.82457
		*TM_SCALE 1	1	1
		*TM_SCALEAXIS 0	0	0
		*TM_SCALEAXISANG 0	0	0
	}
}
*HELPEROBJECT {
	*NODE_NAME "ZS_BOW"
	*NODE_PARENT "Bip01 Spine2"
	*NODE_TM {
		*NODE_NAME "ZS_BOW"
		*TM_ROW0 -0.341816	-0.0868229	0.935748
		*TM_ROW1 0.0119438	0.995242	0.0967059
		*TM_ROW2 -0.939691	0.044232	-0.339153
		*TM_ROW3 0.5012	12.4143	124.55
		*TM_POS 0.5012	12.4143	124.55
		*TM_ROTAXIS -0.0279299	0.998227	0.0525698
		*TM_ROTANGLE 1.92076
		*TM_SCALE 1	1	1
		*TM_SCALEAXIS 0	0	0
		*TM_SCALEAXISANG 0	0	0
	}
	*TM_ANIMATION {
		*NODE_NAME  "ZS_BOW"
		*CONTROL_POS_TRACK {
			*CONTROL_POS_SAMPLE 0	4.40268	13.6568	120.862
			*CONTROL_POS_SAMPLE 4800	4.40103	13.6581	120.861
			*CONTROL_POS_SAMPLE 9600	10.2992	11.4864	121.044
			*CONTROL_POS_SAMPLE 14400	3.1803	12.0049	124.584
			*CONTROL_POS_SAMPLE 19200	4.06681	11.843	124.588
			*CONTROL_POS_SAMPLE 24000	7.52031	10.8144	124.587
			*CONTROL_POS_SAMPLE 28800	1.06829	10.4471	127.116
			*CONTROL_POS_SAMPLE 33600	3.74558	10.0776	127.14
			*CONTROL_POS_SAMPLE 38400	8.02815	8.70758	127.058
		}
		*CONTROL_ROT_TRACK {
			*CONTROL_ROT_SAMPLE 0	0.159662	0.986817	-0.02647	1.91903
			*CONTROL_ROT_SAMPLE 4800	0.159433	0.986847	-0.0267386	1.91885
			*CONTROL_ROT_SAMPLE 9600	0.303547	0.949666	0.0774192	1.97237
			*CONTROL_ROT_SAMPLE 14400	0.0763357	0.996108	0.0440641	1.92582
			*CONTROL_ROT_SAMPLE 19200	0.0986166	0.993304	0.0601743	1.92728
			*CONTROL_ROT_SAMPLE 24000	0.183778	0.975577	0.120313	1.93893
			*CONTROL_ROT_SAMPLE 28800	-0.0106224	0.996817	0.079016	1.94701
			*CONTROL_ROT_SAMPLE 33600	0.0524144	0.990867	0.12424	1.9405
			*CONTROL_ROT_SAMPLE 38400	0.158629	0.966966	0.199534	1.94257
		}
		*CONTROL_SCALE_TRACK {
			*CONTROL_SCALE_SAMPLE	0	1	1	1	0	0	0	0
		}
	}
}
*HELPEROBJECT {
	*NODE_NAME "ZS_SWORD"
	*NODE_PARENT "Bip01 Spine"
	*NODE_TM {
		*NODE_NAME "ZS_SWORD"
		*TM_ROW0 5.79068e-007	-0.347172	0.937802
		*TM_ROW1 1.04308e-007	0.937802	0.347172
		*TM_ROW2 -1	-1.04308e-007	5.79068e-007
		*TM_ROW3 17.5015	-4.36211	106.367
		*TM_POS 17.5015	-4.36211	106.367
		*TM_ROTAXIS -0.17367	0.96937	0.17367
		*TM_ROTANGLE 1.6019
		*TM_SCALE 1	1	1
		*TM_SCALEAXIS 0	0	0
		*TM_SCALEAXISANG 0	0	0
	}
}
*HELPEROBJECT {
	*NODE_NAME "Bip01 L Thigh"
	*NODE_PARENT "Bip01 Pelvis"
	*NODE_TM {
		*NODE_NAME "Bip01 L Thigh"
		*TM_ROW0 0.0534879	-0.0367886	-0.997891
		*TM_ROW1 -0.00216181	-0.999323	0.0367256
		*TM_ROW2 -0.998566	0.000192882	-0.0535313
		*TM_ROW3 9.01023	-8.01129	99.9496
		*TM_POS 9.01023	-8.01129	99.9496
		*TM_ROTAXIS 0.72572	-0.01342	-0.68786
		*TM_ROTANGLE 3.16677
		*TM_SCALE 1	1	1
		*TM_SCALEAXIS 0	0	0
		*TM_SCALEAXISANG 0	0	0
	}
}
*HELPEROBJECT {
	*NODE_NAME "Bip01 L Calf"
	*NODE_PARENT "Bip01 L Thigh"
	*NODE_TM {
		*NODE_NAME "Bip01 L Calf"
		*TM_ROW0 0.0525131	0.197552	-0.978885
		*TM_ROW1 0.0103904	-0.980292	-0.197278
		*TM_ROW2 -0.998566	0.000188708	-0.0535307
		*TM_ROW3 11.1149	-9.45845	60.6877
		*TM_POS 11.1149	-9.45845	60.6877
		*TM_ROTAXIS 0.723901	0.0721501	-0.686121
		*TM_ROTANGLE 3.00478
		*TM_SCALE 1	1	1
		*TM_SCALEAXIS 0	0	0
		*TM_SCALEAXISANG 0	0	0
	}
}
*HELPEROBJECT {
	*NODE_NAME "Bip01 L Foot"
	*NODE_PARENT "Bip01 L Calf"
	*NODE_TM {
		*NODE_NAME "Bip01 L Foot"
		*TM_ROW0 -6.00563e-007	7.23674e-006	-1
		*TM_ROW1 0.173652	-0.984807	-7.2672e-006
		*TM_ROW2 -0.984807	-0.173652	-5.93313e-007
		*TM_ROW3 13.6935	0.240668	12.6267
		*TM_POS 13.6935	0.240668	12.6267
		*TM_ROTAXIS 0.705757	0.0617498	-0.705757
		*TM_ROTANGLE 3.26493
		*TM_SCALE 1	1	1
		*TM_SCALEAXIS 0	0	0
		*TM_SCALEAXISANG 0	0	0
	}
}
*HELPEROBJECT {
	*NODE_NAME "Bip01 L Toe0"
	*NODE_PARENT "Bip01 L Foot"
	*NODE_TM {
		*NODE_NAME "Bip01 L Toe0"
		*TM_ROW0 0.173646	-0.984808	5.05606e-006
		*TM_ROW1 5.06961e-006	5.93591e-006	1
		*TM_ROW2 -0.984808	-0.173646	5.91983e-006
		*TM_ROW3 17.6256	-22.0591	-2.43328e-006
		*TM_POS 17.6256	-22.0591	-2.43328e-006
		*TM_ROTAXIS -0.644398	0.540718	0.540718
		*TM_ROTANGLE 1.99673
		*TM_SCALE 1	1	1
		*TM_SCALEAXIS 0	0	0
		*TM_SCALEAXISANG 0	0	0
	}
}
*HELPEROBJECT {
	*NODE_NAME "Bip01 R Thigh"
	*NODE_PARENT "Bip01 Pelvis"
	*NODE_TM {
		*NODE_NAME "Bip01 R Thigh"
		*TM_ROW0 -0.0535034	-0.0367749	-0.99789
		*TM_ROW1 0.00205776	-0.999324	0.0367174
		*TM_ROW2 -0.998566	-8.89041e-005	0.0535432
		*TM_ROW3 -9.01021	-8.01132	99.9496
		*TM_POS -9.01021	-8.01132	99.9496
		*TM_ROTAXIS 0.687862	-0.01262	-0.725732
		*TM_ROTANGLE 3.16835
		*TM_SCALE 1	1	1
		*TM_SCALEAXIS 0	0	0
		*TM_SCALEAXISANG 0	0	0
	}
}
*HELPEROBJECT {
	*NODE_NAME "Bip01 R Calf"
	*NODE_PARENT "Bip01 R Thigh"
	*NODE_TM {
		*NODE_NAME "Bip01 R Calf"
		*TM_ROW0 -0.0525024	0.197539	-0.978888
		*TM_ROW1 -0.0104967	-0.980295	-0.19726
		*TM_ROW2 -0.998566	-8.16062e-005	0.0535415
		*TM_ROW3 -11.1154	-9.45856	60.6878
		*TM_POS -11.1154	-9.45856	60.6878
		*TM_ROTAXIS 0.686298	0.0684898	-0.724088
		*TM_ROTANGLE 2.99744
		*TM_SCALE 1	1	1
		*TM_SCALEAXIS 0	0	0
		*TM_SCALEAXISANG 0	0	0
	}
}
*HELPEROBJECT {
	*NODE_NAME "Bip01 R Foot"
	*NODE_PARENT "Bip01 R Calf"
	*NODE_TM {
		*NODE_NAME "Bip01 R Foot"
		*TM_ROW0 -5.86066e-007	-7.25461e-006	-1
		*TM_ROW1 -0.173652	-0.984807	7.24331e-006
		*TM_ROW2 -0.984807	0.173652	-5.91966e-007
		*TM_ROW3 -13.6935	0.24065	12.6267
		*TM_POS -13.6935	0.24065	12.6267
		*TM_ROTAXIS 0.705757	-0.0617498	-0.705757
		*TM_ROTANGLE 3.01826
		*TM_SCALE 1	1	1
		*TM_SCALEAXIS 0	0	0
		*TM_SCALEAXISANG 0	0	0
	}
}
*HELPEROBJECT {
	*NODE_NAME "Bip01 R Toe0"
	*NODE_PARENT "Bip01 R Foot"
	*NODE_TM {
		*NODE_NAME "Bip01 R Toe0"
		*TM_ROW0 -0.173651	-0.984807	3.50312e-006
		*TM_ROW1 3.50539e-006	3.00781e-006	1
		*TM_ROW2 -0.984808	0.173651	3.01546e-006
		*TM_ROW3 -17.6255	-22.0592	3.52698e-005
		*TM_POS -17.6255	-22.0592	3.52698e-005
		*TM_ROTAXIS 0.510271	-0.608121	-0.608121
		*TM_ROTANGLE 4.08526
		*TM_SCALE 1	1	1
		*TM_SCALEAXIS 0	0	0
		*TM_SCALEAXISANG 0	0	0
	}
}
