*3DSMAX_ASCIIEXPORT	110
*COMMENT "[ GothicSourcer v3.10 ] - August 2006"
*SCENE {
	*SCENE_FILENAME "HUM_BODY_BABE0.MAX"
	*SCENE_FIRSTFRAME 0
	*SCENE_LASTFRAME 100
	*SCENE_FRAMESPEED 25
	*SCENE_TICKSPERFRAME 192
	*SCENE_BACKGROUND_STATIC 0	0	0
	*SCENE_AMBIENT_STATIC 0.2	0.2	0.2
}
*MATERIAL_LIST {
	*MATERIAL_COUNT 1
	*MATERIAL 0 {
		*MATERIAL_NAME "BABE_V2_C1"
		*MATERIAL_CLASS "Standard"
		*MATERIAL_AMBIENT 0.509804	0.407843	0.305882
		*MATERIAL_DIFFUSE 0.509804	0.407843	0.305882
		*MATERIAL_SPECULAR 0.9	0.9	0.9
		*MATERIAL_SHINE 0.1
		*MATERIAL_SHINESTRENGTH 0
		*MATERIAL_TRANSPARENCY 0
		*MATERIAL_WIRESIZE 1
		*MATERIAL_SHADING Blinn
		*MATERIAL_XP_FALLOFF 0
		*MATERIAL_SELFILLUM 0
		*MATERIAL_FALLOFF In
		*MATERIAL_XP_TYPE Filter
		*MAP_DIFFUSE {
			*MAP_NAME "Map #1"
			*MAP_CLASS "Bitmap"
			*MAP_SUBNO 1
			*MAP_AMOUNT 1
			*BITMAP "HUM_BODY_NAKED_V0_C0.TGA"
			*MAP_TYPE Screen
			*UVW_U_OFFSET 0
			*UVW_V_OFFSET 0
			*UVW_U_TILING 1
			*UVW_V_TILING 1
			*UVW_ANGLE 0
			*UVW_BLUR 1
			*UVW_BLUR_OFFSET 0
			*UVW_NOUSE_AMT 1
			*UVW_NOISE_SIZE 1
			*UVW_NOISE_LEVEL 1
			*UVW_NOISE_PHASE 0
			*BITMAP_FILTER Pyramidal
		}
	}
}
*HELPEROBJECT {
	*NODE_NAME "Bip01"
	*NODE_TM {
		*NODE_NAME "Bip01"
		*TM_ROW0 6.27438e-006	-1	0
		*TM_ROW1 1	6.27438e-006	0
		*TM_ROW2 -0	-0	1
		*TM_ROW3 0	-7.37745	99.9496
		*TM_POS 0	-7.37745	99.9496
		*TM_ROTAXIS 0	0	1
		*TM_ROTANGLE 1.57079
		*TM_SCALE 1	1	1
		*TM_SCALEAXIS 0	0	0
		*TM_SCALEAXISANG 0	0	0
	}
}
*HELPEROBJECT {
	*NODE_NAME "Bip01 Pelvis"
	*NODE_PARENT "Bip01"
	*NODE_TM {
		*NODE_NAME "Bip01 Pelvis"
		*TM_ROW0 -5.96014e-008	1.79264e-006	1
		*TM_ROW1 -1.79264e-006	-1	1.79264e-006
		*TM_ROW2 1	-1.79264e-006	-5.96014e-008
		*TM_ROW3 1e-005	-8.0113	99.9496
		*TM_POS 1e-005	-8.0113	99.9496
		*TM_ROTAXIS 0.707107	0	0.707107
		*TM_ROTANGLE 3.1416
		*TM_SCALE 1	1	1
		*TM_SCALEAXIS 0	0	0
		*TM_SCALEAXISANG 0	0	0
	}
}
*HELPEROBJECT {
	*NODE_NAME "Bip01 Spine"
	*NODE_PARENT "Bip01 Pelvis"
	*NODE_TM {
		*NODE_NAME "Bip01 Spine"
		*TM_ROW0 6.6944e-008	-0.0205947	0.999788
		*TM_ROW1 5.48642e-006	-0.999788	-0.0205947
		*TM_ROW2 1	5.48642e-006	6.6944e-008
		*TM_ROW3 1e-005	-7.92216	102.35
		*TM_POS 1e-005	-7.92216	102.35
		*TM_ROTAXIS 0.707088	-0.00727998	0.707088
		*TM_ROTANGLE 3.12703
		*TM_SCALE 1	1	1
		*TM_SCALEAXIS 0	0	0
		*TM_SCALEAXISANG 0	0	0
	}
}
*HELPEROBJECT {
	*NODE_NAME "Bip01 Spine1"
	*NODE_PARENT "Bip01 Spine"
	*NODE_TM {
		*NODE_NAME "Bip01 Spine1"
		*TM_ROW0 6.76996e-008	-0.00276992	0.999996
		*TM_ROW1 -1.92621e-006	-0.999996	-0.00276991
		*TM_ROW2 1	-1.92621e-006	6.76996e-008
		*TM_ROW3 1e-005	-8.11442	112.175
		*TM_POS 1e-005	-8.11442	112.175
		*TM_ROTAXIS -0.707107	0.000979995	-0.707106
		*TM_ROTANGLE 3.14355
		*TM_SCALE 1	1	1
		*TM_SCALEAXIS 0	0	0
		*TM_SCALEAXISANG 0	0	0
	}
}
*HELPEROBJECT {
	*NODE_NAME "Bip01 Spine2"
	*NODE_PARENT "Bip01 Spine1"
	*NODE_TM {
		*NODE_NAME "Bip01 Spine2"
		*TM_ROW0 3.48622e-008	0.180243	0.983622
		*TM_ROW1 1.67638e-006	-0.983622	0.180243
		*TM_ROW2 1	1.67638e-006	3.48621e-008
		*TM_ROW3 1e-005	-8.1264	124.961
		*TM_POS 1e-005	-8.1264	124.961
		*TM_ROTAXIS 0.705652	0.0641202	0.705652
		*TM_ROTANGLE 3.26966
		*TM_SCALE 1	1	1
		*TM_SCALEAXIS 0	0	0
		*TM_SCALEAXISANG 0	0	0
	}
}
*HELPEROBJECT {
	*NODE_NAME "Bip01 Neck"
	*NODE_PARENT "Bip01 Spine2"
	*NODE_TM {
		*NODE_NAME "Bip01 Neck"
		*TM_ROW0 6.08698e-007	-0.167043	0.98595
		*TM_ROW1 4.70132e-006	-0.98595	-0.167043
		*TM_ROW2 1	4.70132e-006	6.08698e-007
		*TM_ROW3 -2.11471e-012	-2.71656	154.454
		*TM_POS -2.11471e-012	-2.71656	154.454
		*TM_ROTAXIS -0.70586	0.05937	-0.705859
		*TM_ROTANGLE 3.2602
		*TM_SCALE 1	1	1
		*TM_SCALEAXIS 0	0	0
		*TM_SCALEAXISANG 0	0	0
	}
}
*HELPEROBJECT {
	*NODE_NAME "Bip01 Head"
	*NODE_PARENT "Bip01 Neck"
	*NODE_TM {
		*NODE_NAME "Bip01 Head"
		*TM_ROW0 -5.96015e-008	1.76921e-006	1
		*TM_ROW1 -1.79264e-006	-1	1.77916e-006
		*TM_ROW2 1	-1.79264e-006	-5.96014e-008
		*TM_ROW3 1.63729e-011	-3.85901	161.198
		*TM_POS 1.63729e-011	-3.85901	161.198
		*TM_ROTAXIS -0.707107	4.76653e-009	-0.707107
		*TM_ROTANGLE 3.14159
		*TM_SCALE 1	1	1
		*TM_SCALEAXIS 0	0	0
		*TM_SCALEAXISANG 0	0	0
	}
}
*HELPEROBJECT {
	*NODE_NAME "ZS_HELMET"
	*NODE_PARENT "Bip01 Head"
	*NODE_TM {
		*NODE_NAME "ZS_HELMET"
		*TM_ROW0 1	5.73874e-013	4.35659e-014
		*TM_ROW1 -4.07319e-013	0.996917	-0.0784593
		*TM_ROW2 -4.76109e-014	0.0784593	0.996918
		*TM_ROW3 1e-005	-7.06248	173.704
		*TM_POS 1e-005	-7.06248	173.704
		*TM_ROTAXIS 1	5.81045e-013	-6.25288e-012
		*TM_ROTANGLE 0.078541
		*TM_SCALE 1	1	1
		*TM_SCALEAXIS 0	0	0
		*TM_SCALEAXISANG 0	0	0
	}
}
*HELPEROBJECT {
	*NODE_NAME "Bip01 L Clavicle"
	*NODE_PARENT "Bip01 Neck"
	*NODE_TM {
		*NODE_NAME "Bip01 L Clavicle"
		*TM_ROW0 0.935229	-0.203893	-0.289439
		*TM_ROW1 0.156435	0.971369	-0.178803
		*TM_ROW2 0.317608	0.121943	0.940348
		*TM_ROW3 7.96399	-1.25804	148.729
		*TM_POS 7.96399	-1.25804	148.729
		*TM_ROTAXIS 0.391939	-0.791119	0.469589
		*TM_ROTANGLE 0.39376
		*TM_SCALE 1	1	1
		*TM_SCALEAXIS 0	0	0
		*TM_SCALEAXISANG 0	0	0
	}
}
*HELPEROBJECT {
	*NODE_NAME "Bip01 L UpperArm"
	*NODE_PARENT "Bip01 L Clavicle"
	*NODE_TM {
		*NODE_NAME "Bip01 L UpperArm"
		*TM_ROW0 0.246229	0.0989026	-0.964152
		*TM_ROW1 0.412789	0.889345	0.196649
		*TM_ROW2 0.876913	-0.446412	0.178157
		*TM_ROW3 20.4269	-3.97508	144.872
		*TM_POS 20.4269	-3.97508	144.872
		*TM_ROTAXIS -0.325561	-0.932072	0.15891
		*TM_ROTANGLE 1.41328
		*TM_SCALE 1	1	1
		*TM_SCALEAXIS 0	0	0
		*TM_SCALEAXISANG 0	0	0
	}
}
*HELPEROBJECT {
	*NODE_NAME "Bip01 L Forearm"
	*NODE_PARENT "Bip01 L UpperArm"
	*NODE_TM {
		*NODE_NAME "Bip01 L Forearm"
		*TM_ROW0 0.0455122	-0.291882	-0.955371
		*TM_ROW1 0.478489	0.845886	-0.235638
		*TM_ROW2 0.876913	-0.44641	0.17816
		*TM_ROW3 27.2982	-1.21526	117.966
		*TM_POS 27.2982	-1.21526	117.966
		*TM_ROTAXIS -0.10545	-0.916697	0.385419
		*TM_ROTANGLE 1.53601
		*TM_SCALE 1	1	1
		*TM_SCALEAXIS 0	0	0
		*TM_SCALEAXISANG 0	0	0
	}
}
*HELPEROBJECT {
	*NODE_NAME "Bip01 L Hand"
	*NODE_PARENT "Bip01 L Forearm"
	*NODE_TM {
		*NODE_NAME "Bip01 L Hand"
		*TM_ROW0 0.0455132	-0.291886	-0.95537
		*TM_ROW1 -0.876533	0.44708	-0.17835
		*TM_ROW2 0.479185	0.845531	-0.2355
		*TM_ROW3 28.5642	-9.33439	91.391
		*TM_POS 28.5642	-9.33439	91.391
		*TM_ROTAXIS 0.551391	-0.772552	-0.314851
		*TM_ROTANGLE 1.95137
		*TM_SCALE 1	1	1
		*TM_SCALEAXIS 0	0	0
		*TM_SCALEAXISANG 0	0	0
	}
}
*HELPEROBJECT {
	*NODE_NAME "Bip01 L Finger0"
	*NODE_PARENT "Bip01 L Hand"
	*NODE_TM {
		*NODE_NAME "Bip01 L Finger0"
		*TM_ROW0 0.0455152	-0.291888	-0.955369
		*TM_ROW1 -0.876915	0.446405	-0.178165
		*TM_ROW2 0.478485	0.845886	-0.235643
		*TM_ROW3 29.15	-13.0909	79.0956
		*TM_POS 29.15	-13.0909	79.0956
		*TM_ROTAXIS 0.551581	-0.772311	-0.31511
		*TM_ROTANGLE 1.95181
		*TM_SCALE 1	1	1
		*TM_SCALEAXIS 0	0	0
		*TM_SCALEAXISANG 0	0	0
	}
}
*HELPEROBJECT {
	*NODE_NAME "ZS_LEFTHAND"
	*NODE_PARENT "Bip01 L Hand"
	*NODE_TM {
		*NODE_NAME "ZS_LEFTHAND"
		*TM_ROW0 0.435606	0.890062	-0.134303
		*TM_ROW1 0.180312	-0.232461	-0.955745
		*TM_ROW2 -0.881893	0.392112	-0.261751
		*TM_ROW3 26.7605	-11.5468	82.7857
		*TM_POS 26.7605	-11.5468	82.7857
		*TM_ROTAXIS 0.794322	0.440571	-0.418271
		*TM_ROTANGLE 2.12858
		*TM_SCALE 1	1	1
		*TM_SCALEAXIS 0	0	0
		*TM_SCALEAXISANG 0	0	0
	}
}
*HELPEROBJECT {
	*NODE_NAME "ZS_LEFTARM"
	*NODE_PARENT "Bip01 L Forearm"
	*NODE_TM {
		*NODE_NAME "ZS_LEFTARM"
		*TM_ROW0 0.0759923	-0.150176	-0.985735
		*TM_ROW1 0.524499	0.846792	-0.0885736
		*TM_ROW2 0.848013	-0.510285	0.143117
		*TM_ROW3 26.9101	-7.67833	110.055
		*TM_POS 26.9101	-7.67833	110.055
		*TM_ROTAXIS -0.21097	-0.917372	0.337521
		*TM_ROTANGLE 1.53784
		*TM_SCALE 1	1	1
		*TM_SCALEAXIS 0	0	0
		*TM_SCALEAXISANG 0	0	0
	}
}
*HELPEROBJECT {
	*NODE_NAME "Bip01 R Clavicle"
	*NODE_PARENT "Bip01 Neck"
	*NODE_TM {
		*NODE_NAME "Bip01 R Clavicle"
		*TM_ROW0 -0.935227	-0.203899	-0.28944
		*TM_ROW1 -0.156442	0.971369	-0.178799
		*TM_ROW2 0.317609	-0.121937	-0.940349
		*TM_ROW3 -7.96398	-1.25806	148.729
		*TM_POS -7.96398	-1.25806	148.729
		*TM_ROTAXIS -0.0929799	0.992639	-0.0775999
		*TM_ROTANGLE 3.45235
		*TM_SCALE 1	1	1
		*TM_SCALEAXIS 0	0	0
		*TM_SCALEAXISANG 0	0	0
	}
}
*HELPEROBJECT {
	*NODE_NAME "Bip01 R UpperArm"
	*NODE_PARENT "Bip01 R Clavicle"
	*NODE_TM {
		*NODE_NAME "Bip01 R UpperArm"
		*TM_ROW0 -0.246232	0.0988932	-0.964153
		*TM_ROW1 -0.412793	0.889345	0.196642
		*TM_ROW2 0.876911	0.446415	-0.178163
		*TM_ROW3 -20.4269	-3.97513	144.872
		*TM_POS -20.4269	-3.97513	144.872
		*TM_ROTAXIS 0.12961	-0.955353	-0.265521
		*TM_ROTANGLE 1.84162
		*TM_SCALE 1	1	1
		*TM_SCALEAXIS 0	0	0
		*TM_SCALEAXISANG 0	0	0
	}
}
*HELPEROBJECT {
	*NODE_NAME "Bip01 R Forearm"
	*NODE_PARENT "Bip01 R UpperArm"
	*NODE_TM {
		*NODE_NAME "Bip01 R Forearm"
		*TM_ROW0 -0.0455087	-0.291889	-0.955369
		*TM_ROW1 -0.478487	0.845885	-0.235646
		*TM_ROW2 0.876915	0.446408	-0.17816
		*TM_ROW3 -27.2982	-1.21534	117.966
		*TM_POS -27.2982	-1.21534	117.966
		*TM_ROTAXIS 0.347279	-0.932937	-0.0950097
		*TM_ROTANGLE 1.76083
		*TM_SCALE 1	1	1
		*TM_SCALEAXIS 0	0	0
		*TM_SCALEAXISANG 0	0	0
	}
}
*HELPEROBJECT {
	*NODE_NAME "Bip01 R Hand"
	*NODE_PARENT "Bip01 R Forearm"
	*NODE_TM {
		*NODE_NAME "Bip01 R Hand"
		*TM_ROW0 -0.0455115	-0.291885	-0.95537
		*TM_ROW1 0.87653	0.447088	-0.17835
		*TM_ROW2 0.479192	-0.845527	0.235499
		*TM_ROW3 -28.5642	-9.33445	91.3911
		*TM_POS -28.5642	-9.33445	91.3911
		*TM_ROTAXIS -0.33922	-0.72939	0.59407
		*TM_ROTANGLE 1.75327
		*TM_SCALE 1	1	1
		*TM_SCALEAXIS 0	0	0
		*TM_SCALEAXISANG 0	0	0
	}
}
*HELPEROBJECT {
	*NODE_NAME "Bip01 R Finger0"
	*NODE_PARENT "Bip01 R Hand"
	*NODE_TM {
		*NODE_NAME "Bip01 R Finger0"
		*TM_ROW0 -0.0455056	-0.291877	-0.955373
		*TM_ROW1 0.876914	0.446413	-0.178152
		*TM_ROW2 0.478489	-0.845886	0.235636
		*TM_ROW3 -29.1499	-13.0909	79.0956
		*TM_POS -29.1499	-13.0909	79.0956
		*TM_ROTAXIS -0.33952	-0.729071	0.594291
		*TM_ROTANGLE 1.75354
		*TM_SCALE 1	1	1
		*TM_SCALEAXIS 0	0	0
		*TM_SCALEAXISANG 0	0	0
	}
}
*HELPEROBJECT {
	*NODE_NAME "ZS_RIGHTHAND"
	*NODE_PARENT "Bip01 R Hand"
	*NODE_TM {
		*NODE_NAME "ZS_RIGHTHAND"
		*TM_ROW0 -0.464344	0.856417	-0.225687
		*TM_ROW1 0.177861	0.339806	0.923525
		*TM_ROW2 0.867612	0.388692	-0.31011
		*TM_ROW3 -20.9389	-19.9852	85.8932
		*TM_POS -20.9389	-19.9852	85.8932
		*TM_ROTAXIS 0.383811	0.784581	0.486951
		*TM_ROTANGLE 3.91244
		*TM_SCALE 1	1	1
		*TM_SCALEAXIS 0	0	0
		*TM_SCALEAXISANG 0	0	0
	}
}
*HELPEROBJECT {
	*NODE_NAME "ZS_CROSSBOW"
	*NODE_PARENT "Bip01 Spine2"
	*NODE_TM {
		*NODE_NAME "ZS_CROSSBOW"
		*TM_ROW0 -0.382687	-0.111464	0.91713
		*TM_ROW1 -0.923878	0.0461715	-0.379891
		*TM_ROW2 -1.2517e-006	-0.992695	-0.120648
		*TM_ROW3 -14.434	10.5915	165.98
		*TM_POS -14.434	10.5915	165.98
		*TM_ROTAXIS -0.447329	0.669479	-0.593039
		*TM_ROTANGLE 2.38705
		*TM_SCALE 1	1	1
		*TM_SCALEAXIS 0	0	0
		*TM_SCALEAXISANG 0	0	0
	}
}
*HELPEROBJECT {
	*NODE_NAME "ZS_LONGSWORD"
	*NODE_PARENT "Bip01 Spine2"
	*NODE_TM {
		*NODE_NAME "ZS_LONGSWORD"
		*TM_ROW0 -0.499829	-0.0915011	0.861277
		*TM_ROW1 -0.865729	0.0828188	-0.493614
		*TM_ROW2 -0.0261636	-0.992355	-0.12061
		*TM_ROW3 -18.1593	6.92629	157.64
		*TM_POS -18.1593	6.92629	157.64
		*TM_ROTAXIS -0.38996	0.69388	-0.60536
		*TM_ROTANGLE 2.44778
		*TM_SCALE 1	1	1
		*TM_SCALEAXIS 0	0	0
		*TM_SCALEAXISANG 0	0	0
	}
}
*HELPEROBJECT {
	*NODE_NAME "ZS_SHIELD"
	*NODE_PARENT "Bip01 Spine2"
	*NODE_TM {
		*NODE_NAME "ZS_SHIELD"
		*TM_ROW0 -0.0138681	0.114196	-0.993362
		*TM_ROW1 -0.908393	0.413755	0.0602465
		*TM_ROW2 0.417888	0.903198	0.0979964
		*TM_ROW3 8.76511	9.5282	131.875
		*TM_POS 8.76511	9.5282	131.875
		*TM_ROTAXIS 0.435421	-0.728972	-0.528212
		*TM_ROTANGLE 1.82457
		*TM_SCALE 1	1	1
		*TM_SCALEAXIS 0	0	0
		*TM_SCALEAXISANG 0	0	0
	}
}
*HELPEROBJECT {
	*NODE_NAME "ZS_BOW"
	*NODE_PARENT "Bip01 Spine2"
	*NODE_TM {
		*NODE_NAME "ZS_BOW"
		*TM_ROW0 -0.341816	-0.0868229	0.935748
		*TM_ROW1 0.0119438	0.995242	0.0967059
		*TM_ROW2 -0.939691	0.044232	-0.339153
		*TM_ROW3 0.5012	12.4143	124.55
		*TM_POS 0.5012	12.4143	124.55
		*TM_ROTAXIS -0.0279299	0.998227	0.0525698
		*TM_ROTANGLE 1.92076
		*TM_SCALE 1	1	1
		*TM_SCALEAXIS 0	0	0
		*TM_SCALEAXISANG 0	0	0
	}
}
*HELPEROBJECT {
	*NODE_NAME "ZS_SWORD"
	*NODE_PARENT "Bip01 Spine"
	*NODE_TM {
		*NODE_NAME "ZS_SWORD"
		*TM_ROW0 5.79068e-007	-0.347172	0.937802
		*TM_ROW1 1.04308e-007	0.937802	0.347172
		*TM_ROW2 -1	-1.04308e-007	5.79068e-007
		*TM_ROW3 17.5015	-4.36211	106.367
		*TM_POS 17.5015	-4.36211	106.367
		*TM_ROTAXIS -0.17367	0.96937	0.17367
		*TM_ROTANGLE 1.6019
		*TM_SCALE 1	1	1
		*TM_SCALEAXIS 0	0	0
		*TM_SCALEAXISANG 0	0	0
	}
}
*HELPEROBJECT {
	*NODE_NAME "Bip01 L Thigh"
	*NODE_PARENT "Bip01 Pelvis"
	*NODE_TM {
		*NODE_NAME "Bip01 L Thigh"
		*TM_ROW0 0.0534879	-0.0367886	-0.997891
		*TM_ROW1 -0.00216181	-0.999323	0.0367256
		*TM_ROW2 -0.998566	0.000192882	-0.0535313
		*TM_ROW3 9.01023	-8.01129	99.9496
		*TM_POS 9.01023	-8.01129	99.9496
		*TM_ROTAXIS 0.72572	-0.01342	-0.68786
		*TM_ROTANGLE 3.16677
		*TM_SCALE 1	1	1
		*TM_SCALEAXIS 0	0	0
		*TM_SCALEAXISANG 0	0	0
	}
}
*HELPEROBJECT {
	*NODE_NAME "Bip01 L Calf"
	*NODE_PARENT "Bip01 L Thigh"
	*NODE_TM {
		*NODE_NAME "Bip01 L Calf"
		*TM_ROW0 0.0525131	0.197552	-0.978885
		*TM_ROW1 0.0103904	-0.980292	-0.197278
		*TM_ROW2 -0.998566	0.000188708	-0.0535307
		*TM_ROW3 11.1149	-9.45845	60.6877
		*TM_POS 11.1149	-9.45845	60.6877
		*TM_ROTAXIS 0.723901	0.0721501	-0.686121
		*TM_ROTANGLE 3.00478
		*TM_SCALE 1	1	1
		*TM_SCALEAXIS 0	0	0
		*TM_SCALEAXISANG 0	0	0
	}
}
*HELPEROBJECT {
	*NODE_NAME "Bip01 L Foot"
	*NODE_PARENT "Bip01 L Calf"
	*NODE_TM {
		*NODE_NAME "Bip01 L Foot"
		*TM_ROW0 -6.00563e-007	7.23674e-006	-1
		*TM_ROW1 0.173652	-0.984807	-7.2672e-006
		*TM_ROW2 -0.984807	-0.173652	-5.93313e-007
		*TM_ROW3 13.6935	0.240668	12.6267
		*TM_POS 13.6935	0.240668	12.6267
		*TM_ROTAXIS 0.705757	0.0617498	-0.705757
		*TM_ROTANGLE 3.26493
		*TM_SCALE 1	1	1
		*TM_SCALEAXIS 0	0	0
		*TM_SCALEAXISANG 0	0	0
	}
}
*HELPEROBJECT {
	*NODE_NAME "Bip01 L Toe0"
	*NODE_PARENT "Bip01 L Foot"
	*NODE_TM {
		*NODE_NAME "Bip01 L Toe0"
		*TM_ROW0 0.173646	-0.984808	5.05606e-006
		*TM_ROW1 5.06961e-006	5.93591e-006	1
		*TM_ROW2 -0.984808	-0.173646	5.91983e-006
		*TM_ROW3 17.6256	-22.0591	-2.43328e-006
		*TM_POS 17.6256	-22.0591	-2.43328e-006
		*TM_ROTAXIS -0.644398	0.540718	0.540718
		*TM_ROTANGLE 1.99673
		*TM_SCALE 1	1	1
		*TM_SCALEAXIS 0	0	0
		*TM_SCALEAXISANG 0	0	0
	}
}
*HELPEROBJECT {
	*NODE_NAME "Bip01 R Thigh"
	*NODE_PARENT "Bip01 Pelvis"
	*NODE_TM {
		*NODE_NAME "Bip01 R Thigh"
		*TM_ROW0 -0.0535034	-0.0367749	-0.99789
		*TM_ROW1 0.00205776	-0.999324	0.0367174
		*TM_ROW2 -0.998566	-8.89041e-005	0.0535432
		*TM_ROW3 -9.01021	-8.01132	99.9496
		*TM_POS -9.01021	-8.01132	99.9496
		*TM_ROTAXIS 0.687862	-0.01262	-0.725732
		*TM_ROTANGLE 3.16835
		*TM_SCALE 1	1	1
		*TM_SCALEAXIS 0	0	0
		*TM_SCALEAXISANG 0	0	0
	}
}
*HELPEROBJECT {
	*NODE_NAME "Bip01 R Calf"
	*NODE_PARENT "Bip01 R Thigh"
	*NODE_TM {
		*NODE_NAME "Bip01 R Calf"
		*TM_ROW0 -0.0525024	0.197539	-0.978888
		*TM_ROW1 -0.0104967	-0.980295	-0.19726
		*TM_ROW2 -0.998566	-8.16062e-005	0.0535415
		*TM_ROW3 -11.1154	-9.45856	60.6878
		*TM_POS -11.1154	-9.45856	60.6878
		*TM_ROTAXIS 0.686298	0.0684898	-0.724088
		*TM_ROTANGLE 2.99744
		*TM_SCALE 1	1	1
		*TM_SCALEAXIS 0	0	0
		*TM_SCALEAXISANG 0	0	0
	}
}
*HELPEROBJECT {
	*NODE_NAME "Bip01 R Foot"
	*NODE_PARENT "Bip01 R Calf"
	*NODE_TM {
		*NODE_NAME "Bip01 R Foot"
		*TM_ROW0 -5.86066e-007	-7.25461e-006	-1
		*TM_ROW1 -0.173652	-0.984807	7.24331e-006
		*TM_ROW2 -0.984807	0.173652	-5.91966e-007
		*TM_ROW3 -13.6935	0.24065	12.6267
		*TM_POS -13.6935	0.24065	12.6267
		*TM_ROTAXIS 0.705757	-0.0617498	-0.705757
		*TM_ROTANGLE 3.01826
		*TM_SCALE 1	1	1
		*TM_SCALEAXIS 0	0	0
		*TM_SCALEAXISANG 0	0	0
	}
}
*HELPEROBJECT {
	*NODE_NAME "Bip01 R Toe0"
	*NODE_PARENT "Bip01 R Foot"
	*NODE_TM {
		*NODE_NAME "Bip01 R Toe0"
		*TM_ROW0 -0.173651	-0.984807	3.50312e-006
		*TM_ROW1 3.50539e-006	3.00781e-006	1
		*TM_ROW2 -0.984808	0.173651	3.01546e-006
		*TM_ROW3 -17.6255	-22.0592	3.52698e-005
		*TM_POS -17.6255	-22.0592	3.52698e-005
		*TM_ROTAXIS 0.510271	-0.608121	-0.608121
		*TM_ROTANGLE 4.08526
		*TM_SCALE 1	1	1
		*TM_SCALEAXIS 0	0	0
		*TM_SCALEAXISANG 0	0	0
	}
}
*HELPEROBJECT {
	*NODE_NAME "Dummy"
	*NODE_PARENT "Bip01 L Finger0"
	*NODE_TM {
		*NODE_NAME "Dummy"
		*TM_ROW0 -1	-0	0
		*TM_ROW1 -0	-1	0
		*TM_ROW2 -0	-0	1
		*TM_ROW3 29.4428	-14.9691	72.9478
		*TM_POS 29.4428	-14.9691	72.9478
		*TM_ROTAXIS 0	0	-1
		*TM_ROTANGLE 3.14159
		*TM_SCALE 1	1	1
		*TM_SCALEAXIS 0	0	0
		*TM_SCALEAXISANG 0	0	0
	}
}
*HELPEROBJECT {
	*NODE_NAME "Dummy1"
	*NODE_PARENT "Bip01 R Finger0"
	*NODE_TM {
		*NODE_NAME "Dummy1"
		*TM_ROW0 -1	-0	0
		*TM_ROW1 -0	-1	0
		*TM_ROW2 -0	-0	1
		*TM_ROW3 -29.4428	-14.9692	72.9479
		*TM_POS -29.4428	-14.9692	72.9479
		*TM_ROTAXIS 0	0	-1
		*TM_ROTANGLE 3.14159
		*TM_SCALE 1	1	1
		*TM_SCALEAXIS 0	0	0
		*TM_SCALEAXISANG 0	0	0
	}
}
*HELPEROBJECT {
	*NODE_NAME "Dummy2"
	*NODE_PARENT "Bip01 L Toe0"
	*NODE_TM {
		*NODE_NAME "Dummy2"
		*TM_ROW0 -1	-0	0
		*TM_ROW1 -0	-1	0
		*TM_ROW2 -0	-0	1
		*TM_ROW3 19.5916	-33.209	-6.31336
		*TM_POS 19.5916	-33.209	-6.31336
		*TM_ROTAXIS 0	0	-1
		*TM_ROTANGLE 3.14159
		*TM_SCALE 1	1	1
		*TM_SCALEAXIS 0	0	0
		*TM_SCALEAXISANG 0	0	0
	}
}
*HELPEROBJECT {
	*NODE_NAME "Dummy3"
	*NODE_PARENT "Bip01 R Toe0"
	*NODE_TM {
		*NODE_NAME "Dummy3"
		*TM_ROW0 -1	-0	0
		*TM_ROW1 -0	-1	0
		*TM_ROW2 -0	-0	1
		*TM_ROW3 -19.5915	-33.2091	-6.31332
		*TM_POS -19.5915	-33.2091	-6.31332
		*TM_ROTAXIS 0	0	-1
		*TM_ROTANGLE 3.14159
		*TM_SCALE 1	1	1
		*TM_SCALEAXIS 0	0	0
		*TM_SCALEAXISANG 0	0	0
	}
}
*GEOMOBJECT {
	*NODE_NAME "zm_Skin"
	*NODE_PARENT "Bip01"
	*NODE_TM {
		*NODE_NAME "zm_Skin"
		*TM_ROW0 -1	-0	0
		*TM_ROW1 -0	-1	0
		*TM_ROW2 -0	-0	1
		*TM_ROW3 -0	-0	0
		*TM_POS -0	-0	0
		*TM_ROTAXIS 0	0	-1
		*TM_ROTANGLE 3.14159
		*TM_SCALE 1	1	1
		*TM_SCALEAXIS 0	0	0
		*TM_SCALEAXISANG 0	0	0
	}
	*MATERIAL_REF 0
	*MESH_SOFTSKIN {
		*TIMEVALUE 0
		*MESH_NUMVERTEX 476
		*MESH_NUMFACES 946
		*MESH_VERTEX_LIST {
			*MESH_VERTEX 0	-20.3375	2.26828	144.497
			*MESH_VERTEX 1	-11.2389	4.48545	1.9634
			*MESH_VERTEX 2	13.6796	1.7531	99.9721
			*MESH_VERTEX 3	-26.5187	-8.6423	79.3789
			*MESH_VERTEX 4	-29.2861	1.77238	113.951
			*MESH_VERTEX 5	-4.83505	-4.86142	165.5
			*MESH_VERTEX 6	-12.5725	-19.9387	0.700622
			*MESH_VERTEX 7	9.30741	-0.245087	41.0181
			*MESH_VERTEX 8	20.1358	-18.5511	1.17809
			*MESH_VERTEX 9	15.2891	4.89098	1.82925
			*MESH_VERTEX 10	16.498	-5.77941	58.1084
			*MESH_VERTEX 11	13.1679	-14.8565	110.453
			*MESH_VERTEX 12	-29.1272	-5.57091	90.4791
			*MESH_VERTEX 13	16.0983	2.01141	141.417
			*MESH_VERTEX 14	30.2847	-9.77796	79.4768
			*MESH_VERTEX 15	20.1966	-7.87815	148.248
			*MESH_VERTEX 16	4.77211	-4.86146	165.5
			*MESH_VERTEX 17	14.5966	-6.42669	15.0082
			*MESH_VERTEX 18	-0.028035	2.69737	99.0086
			*MESH_VERTEX 19	-7.94739	0.787266	91.0016
			*MESH_VERTEX 20	-5.49885	2.11135	113.613
			*MESH_VERTEX 21	-1.88491	-14.8338	96.5498
			*MESH_VERTEX 22	31.3125	-5.19772	114.843
			*MESH_VERTEX 23	28.6254	-16.1004	81.4681
			*MESH_VERTEX 24	-28.5414	-16.0295	81.5724
			*MESH_VERTEX 25	-31.0464	-5.10929	115.167
			*MESH_VERTEX 26	15.0605	-7.91784	143.073
			*MESH_VERTEX 27	14.0966	-19.2071	135.721
			*MESH_VERTEX 28	-23.7281	-11.9943	88.0562
			*MESH_VERTEX 29	-28.6376	-12.9429	92.7646
			*MESH_VERTEX 30	-24.5034	-15.5207	84.1913
			*MESH_VERTEX 31	-10.4132	-22.6208	137.291
			*MESH_VERTEX 32	24.7956	2.7739	119.962
			*MESH_VERTEX 33	29.8148	-7.54825	84.7927
			*MESH_VERTEX 34	23.7826	-12.1288	87.9769
			*MESH_VERTEX 35	23.1942	-14.8038	83.5847
			*MESH_VERTEX 36	27.5608	-14.4868	87.6
			*MESH_VERTEX 37	-13.1665	-14.4293	110.779
			*MESH_VERTEX 38	-19.628	-4.29849	1.34453
			*MESH_VERTEX 39	-15.4467	-10.3455	58.2306
			*MESH_VERTEX 40	-13.245	-6.43374	14.8124
			*MESH_VERTEX 41	-25.3557	-14.1754	80.3384
			*MESH_VERTEX 42	21.2339	1.94538	144.103
			*MESH_VERTEX 43	0.0168163	0.799964	167.171
			*MESH_VERTEX 44	11.3817	-8.88934	4.42615
			*MESH_VERTEX 45	-14.707	-6.22273	141.947
			*MESH_VERTEX 46	-16.5626	-8.62808	150.202
			*MESH_VERTEX 47	21.8793	-3.43277	122.154
			*MESH_VERTEX 48	-18.5037	-7.15807	93.827
			*MESH_VERTEX 49	0.0141693	-9.31273	151.931
			*MESH_VERTEX 50	5.00831	-1.43221	158.004
			*MESH_VERTEX 51	0.016773	-9.02978	164.061
			*MESH_VERTEX 52	13.5764	-14.3097	58.16
			*MESH_VERTEX 53	6.19791	-9.84877	57.3068
			*MESH_VERTEX 54	13.819	1.54173	52.2957
			*MESH_VERTEX 55	7.83651	1.19315	91.0597
			*MESH_VERTEX 56	-29.8725	-7.50376	84.923
			*MESH_VERTEX 57	-30.331	-9.73546	79.6091
			*MESH_VERTEX 58	-27.4719	-14.4037	87.6965
			*MESH_VERTEX 59	25.3974	-14.3083	80.2503
			*MESH_VERTEX 60	-23.1548	-4.27788	114.916
			*MESH_VERTEX 61	-19.9963	-17.9159	0.738335
			*MESH_VERTEX 62	-21.1012	-1.18313	148.409
			*MESH_VERTEX 63	12.6095	-19.9354	1.37618
			*MESH_VERTEX 64	-5.03631	-1.43272	158.014
			*MESH_VERTEX 65	11.7199	-3.1446	20.479
			*MESH_VERTEX 66	11.6391	-9.56373	40.4319
			*MESH_VERTEX 67	1.59953	-9.65762	94.2324
			*MESH_VERTEX 68	5.53235	-16.8914	104.06
			*MESH_VERTEX 69	9.22829	-8.84704	118.749
			*MESH_VERTEX 70	17.0809	-13.5881	64.4788
			*MESH_VERTEX 71	19.391	-8.20066	82.5008
			*MESH_VERTEX 72	-8.33512	-5.25653	120.021
			*MESH_VERTEX 73	2.89551	-3.07989	120.609
			*MESH_VERTEX 74	11.012	-16.4179	129.475
			*MESH_VERTEX 75	-8.27833	-21.5856	129.521
			*MESH_VERTEX 76	-11.0598	-16.3588	129.497
			*MESH_VERTEX 77	-0.0373114	2.18909	156.833
			*MESH_VERTEX 78	-5.32608	-8.11955	49.2065
			*MESH_VERTEX 79	-11.0767	-9.42177	40.1193
			*MESH_VERTEX 80	-12.5659	-18.4174	81.0071
			*MESH_VERTEX 81	7.89268	-14.9349	116.182
			*MESH_VERTEX 82	-2.01209	-10.1082	94.3879
			*MESH_VERTEX 83	-24.2757	-14.6476	89.9554
			*MESH_VERTEX 84	11.6239	-2.70697	115.24
			*MESH_VERTEX 85	-9.38942	-11.4454	117.892
			*MESH_VERTEX 86	-2.8074	-17.7636	115.832
			*MESH_VERTEX 87	-8.30769	5.60074	99.2267
			*MESH_VERTEX 88	7.83516	-15.4891	145.398
			*MESH_VERTEX 89	-27.0793	-5.76028	123.478
			*MESH_VERTEX 90	-17.8192	-9.48251	144.31
			*MESH_VERTEX 91	29.2175	-9.03757	80.9029
			*MESH_VERTEX 92	18.1487	-2.41605	52.3515
			*MESH_VERTEX 93	31.0011	-0.59709	118.235
			*MESH_VERTEX 94	-10.3324	-3.39581	20.4659
			*MESH_VERTEX 95	-5.37301	-6.84195	62.7292
			*MESH_VERTEX 96	-12.1974	1.5678	52.2594
			*MESH_VERTEX 97	-14.9749	-7.19714	64.4726
			*MESH_VERTEX 98	-11.1853	-2.46883	58.7466
			*MESH_VERTEX 99	-14.0677	-19.2244	135.725
			*MESH_VERTEX 100	-24.6675	3.0443	120.111
			*MESH_VERTEX 101	-16.8662	-7.38945	144.469
			*MESH_VERTEX 102	-17.3896	1.87951	141.699
			*MESH_VERTEX 103	-17.8376	0.284699	140.275
			*MESH_VERTEX 104	29.2068	-5.53346	91.0364
			*MESH_VERTEX 105	26.645	-8.57644	91.6838
			*MESH_VERTEX 106	28.6211	-12.8361	92.9331
			*MESH_VERTEX 107	-26.8101	-8.70041	91.5298
			*MESH_VERTEX 108	8.16242	5.72412	100.039
			*MESH_VERTEX 109	-17.1705	-17.7149	4.15289
			*MESH_VERTEX 110	-10.4666	-14.0276	0.539867
			*MESH_VERTEX 111	-10.0365	-3.36857	15.3489
			*MESH_VERTEX 112	10.1484	-1.60812	32.2931
			*MESH_VERTEX 113	16.5873	-18.0777	4.66341
			*MESH_VERTEX 114	15.4427	-5.74657	141.24
			*MESH_VERTEX 115	18.163	-9.18554	143.821
			*MESH_VERTEX 116	25.0874	-5.82646	118.064
			*MESH_VERTEX 117	-17.671	-4.59492	151.582
			*MESH_VERTEX 118	-11.8241	-9.39651	148.727
			*MESH_VERTEX 119	26.2953	-8.68221	80.3665
			*MESH_VERTEX 120	1.61609	-14.702	96.187
			*MESH_VERTEX 121	10.995	-13.8681	1.03604
			*MESH_VERTEX 122	-17.6878	-13.7797	81.7636
			*MESH_VERTEX 123	18.064	-2.83226	9.05643
			*MESH_VERTEX 124	12.8272	1.6916	15.7858
			*MESH_VERTEX 125	22.1775	-1.18579	147.918
			*MESH_VERTEX 126	14.1577	1.69788	32.869
			*MESH_VERTEX 127	17.8399	0.211225	140.428
			*MESH_VERTEX 128	-5.47449	-16.6855	104.813
			*MESH_VERTEX 129	31.7383	-6.73281	91.5101
			*MESH_VERTEX 130	29.5433	1.69694	113.711
			*MESH_VERTEX 131	24.3823	-14.7863	89.8842
			*MESH_VERTEX 132	10.5417	-22.6224	137.219
			*MESH_VERTEX 133	13.346	-18.877	131.142
			*MESH_VERTEX 134	7.26674	-18.5845	128.252
			*MESH_VERTEX 135	0.00837848	-20.9873	135.468
			*MESH_VERTEX 136	8.33939	-21.566	129.522
			*MESH_VERTEX 137	-14.3394	3.82125	146.289
			*MESH_VERTEX 138	20.5318	-4.95988	1.31583
			*MESH_VERTEX 139	21.2486	-12.6703	3.28796
			*MESH_VERTEX 140	9.49875	-17.1233	64.7533
			*MESH_VERTEX 141	14.586	-9.90714	133.206
			*MESH_VERTEX 142	15.5515	-2.12264	141.794
			*MESH_VERTEX 143	15.3049	-2.98497	138.627
			*MESH_VERTEX 144	17.2773	1.88486	141.687
			*MESH_VERTEX 145	17.1105	2.85048	145.073
			*MESH_VERTEX 146	18.5404	-4.27168	151.056
			*MESH_VERTEX 147	-3.98277	-1.00251	93.4078
			*MESH_VERTEX 148	-13.2897	-18.0857	130.747
			*MESH_VERTEX 149	26.8468	-9.90061	88.4401
			*MESH_VERTEX 150	-26.7083	-10.0425	88.6108
			*MESH_VERTEX 151	-31.6786	-6.58391	91.3619
			*MESH_VERTEX 152	-16.8317	0.946618	6.9077
			*MESH_VERTEX 153	-15.3366	3.43295	1.24839
			*MESH_VERTEX 154	4.04557	-5.81205	154.417
			*MESH_VERTEX 155	-29.2719	-8.98087	81.0186
			*MESH_VERTEX 156	-16.6003	-2.18476	52.225
			*MESH_VERTEX 157	27.7965	-15.0599	82.6608
			*MESH_VERTEX 158	-13.0385	-0.353916	91.5496
			*MESH_VERTEX 159	-27.7275	-14.979	82.7509
			*MESH_VERTEX 160	-7.38702	-18.6033	128.25
			*MESH_VERTEX 161	-20.5427	-12.0571	3.07509
			*MESH_VERTEX 162	-13.2382	-7.66028	115
			*MESH_VERTEX 163	-4.0499	-5.58842	154.3
			*MESH_VERTEX 164	26.4858	-8.82741	79.0857
			*MESH_VERTEX 165	4.41169	-0.661435	93.4315
			*MESH_VERTEX 166	12.3566	2.54579	1.06829
			*MESH_VERTEX 167	-3.52457	-1.06367	166.676
			*MESH_VERTEX 168	-10.3746	-9.17101	4.11571
			*MESH_VERTEX 169	3.85955	-1.43782	166.542
			*MESH_VERTEX 170	6.77361	-6.31402	62.8615
			*MESH_VERTEX 171	13.0163	-2.43666	58.717
			*MESH_VERTEX 172	30.8445	-15.7622	85.4349
			*MESH_VERTEX 173	14.1157	-1.58683	151.96
			*MESH_VERTEX 174	-26.8567	-12.0743	92.4249
			*MESH_VERTEX 175	5.36356	2.03086	113.704
			*MESH_VERTEX 176	32.051	-8.99562	83.2903
			*MESH_VERTEX 177	31.8585	-13.6387	84.6206
			*MESH_VERTEX 178	31.1986	-10.832	92.5617
			*MESH_VERTEX 179	16.8276	-7.3846	144.458
			*MESH_VERTEX 180	-12.5988	-14.4724	58.1139
			*MESH_VERTEX 181	-8.77903	-16.5866	64.5168
			*MESH_VERTEX 182	-5.29249	-16.8661	94.8498
			*MESH_VERTEX 183	-30.8489	-15.9512	85.0003
			*MESH_VERTEX 184	13.3779	-8.15271	114.894
			*MESH_VERTEX 185	-23.9469	-11.9327	90.6418
			*MESH_VERTEX 186	12.6206	-16.2243	104.686
			*MESH_VERTEX 187	25.4561	-13.5207	81.4885
			*MESH_VERTEX 188	26.8668	-11.9797	92.5982
			*MESH_VERTEX 189	-25.424	-13.3945	81.5678
			*MESH_VERTEX 190	10.7784	4.64909	139.05
			*MESH_VERTEX 191	15.7333	2.11061	150.154
			*MESH_VERTEX 192	16.1913	-16.268	94.7631
			*MESH_VERTEX 193	-16.0498	3.15029	145.368
			*MESH_VERTEX 194	-10.904	4.67868	139.076
			*MESH_VERTEX 195	-14.589	2.40355	150.413
			*MESH_VERTEX 196	22.02	-0.112739	120.783
			*MESH_VERTEX 197	-12.6706	3.33293	18.1439
			*MESH_VERTEX 198	-7.78842	-15.5027	145.392
			*MESH_VERTEX 199	-15.0773	-7.9204	143.084
			*MESH_VERTEX 200	-12.9692	-1.29777	152.203
			*MESH_VERTEX 201	27.2513	-6.04122	122.99
			*MESH_VERTEX 202	-17.3915	-8.39215	52.571
			*MESH_VERTEX 203	-26.3608	-8.57013	80.4641
			*MESH_VERTEX 204	-12.2422	-18.2323	95.4414
			*MESH_VERTEX 205	11.7211	-18.2332	95.3805
			*MESH_VERTEX 206	11.3992	-3.16384	15.4013
			*MESH_VERTEX 207	24.0064	-12.0791	90.5639
			*MESH_VERTEX 208	-21.8525	0.130936	121.078
			*MESH_VERTEX 209	16.488	1.0756	21.1713
			*MESH_VERTEX 210	15.6526	-6.13642	21.0638
			*MESH_VERTEX 211	12.6732	-6.04163	20.8714
			*MESH_VERTEX 212	-13.4687	1.78321	99.528
			*MESH_VERTEX 213	-11.4231	-2.35441	115.284
			*MESH_VERTEX 214	-7.80953	-14.6821	116.369
			*MESH_VERTEX 215	24.2683	-13.9437	84.0957
			*MESH_VERTEX 216	26.07	-14.3101	87.3815
			*MESH_VERTEX 217	4.69389	-23.1737	136.844
			*MESH_VERTEX 218	-25.9863	-14.1989	87.4687
			*MESH_VERTEX 219	-23.4499	-14.7857	83.7537
			*MESH_VERTEX 220	-24.5369	-13.9461	84.2739
			*MESH_VERTEX 221	-15.2162	-2.30241	142.203
			*MESH_VERTEX 222	-14.9024	-2.81566	138.805
			*MESH_VERTEX 223	-10.1693	4.56931	7.38377
			*MESH_VERTEX 224	-4.65594	-23.255	136.767
			*MESH_VERTEX 225	-19.4847	-7.84363	148.59
			*MESH_VERTEX 226	0.0215608	3.93456	101.627
			*MESH_VERTEX 227	15.9687	5.57698	7.40261
			*MESH_VERTEX 228	-24.6235	-5.49075	118.632
			*MESH_VERTEX 229	24.264	-15.5183	84.0171
			*MESH_VERTEX 230	-11.3133	-6.26135	20.8374
			*MESH_VERTEX 231	-14.3142	-6.2189	20.9892
			*MESH_VERTEX 232	-16.9581	-2.71995	9.06897
			*MESH_VERTEX 233	7.21859	-5.5691	119.964
			*MESH_VERTEX 234	0.0298427	-19.8444	130.595
			*MESH_VERTEX 235	7.37939	-1.84524	50.0338
			*MESH_VERTEX 236	-31.5465	-1.5741	114.343
			*MESH_VERTEX 237	-32.1951	-9.20437	82.8819
			*MESH_VERTEX 238	2.87464	-17.7941	115.791
			*MESH_VERTEX 239	12.655	-18.1934	81.1435
			*MESH_VERTEX 240	13.768	-17.8475	65.0484
			*MESH_VERTEX 241	10.6248	-22.3032	132.452
			*MESH_VERTEX 242	-5.74714	-2.14743	50.4681
			*MESH_VERTEX 243	-12.7504	-15.6568	105.277
			*MESH_VERTEX 244	-5.20016	-22.7497	132.109
			*MESH_VERTEX 245	5.2944	-22.7509	132.05
			*MESH_VERTEX 246	-28.2398	3.30457	120.573
			*MESH_VERTEX 247	-11.9506	-19.2232	140.23
			*MESH_VERTEX 248	11.9856	-19.2253	140.219
			*MESH_VERTEX 249	-10.332	-22.3843	132.354
			*MESH_VERTEX 250	-7.74324	-0.773923	40.6428
			*MESH_VERTEX 251	-8.6361	-1.60262	31.9946
			*MESH_VERTEX 252	-12.2963	1.85335	32.478
			*MESH_VERTEX 253	-11.215	1.69932	15.8486
			*MESH_VERTEX 254	-15.9099	-16.0727	94.7794
			*MESH_VERTEX 255	-16.1907	2.02646	141.441
			*MESH_VERTEX 256	13.5506	1.32997	95.4921
			*MESH_VERTEX 257	0.636628	-0.0249035	97.7288
			*MESH_VERTEX 258	-0.266353	-9.19844	93.7717
			*MESH_VERTEX 259	-0.146259	-5.22304	94.8762
			*MESH_VERTEX 260	3.28253	3.63988	98.1503
			*MESH_VERTEX 261	-14.5228	-10.109	133.373
			*MESH_VERTEX 262	-10.9157	-4.68423	126.444
			*MESH_VERTEX 263	-14.2866	-0.657274	82.6144
			*MESH_VERTEX 264	-13.0241	-5.25739	64.668
			*MESH_VERTEX 265	17.195	-8.36709	149.791
			*MESH_VERTEX 266	-9.58872	-4.38529	64.4974
			*MESH_VERTEX 267	29.0581	3.05173	117.577
			*MESH_VERTEX 268	0.0416112	-18.7711	139.912
			*MESH_VERTEX 269	16.6547	-10.344	58.3624
			*MESH_VERTEX 270	18.4748	-8.64561	52.7263
			*MESH_VERTEX 271	15.8004	-4.29572	106.978
			*MESH_VERTEX 272	-15.9869	-11.354	6.9218
			*MESH_VERTEX 273	-11.143	-13.8691	4.02202
			*MESH_VERTEX 274	-31.9073	-13.8456	84.1985
			*MESH_VERTEX 275	-31.2592	-10.8967	92.3857
			*MESH_VERTEX 276	12.4506	-5.65293	151.124
			*MESH_VERTEX 277	11.7346	-9.32473	148.769
			*MESH_VERTEX 278	16.5234	-11.475	7.21098
			*MESH_VERTEX 279	11.7586	-13.6399	4.49552
			*MESH_VERTEX 280	-8.94129	-15.4185	123.228
			*MESH_VERTEX 281	21.7028	-12.7425	0.794833
			*MESH_VERTEX 282	-3.00108	-3.01714	120.611
			*MESH_VERTEX 283	16.8075	1.54582	15.9981
			*MESH_VERTEX 284	-3.59173	-18.166	109
			*MESH_VERTEX 285	-15.1758	1.76694	15.9959
			*MESH_VERTEX 286	8.97973	-15.4619	123.195
			*MESH_VERTEX 287	9.4495	-11.8331	117.709
			*MESH_VERTEX 288	-14.5788	-15.3087	132.736
			*MESH_VERTEX 289	5.57335	2.04677	154.361
			*MESH_VERTEX 290	-0.107431	4.42384	150.503
			*MESH_VERTEX 291	-5.51211	1.72586	154.588
			*MESH_VERTEX 292	-14.9136	-5.7838	57.8657
			*MESH_VERTEX 293	11.5474	4.64566	149.75
			*MESH_VERTEX 294	15.4469	3.51252	146.014
			*MESH_VERTEX 295	3.55387	-18.2839	108.975
			*MESH_VERTEX 296	23.3073	-4.31026	114.566
			*MESH_VERTEX 297	29.0382	-7.32388	115.089
			*MESH_VERTEX 298	25.3192	-7.36947	113.84
			*MESH_VERTEX 299	-25.0448	-7.28833	114.153
			*MESH_VERTEX 300	-10.454	4.90122	149.925
			*MESH_VERTEX 301	-7.15773	4.99799	106.68
			*MESH_VERTEX 302	0.00559754	1.75407	112.658
			*MESH_VERTEX 303	-2.11429	5.31132	101.96
			*MESH_VERTEX 304	-15.4236	-3.97555	106.724
			*MESH_VERTEX 305	6.64386	4.78849	107.123
			*MESH_VERTEX 306	4.96257	-16.6592	94.6019
			*MESH_VERTEX 307	14.129	-3.87561	64.41
			*MESH_VERTEX 308	11.0368	-3.47205	64.304
			*MESH_VERTEX 309	9.25989	0.670171	82.2928
			*MESH_VERTEX 310	19.0674	-7.48579	93.9059
			*MESH_VERTEX 311	6.87433	-1.5444	155.515
			*MESH_VERTEX 312	3.97905	-19.5357	122.285
			*MESH_VERTEX 313	-21.054	-11.9932	0.595295
			*MESH_VERTEX 314	11.4421	-0.108738	6.782
			*MESH_VERTEX 315	-2.99801	-11.4343	81.2567
			*MESH_VERTEX 316	-3.28022	-4.1064	81.6499
			*MESH_VERTEX 317	-29.2428	2.99081	117.585
			*MESH_VERTEX 318	-5.08542	-10.3313	57.3372
			*MESH_VERTEX 319	-3.66282	-10.1583	62.6854
			*MESH_VERTEX 320	-6.41737	-5.20087	57.4811
			*MESH_VERTEX 321	-7.34958	-1.48479	155.339
			*MESH_VERTEX 322	17.6519	-1.2975	17.885
			*MESH_VERTEX 323	14.9226	-9.71767	40.6477
			*MESH_VERTEX 324	16.5318	-3.34242	20.7887
			*MESH_VERTEX 325	-11.3265	-5.37113	151.354
			*MESH_VERTEX 326	14.4592	-3.23303	133.2
			*MESH_VERTEX 327	11.5188	-9.44532	126.396
			*MESH_VERTEX 328	10.3268	-5.01632	126.423
			*MESH_VERTEX 329	-12.8072	-17.4303	64.6763
			*MESH_VERTEX 330	14.3223	3.29669	18.1221
			*MESH_VERTEX 331	2.2965	5.25485	101.851
			*MESH_VERTEX 332	16.7548	3.1116	1.07008
			*MESH_VERTEX 333	-28.7697	-7.23309	115.429
			*MESH_VERTEX 334	2.31859	-18.0436	102.484
			*MESH_VERTEX 335	-12.4634	-12.401	143.577
			*MESH_VERTEX 336	-10.3275	1.18622	20.8925
			*MESH_VERTEX 337	3.50534	-10.8163	81.1976
			*MESH_VERTEX 338	4.75387	-9.64111	63.8947
			*MESH_VERTEX 339	7.95292	-4.83254	57.5334
			*MESH_VERTEX 340	1.88327	4.34221	106.809
			*MESH_VERTEX 341	-0.700256	-0.203249	97.552
			*MESH_VERTEX 342	-3.05846	3.43408	97.5375
			*MESH_VERTEX 343	-10.8361	-3.955	8.96587
			*MESH_VERTEX 344	17.0577	-3.37888	15.7077
			*MESH_VERTEX 345	11.9957	1.21744	20.8785
			*MESH_VERTEX 346	11.0189	-1.07291	17.4698
			*MESH_VERTEX 347	-11.0133	-9.34077	126.245
			*MESH_VERTEX 348	25.1136	-12.6661	79.4429
			*MESH_VERTEX 349	-14.719	1.23596	21.1157
			*MESH_VERTEX 350	-16.0659	-1.07902	17.7425
			*MESH_VERTEX 351	-7.95848	2.41202	131.864
			*MESH_VERTEX 352	7.93607	2.29475	131.78
			*MESH_VERTEX 353	-0.0214646	-2.17376	125.855
			*MESH_VERTEX 354	-15.5289	-1.70888	32.3417
			*MESH_VERTEX 355	-16.3339	-0.908315	42.7792
			*MESH_VERTEX 356	18.2036	-13.9096	81.9934
			*MESH_VERTEX 357	-3.89138	-19.5148	122.301
			*MESH_VERTEX 358	-12.0178	1.39337	107.11
			*MESH_VERTEX 359	-15.6836	-3.2704	15.5535
			*MESH_VERTEX 360	-25.1077	-12.5269	79.5337
			*MESH_VERTEX 361	-14.3009	-3.00459	133.377
			*MESH_VERTEX 362	11.9916	-3.54814	9.07988
			*MESH_VERTEX 363	5.25058	-20.2306	141.042
			*MESH_VERTEX 364	-5.20515	-20.267	141.013
			*MESH_VERTEX 365	12.3535	-12.3889	143.579
			*MESH_VERTEX 366	-11.5805	-5.87065	1.2694
			*MESH_VERTEX 367	-10.9714	2.36798	1.16876
			*MESH_VERTEX 368	-9.83884	-0.486751	6.75829
			*MESH_VERTEX 369	-10.4356	-0.978378	1.68671
			*MESH_VERTEX 370	14.468	-15.3726	132.671
			*MESH_VERTEX 371	-21.7138	-3.14532	122.592
			*MESH_VERTEX 372	28.7878	-12.883	86.3887
			*MESH_VERTEX 373	-28.7359	-12.8214	86.4979
			*MESH_VERTEX 374	-2.14721	4.36891	106.658
			*MESH_VERTEX 375	6.80128	-16.7743	109.145
			*MESH_VERTEX 376	-2.18288	-18.0531	102.851
			*MESH_VERTEX 377	-8.30861	0.528925	82.3857
			*MESH_VERTEX 378	17.5612	-1.21042	41.7713
			*MESH_VERTEX 379	17.1887	-1.99933	32.7757
			*MESH_VERTEX 380	-19.6809	-7.36017	4.19302
			*MESH_VERTEX 381	-29.5203	-14.2213	80.5036
			*MESH_VERTEX 382	14.7046	-0.804179	82.6027
			*MESH_VERTEX 383	16.8623	-6.6702	64.3524
			*MESH_VERTEX 384	-18.5592	-7.91094	82.3632
			*MESH_VERTEX 385	-16.3497	-12.0338	64.5173
			*MESH_VERTEX 386	-14.4403	-9.59036	40.2902
			*MESH_VERTEX 387	-14.9504	-3.37707	20.6941
			*MESH_VERTEX 388	20.8029	-7.87203	4.26134
			*MESH_VERTEX 389	-6.77441	-16.6942	109.61
			*MESH_VERTEX 390	-8.81544	-4.95634	31.6008
			*MESH_VERTEX 391	29.5639	-14.276	80.388
			*MESH_VERTEX 392	-10.38	-10.3726	0.546954
			*MESH_VERTEX 393	12.4515	-5.83838	1.44658
			*MESH_VERTEX 394	11.715	-0.845004	1.71466
			*MESH_VERTEX 395	12.048	1.13539	107.154
			*MESH_VERTEX 396	14.3243	2.58766	43.1124
			*MESH_VERTEX 397	2.67236	-7.36357	164.671
			*MESH_VERTEX 398	0.937079	-4.97977	94.2722
			*MESH_VERTEX 399	18.0745	1.595	149.505
			*MESH_VERTEX 400	-4.37583	-1.50616	125.681
			*MESH_VERTEX 401	-9.14848	-8.51652	118.679
			*MESH_VERTEX 402	13.7786	-0.321847	91.623
			*MESH_VERTEX 403	-9.73579	-1.16928	17.4729
			*MESH_VERTEX 404	10.2281	-14.1908	57.9392
			*MESH_VERTEX 405	4.32975	-1.51909	125.768
			*MESH_VERTEX 406	-2.76216	-7.24663	164.713
			*MESH_VERTEX 407	9.86639	-4.37203	31.9544
			*MESH_VERTEX 408	6.53068	-7.82269	49.1552
			*MESH_VERTEX 409	-12.3787	2.66953	42.6914
			*MESH_VERTEX 410	-16.8587	1.83907	149.814
			*MESH_VERTEX 411	-28.9988	-6.03826	88.3852
			*MESH_VERTEX 412	-13.2042	1.36708	95.5974
			*MESH_VERTEX 413	25.2693	-12.14	80.7721
			*MESH_VERTEX 414	-25.2675	-12.0094	80.8539
			*MESH_VERTEX 415	18.5457	-6.93952	41.3526
			*MESH_VERTEX 416	28.1587	3.15447	120.427
			*MESH_VERTEX 417	14.7169	-14.6493	137.007
			*MESH_VERTEX 418	4.75997	-3.66432	81.6189
			*MESH_VERTEX 419	11.2013	-10.2171	0.906207
			*MESH_VERTEX 420	18.5262	-0.0650855	1.65487
			*MESH_VERTEX 421	-17.2292	0.374352	1.78367
			*MESH_VERTEX 422	-7.24644	-17.1713	80.2226
			*MESH_VERTEX 423	-16.689	-4.6985	100.513
			*MESH_VERTEX 424	-0.0647106	3.49122	105.578
			*MESH_VERTEX 425	-7.25034	-7.02734	40.0759
			*MESH_VERTEX 426	-1.34431	-4.53165	94.7459
			*MESH_VERTEX 427	-8.23595	3.96899	95.9145
			*MESH_VERTEX 428	26.0006	1.38682	113.5
			*MESH_VERTEX 429	17.3489	-5.22466	32.4377
			*MESH_VERTEX 430	29.6906	-3.82416	122.117
			*MESH_VERTEX 431	31.8106	-1.65577	114.056
			*MESH_VERTEX 432	26.6181	-7.54797	95.0492
			*MESH_VERTEX 433	-14.8171	-14.6578	137.016
			*MESH_VERTEX 434	-28.4283	-13.6031	82.4532
			*MESH_VERTEX 435	28.4696	-13.6719	82.3549
			*MESH_VERTEX 436	-25.8539	1.40434	113.772
			*MESH_VERTEX 437	-25.3985	2.23342	117.318
			*MESH_VERTEX 438	18.1913	0.727498	6.79025
			*MESH_VERTEX 439	-9.26596	-14.5074	57.9511
			*MESH_VERTEX 440	7.95454	4.08174	95.8404
			*MESH_VERTEX 441	-0.00513856	4.83266	137.825
			*MESH_VERTEX 442	-0.00760408	2.76592	131.534
			*MESH_VERTEX 443	21.5414	-9.01497	0.694028
			*MESH_VERTEX 444	29.285	-6.13032	88.3396
			*MESH_VERTEX 445	28.2924	-6.39437	118.563
			*MESH_VERTEX 446	30.3036	0.0906896	120.841
			*MESH_VERTEX 447	-20.584	-8.29637	0.615188
			*MESH_VERTEX 448	-17.1651	-6.63649	40.9152
			*MESH_VERTEX 449	-30.8179	-0.4489	118.376
			*MESH_VERTEX 450	-30.1685	0.352702	121.036
			*MESH_VERTEX 451	-29.5341	-3.59326	122.352
			*MESH_VERTEX 452	17.2125	-5.00322	100.888
			*MESH_VERTEX 453	6.92674	-16.6774	80.2235
			*MESH_VERTEX 454	-22.9202	-0.391876	117.527
			*MESH_VERTEX 455	-26.5783	-7.54261	94.9791
			*MESH_VERTEX 456	23.4283	-1.13796	113.859
			*MESH_VERTEX 457	-0.0537334	-2.79999	120.655
			*MESH_VERTEX 458	-14.6603	-12.5767	138.761
			*MESH_VERTEX 459	14.6114	-12.4417	138.88
			*MESH_VERTEX 460	-31.8144	-7.60478	89.12
			*MESH_VERTEX 461	-16.0937	-5.52139	31.9632
			*MESH_VERTEX 462	-28.059	-6.18414	119.125
			*MESH_VERTEX 463	-23.2781	-1.11302	114.17
			*MESH_VERTEX 464	22.7845	-3.64571	117.482
			*MESH_VERTEX 465	23.8436	-5.97258	122.486
			*MESH_VERTEX 466	31.9378	-7.55893	88.9897
			*MESH_VERTEX 467	-22.7742	-3.55402	118.083
			*MESH_VERTEX 468	-15.3033	-9.36119	147.628
			*MESH_VERTEX 469	8.3268	-6.54934	40.4134
			*MESH_VERTEX 470	15.2659	-8.99254	147.371
			*MESH_VERTEX 471	30.5169	-4.20432	118.588
			*MESH_VERTEX 472	22.9062	-0.454672	117.122
			*MESH_VERTEX 473	-30.3049	-4.02129	118.966
			*MESH_VERTEX 474	25.3536	2.20649	117.16
			*MESH_VERTEX 475	-23.647	-5.672	123.008
		}
		*MESH_FACE_LIST {
			*MESH_FACE    0:    A:    80 B:    181 C:    422 AB:    1 BC:    1 CA:    1	 *MESH_SMOOTHING 1 	*MESH_MTLID 0
			*MESH_FACE    1:    A:    355 B:    409 C:    252 AB:    1 BC:    1 CA:    1	 *MESH_SMOOTHING 1 	*MESH_MTLID 0
			*MESH_FACE    2:    A:    436 B:    12 C:    4 AB:    1 BC:    1 CA:    1	 *MESH_SMOOTHING 1 	*MESH_MTLID 0
			*MESH_FACE    3:    A:    450 B:    62 C:    246 AB:    1 BC:    1 CA:    1	 *MESH_SMOOTHING 1 	*MESH_MTLID 0
			*MESH_FACE    4:    A:    222 B:    361 C:    261 AB:    1 BC:    1 CA:    1	 *MESH_SMOOTHING 1 	*MESH_MTLID 0
			*MESH_FACE    5:    A:    442 B:    353 C:    351 AB:    1 BC:    1 CA:    1	 *MESH_SMOOTHING 1 	*MESH_MTLID 0
