*3DSMAX_ASCIIEXPORT	110
*COMMENT "[ GothicSourcer v3.10 ] - August 2006"
*SCENE {
	*SCENE_FILENAME "SWAMPDRONE_BODY.MAX"
	*SCENE_FIRSTFRAME 0
	*SCENE_LASTFRAME 100
	*SCENE_FRAMESPEED 25
	*SCENE_TICKSPERFRAME 192
	*SCENE_BACKGROUND_STATIC 0	0	0
	*SCENE_AMBIENT_STATIC 0.2	0.2	0.2
}
*MATERIAL_LIST {
	*MATERIAL_COUNT 1
	*MATERIAL 0 {
		*MATERIAL_NAME "CRW_BODY"
		*MATERIAL_CLASS "Standard"
		*MATERIAL_AMBIENT 0.172549	0.207843	0.129412
		*MATERIAL_DIFFUSE 0.172549	0.207843	0.129412
		*MATERIAL_SPECULAR 0.9	0.9	0.9
		*MATERIAL_SHINE 0.1
		*MATERIAL_SHINESTRENGTH 0
		*MATERIAL_TRANSPARENCY 0
		*MATERIAL_WIRESIZE 1
		*MATERIAL_SHADING Blinn
		*MATERIAL_XP_FALLOFF 0
		*MATERIAL_SELFILLUM 0
		*MATERIAL_FALLOFF In
		*MATERIAL_XP_TYPE Filter
		*MAP_DIFFUSE {
			*MAP_NAME "Map #1"
			*MAP_CLASS "Bitmap"
			*MAP_SUBNO 1
			*MAP_AMOUNT 1
			*BITMAP "SUMPFFLIEGE.TGA"
			*MAP_TYPE Screen
			*UVW_U_OFFSET 0
			*UVW_V_OFFSET 0
			*UVW_U_TILING 1
			*UVW_V_TILING 1
			*UVW_ANGLE 0
			*UVW_BLUR 1
			*UVW_BLUR_OFFSET 0
			*UVW_NOUSE_AMT 1
			*UVW_NOISE_SIZE 1
			*UVW_NOISE_LEVEL 1
			*UVW_NOISE_PHASE 0
			*BITMAP_FILTER Pyramidal
		}
	}
}
*HELPEROBJECT {
	*NODE_NAME "Bip01 Center"
	*NODE_TM {
		*NODE_NAME "Bip01 Center"
		*TM_ROW0 2.15608e-007	1	-5.96046e-008
		*TM_ROW1 -5.96046e-008	2.15608e-007	1
		*TM_ROW2 1	-5.96046e-008	2.15608e-007
		*TM_ROW3 0	-3.21028	125
		*TM_POS 0	-3.21028	125
		*TM_ROTAXIS -0.57735	-0.57735	-0.57735
		*TM_ROTANGLE 2.09439
		*TM_SCALE 1	1	1
		*TM_SCALEAXIS 0	0	0
		*TM_SCALEAXISANG 0	0	0
	}
}
*HELPEROBJECT {
	*NODE_NAME "Bip01 L-Leg Back01"
	*NODE_PARENT "Bip01 Center"
	*NODE_TM {
		*NODE_NAME "Bip01 L-Leg Back01"
		*TM_ROW0 1	3.25137e-015	7.32442e-015
		*TM_ROW1 7.32442e-015	1	3.25137e-015
		*TM_ROW2 3.25137e-015	7.32442e-015	1
		*TM_ROW3 15.5034	4.88313	113.656
		*TM_POS 15.5034	4.88313	113.656
		*TM_ROTAXIS 0	0	0
		*TM_ROTANGLE 0
		*TM_SCALE 1	1	1
		*TM_SCALEAXIS 0	0	0
		*TM_SCALEAXISANG 0	0	0
	}
}
*HELPEROBJECT {
	*NODE_NAME "Bip01 L-Leg Back02"
	*NODE_PARENT "Bip01 L-Leg Back01"
	*NODE_TM {
		*NODE_NAME "Bip01 L-Leg Back02"
		*TM_ROW0 0.849504	0.000876741	-0.527582
		*TM_ROW1 -0.00103205	1	1.44937e-008
		*TM_ROW2 0.527581	0.00054448	0.849504
		*TM_ROW3 19.3394	5.71222	113
		*TM_POS 19.3394	5.71222	113
		*TM_ROTAXIS 0.000516	-0.999998	-0.001809
		*TM_ROTANGLE 0.555752
		*TM_SCALE 1	1	1
		*TM_SCALEAXIS 0	0	0
		*TM_SCALEAXISANG 0	0	0
	}
}
*HELPEROBJECT {
	*NODE_NAME "Bip01 L-Leg Back03"
	*NODE_PARENT "Bip01 L-Leg Back02"
	*NODE_TM {
		*NODE_NAME "Bip01 L-Leg Back03"
		*TM_ROW0 0.73555	0.00075916	-0.67747
		*TM_ROW1 -0.00103207	1	2.77596e-008
		*TM_ROW2 0.67747	0.000699177	0.735551
		*TM_ROW3 30.1856	7.73185	113.932
		*TM_POS 30.1856	7.73185	113.932
		*TM_ROTAXIS 0.000516	-0.999999	-0.001322
		*TM_ROTANGLE 0.744318
		*TM_SCALE 1	1	1
		*TM_SCALEAXIS 0	0	0
		*TM_SCALEAXISANG 0	0	0
	}
}
*HELPEROBJECT {
	*NODE_NAME "Bip01 L-Leg Back04"
	*NODE_PARENT "Bip01 L-Leg Back03"
	*NODE_TM {
		*NODE_NAME "Bip01 L-Leg Back04"
		*TM_ROW0 0.996337	0.00102839	-0.0855151
		*TM_ROW1 -0.00103217	0.999999	3.94617e-009
		*TM_ROW2 0.0855151	8.82621e-005	0.996337
		*TM_ROW3 35.4563	11.0107	101.607
		*TM_POS 35.4563	11.0107	101.607
		*TM_ROTAXIS 0.000516	-0.999927	-0.012047
		*TM_ROTANGLE 0.0856272
		*TM_SCALE 1	1	1
		*TM_SCALEAXIS 0	0	0
		*TM_SCALEAXISANG 0	0	0
	}
}
*HELPEROBJECT {
	*NODE_NAME "Bip01 L-Leg Back05"
	*NODE_PARENT "Bip01 L-Leg Back04"
	*NODE_TM {
		*NODE_NAME "Bip01 L-Leg Back05"
		*TM_ROW0 0.996337	0.00102839	-0.0855151
		*TM_ROW1 -0.00103217	0.999999	3.93892e-009
		*TM_ROW2 0.0855151	8.82621e-005	0.996337
		*TM_ROW3 29.3666	9.83558	78.0512
		*TM_POS 29.3666	9.83558	78.0512
		*TM_ROTAXIS 0.000516001	-0.999927	-0.012047
		*TM_ROTANGLE 0.0856272
		*TM_SCALE 1	1	1
		*TM_SCALEAXIS 0	0	0
		*TM_SCALEAXISANG 0	0	0
	}
}
*HELPEROBJECT {
	*NODE_NAME "Bip01 L-Leg Middle01"
	*NODE_PARENT "Bip01 Center"
	*NODE_TM {
		*NODE_NAME "Bip01 L-Leg Middle01"
		*TM_ROW0 1	3.25137e-015	7.32442e-015
		*TM_ROW1 7.32442e-015	1	3.25137e-015
		*TM_ROW2 3.25137e-015	7.32442e-015	1
		*TM_ROW3 15.5034	-3.21578	113.656
		*TM_POS 15.5034	-3.21578	113.656
		*TM_ROTAXIS 0	0	0
		*TM_ROTANGLE 0
		*TM_SCALE 1	1	1
		*TM_SCALEAXIS 0	0	0
		*TM_SCALEAXISANG 0	0	0
	}
}
*HELPEROBJECT {
	*NODE_NAME "Bip01 L-Leg Middle02"
	*NODE_PARENT "Bip01 L-Leg Middle01"
	*NODE_TM {
		*NODE_NAME "Bip01 L-Leg Middle02"
		*TM_ROW0 0.765362	-0.0323374	-0.642787
		*TM_ROW1 0.0422135	0.999109	-3.25963e-008
		*TM_ROW2 0.642214	-0.0271343	0.766045
		*TM_ROW3 19.3394	-3.28583	113
		*TM_POS 19.3394	-3.28583	113
		*TM_ROTAXIS -0.021076	-0.9981	0.057906
		*TM_ROTANGLE 0.699355
		*TM_SCALE 1	1	1
		*TM_SCALEAXIS 0	0	0
		*TM_SCALEAXISANG 0	0	0
	}
}
*HELPEROBJECT {
	*NODE_NAME "Bip01 L-Leg Middle03"
	*NODE_PARENT "Bip01 L-Leg Middle02"
	*NODE_TM {
		*NODE_NAME "Bip01 L-Leg Middle03"
		*TM_ROW0 0.362013	-0.0152957	-0.932048
		*TM_ROW1 0.0422132	0.999109	-3.45392e-007
		*TM_ROW2 0.931217	-0.0393446	0.362336
		*TM_ROW3 30.1954	-3.86523	112.383
		*TM_POS 30.1954	-3.86523	112.383
		*TM_ROTAXIS -0.021101	-0.999301	0.030843
		*TM_ROTANGLE 1.20068
		*TM_SCALE 1	1	1
		*TM_SCALEAXIS 0	0	0
		*TM_SCALEAXISANG 0	0	0
	}
}
*HELPEROBJECT {
	*NODE_NAME "Bip01 L-Leg Middle04"
	*NODE_PARENT "Bip01 L-Leg Middle03"
	*NODE_TM {
		*NODE_NAME "Bip01 L-Leg Middle04"
		*TM_ROW0 0.987464	-0.0417214	-0.152231
		*TM_ROW1 0.0422134	0.999108	2.38719e-008
		*TM_ROW2 0.152096	-0.00642624	0.988345
		*TM_ROW3 29.5086	-3.81835	98.995
		*TM_POS 29.5086	-3.81835	98.995
		*TM_ROTAXIS -0.020352	-0.963807	0.265822
		*TM_ROTANGLE 0.158541
		*TM_SCALE 1	1	1
		*TM_SCALEAXIS 0	0	0
		*TM_SCALEAXISANG 0	0	0
	}
}
*HELPEROBJECT {
	*NODE_NAME "Bip01 L-Leg Middle05"
	*NODE_PARENT "Bip01 L-Leg Middle04"
	*NODE_TM {
		*NODE_NAME "Bip01 L-Leg Middle05"
		*TM_ROW0 0.987464	-0.0417214	-0.152231
		*TM_ROW1 0.0422134	0.999108	2.34116e-008
		*TM_ROW2 0.152096	-0.00642624	0.988345
		*TM_ROW3 21.8576	-3.46618	75.9012
		*TM_POS 21.8576	-3.46618	75.9012
		*TM_ROTAXIS -0.020352	-0.963807	0.265822
		*TM_ROTANGLE 0.158541
		*TM_SCALE 1	1	1
		*TM_SCALEAXIS 0	0	0
		*TM_SCALEAXISANG 0	0	0
	}
}
*HELPEROBJECT {
	*NODE_NAME "Bip01 L-Leg Front01"
	*NODE_PARENT "Bip01 Center"
	*NODE_TM {
		*NODE_NAME "Bip01 L-Leg Front01"
		*TM_ROW0 1	3.25137e-015	7.32442e-015
		*TM_ROW1 7.32442e-015	1	3.25137e-015
		*TM_ROW2 3.25137e-015	7.32442e-015	1
		*TM_ROW3 15.5034	-9.78126	113.656
		*TM_POS 15.5034	-9.78126	113.656
		*TM_ROTAXIS 0	0	0
		*TM_ROTANGLE 0
		*TM_SCALE 1	1	1
		*TM_SCALEAXIS 0	0	0
		*TM_SCALEAXISANG 0	0	0
	}
}
*HELPEROBJECT {
	*NODE_NAME "Bip01 L-Leg Front02"
	*NODE_PARENT "Bip01 L-Leg Front01"
	*NODE_TM {
		*NODE_NAME "Bip01 L-Leg Front02"
		*TM_ROW0 0.999938	-0.0085037	-0.00725302
		*TM_ROW1 0.00850392	0.999964	-1.40208e-008
		*TM_ROW2 0.00725276	-6.16651e-005	0.999974
		*TM_ROW3 19.3394	-10.8418	113
		*TM_POS 19.3394	-10.8418	113
		*TM_ROTAXIS -0.002758	-0.648925	0.760847
		*TM_ROTANGLE 0.0111773
		*TM_SCALE 1	1	1
		*TM_SCALEAXIS 0	0	0
		*TM_SCALEAXISANG 0	0	0
	}
}
*HELPEROBJECT {
	*NODE_NAME "Bip01 L-Leg Front03"
	*NODE_PARENT "Bip01 L-Leg Front02"
	*NODE_TM {
		*NODE_NAME "Bip01 L-Leg Front03"
		*TM_ROW0 0.97345	-0.00827833	-0.22875
		*TM_ROW1 0.0085038	0.999964	-1.93198e-008
		*TM_ROW2 0.228741	-0.00194522	0.973485
		*TM_ROW3 28.0864	-13.6983	119.451
		*TM_POS 28.0864	-13.6983	119.451
		*TM_ROTAXIS -0.004249	-0.999319	0.036658
		*TM_ROTANGLE 0.23095
		*TM_SCALE 1	1	1
		*TM_SCALEAXIS 0	0	0
		*TM_SCALEAXISANG 0	0	0
	}
}
*HELPEROBJECT {
	*NODE_NAME "Bip01 L-Leg Front04"
	*NODE_PARENT "Bip01 L-Leg Front03"
	*NODE_TM {
		*NODE_NAME "Bip01 L-Leg Front04"
		*TM_ROW0 0.762975	-0.00648827	-0.646395
		*TM_ROW1 0.00850381	0.999964	2.51457e-007
		*TM_ROW2 0.646372	-0.00549702	0.763003
		*TM_ROW3 38.7061	-17.1129	111.307
		*TM_POS 38.7061	-17.1129	111.307
		*TM_ROTAXIS -0.004252	-0.999924	0.011596
		*TM_ROTANGLE 0.7029
		*TM_SCALE 1	1	1
		*TM_SCALEAXIS 0	0	0
		*TM_SCALEAXISANG 0	0	0
	}
}
*HELPEROBJECT {
	*NODE_NAME "Bip01 L-Leg Front05"
	*NODE_PARENT "Bip01 L-Leg Front04"
	*NODE_TM {
		*NODE_NAME "Bip01 L-Leg Front05"
		*TM_ROW0 0.762975	-0.00648827	-0.646395
		*TM_ROW1 0.00850381	0.999964	2.51867e-007
		*TM_ROW2 0.646372	-0.00549702	0.763003
		*TM_ROW3 20.1152	-15.8744	95.6231
		*TM_POS 20.1152	-15.8744	95.6231
		*TM_ROTAXIS -0.004252	-0.999924	0.011596
		*TM_ROTANGLE 0.7029
		*TM_SCALE 1	1	1
		*TM_SCALEAXIS 0	0	0
		*TM_SCALEAXISANG 0	0	0
	}
}
*HELPEROBJECT {
	*NODE_NAME "Bip01 R-Leg Front01"
	*NODE_PARENT "Bip01 Center"
	*NODE_TM {
		*NODE_NAME "Bip01 R-Leg Front01"
		*TM_ROW0 1	3.25137e-015	7.32442e-015
		*TM_ROW1 -2.11363e-015	-1	-3.25841e-007
		*TM_ROW2 -4.0518e-015	3.25841e-007	-1
		*TM_ROW3 -15.5034	-9.78126	113.656
		*TM_POS -15.5034	-9.78126	113.656
		*TM_ROTAXIS 1	2.84437e-016	8.18156e-016
		*TM_ROTANGLE 3.14159
		*TM_SCALE 1	1	1
		*TM_SCALEAXIS 0	0	0
		*TM_SCALEAXISANG 0	0	0
	}
}
*HELPEROBJECT {
	*NODE_NAME "Bip01 R-Leg Front02"
	*NODE_PARENT "Bip01 R-Leg Front01"
	*NODE_TM {
		*NODE_NAME "Bip01 R-Leg Front02"
		*TM_ROW0 0.882262	0.262076	0.391061
		*TM_ROW1 0.284753	-0.958601	-3.8743e-007
		*TM_ROW2 0.374872	0.111356	-0.920365
		*TM_ROW3 -19.3394	-10.8418	113
		*TM_POS -19.3394	-10.8418	113
		*TM_ROTAXIS 0.970094	0.141038	0.197549
		*TM_ROTANGLE 3.08417
		*TM_SCALE 1	1	1
		*TM_SCALEAXIS 0	0	0
		*TM_SCALEAXISANG 0	0	0
	}
}
*HELPEROBJECT {
	*NODE_NAME "Bip01 R-Leg Front03"
	*NODE_PARENT "Bip01 R-Leg Front02"
	*NODE_TM {
		*NODE_NAME "Bip01 R-Leg Front03"
		*TM_ROW0 0.695696	0.206656	0.687969
		*TM_ROW1 0.284753	-0.958601	-3.06498e-007
		*TM_ROW2 0.659488	0.195901	-0.72574
		*TM_ROW3 -28.6864	-16.5204	115.584
		*TM_POS -28.6864	-16.5204	115.584
		*TM_ROTAXIS 0.920551	0.133835	0.366979
		*TM_ROTANGLE 3.03499
		*TM_SCALE 1	1	1
		*TM_SCALEAXIS 0	0	0
		*TM_SCALEAXISANG 0	0	0
	}
}
*HELPEROBJECT {
	*NODE_NAME "Bip01 R-Leg Front04"
	*NODE_PARENT "Bip01 R-Leg Front03"
	*NODE_TM {
		*NODE_NAME "Bip01 R-Leg Front04"
		*TM_ROW0 0.885036	0.2629	0.384182
		*TM_ROW1 0.284753	-0.958601	6.98354e-007
		*TM_ROW2 0.368277	0.109396	-0.923257
		*TM_ROW3 -32.6253	-21.1582	103.185
		*TM_POS -32.6253	-21.1582	103.185
		*TM_ROTAXIS 0.97081	0.141142	0.193925
		*TM_ROTANGLE 3.08522
		*TM_SCALE 1	1	1
		*TM_SCALEAXIS 0	0	0
		*TM_SCALEAXISANG 0	0	0
	}
}
*HELPEROBJECT {
	*NODE_NAME "Bip01 R-Leg Front05"
	*NODE_PARENT "Bip01 R-Leg Front04"
	*NODE_TM {
		*NODE_NAME "Bip01 R-Leg Front05"
		*TM_ROW0 0.885036	0.2629	0.384182
		*TM_ROW1 0.284753	-0.958601	7.12112e-007
		*TM_ROW2 0.368277	0.109396	-0.923257
		*TM_ROW3 -20.5096	-16.4323	82.5934
		*TM_POS -20.5096	-16.4323	82.5934
		*TM_ROTAXIS 0.97081	0.141142	0.193925
		*TM_ROTANGLE 3.08522
		*TM_SCALE 1	1	1
		*TM_SCALEAXIS 0	0	0
		*TM_SCALEAXISANG 0	0	0
	}
}
*HELPEROBJECT {
	*NODE_NAME "Bip01 R-Leg Middle01"
	*NODE_PARENT "Bip01 Center"
	*NODE_TM {
		*NODE_NAME "Bip01 R-Leg Middle01"
		*TM_ROW0 1	3.25137e-015	7.32442e-015
		*TM_ROW1 -2.11363e-015	-1	-3.25841e-007
		*TM_ROW2 -4.0518e-015	3.25841e-007	-1
		*TM_ROW3 -15.5034	-3.21578	113.656
		*TM_POS -15.5034	-3.21578	113.656
		*TM_ROTAXIS 1	2.84437e-016	8.18156e-016
		*TM_ROTANGLE 3.14159
		*TM_SCALE 1	1	1
		*TM_SCALEAXIS 0	0	0
		*TM_SCALEAXISANG 0	0	0
	}
}
*HELPEROBJECT {
	*NODE_NAME "Bip01 R-Leg Middle02"
	*NODE_PARENT "Bip01 R-Leg Middle01"
	*NODE_TM {
		*NODE_NAME "Bip01 R-Leg Middle02"
		*TM_ROW0 0.766044	0.000878819	0.642788
		*TM_ROW1 0.00114716	-0.999999	6.96455e-008
		*TM_ROW2 0.642787	0.000737326	-0.766044
		*TM_ROW3 -19.3394	-3.28583	113
		*TM_POS -19.3394	-3.28583	113
		*TM_ROTAXIS 0.939692	0.000539	0.34202
		*TM_ROTANGLE 3.1412
		*TM_SCALE 1	1	1
		*TM_SCALEAXIS 0	0	0
		*TM_SCALEAXISANG 0	0	0
	}
}
*HELPEROBJECT {
	*NODE_NAME "Bip01 R-Leg Middle03"
	*NODE_PARENT "Bip01 R-Leg Middle02"
	*NODE_TM {
		*NODE_NAME "Bip01 R-Leg Middle03"
		*TM_ROW0 0.476187	0.000547016	0.879344
		*TM_ROW1 0.00114718	-0.999999	8.48271e-007
		*TM_ROW2 0.879343	0.00100836	-0.476187
		*TM_ROW3 -30.21	-3.41891	112.383
		*TM_POS -30.21	-3.41891	112.383
		*TM_ROTAXIS 0.859124	0.000493	0.511768
		*TM_ROTANGLE 3.14101
		*TM_SCALE 1	1	1
		*TM_SCALEAXIS 0	0	0
		*TM_SCALEAXISANG 0	0	0
	}
}
*HELPEROBJECT {
	*NODE_NAME "Bip01 R-Leg Middle04"
	*NODE_PARENT "Bip01 R-Leg Middle03"
	*NODE_TM {
		*NODE_NAME "Bip01 R-Leg Middle04"
		*TM_ROW0 0.984355	0.00112856	0.176193
		*TM_ROW1 0.00114649	-0.999999	-1.58457e-008
		*TM_ROW2 0.176193	0.00020202	-0.984356
		*TM_ROW3 -31.2036	-3.40221	99.0143
		*TM_POS -31.2036	-3.40221	99.0143
		*TM_ROTAXIS 0.996081	0.000571	0.088443
		*TM_ROTANGLE 3.14149
		*TM_SCALE 1	1	1
		*TM_SCALEAXIS 0	0	0
		*TM_SCALEAXISANG 0	0	0
	}
}
*HELPEROBJECT {
	*NODE_NAME "Bip01 R-Leg Middle05"
	*NODE_PARENT "Bip01 R-Leg Middle04"
	*NODE_TM {
		*NODE_NAME "Bip01 R-Leg Middle05"
		*TM_ROW0 0.984355	0.00112856	0.176193
		*TM_ROW1 0.00114649	-0.999999	-1.58457e-008
		*TM_ROW2 0.176193	0.00020202	-0.984356
		*TM_ROW3 -22.9859	-3.3639	76.1133
		*TM_POS -22.9859	-3.3639	76.1133
		*TM_ROTAXIS 0.996081	0.000571	0.088443
		*TM_ROTANGLE 3.14149
		*TM_SCALE 1	1	1
		*TM_SCALEAXIS 0	0	0
		*TM_SCALEAXISANG 0	0	0
	}
}
*HELPEROBJECT {
	*NODE_NAME "Bip01 R-Leg Back01"
	*NODE_PARENT "Bip01 Center"
	*NODE_TM {
		*NODE_NAME "Bip01 R-Leg Back01"
		*TM_ROW0 1	3.25137e-015	7.32442e-015
		*TM_ROW1 -2.11363e-015	-1	-3.25841e-007
		*TM_ROW2 -4.0518e-015	3.25841e-007	-1
		*TM_ROW3 -15.5034	4.88313	113.656
		*TM_POS -15.5034	4.88313	113.656
		*TM_ROTAXIS 1	2.84437e-016	8.18156e-016
		*TM_ROTANGLE 3.14159
		*TM_SCALE 1	1	1
		*TM_SCALEAXIS 0	0	0
		*TM_SCALEAXISANG 0	0	0
	}
}
*HELPEROBJECT {
	*NODE_NAME "Bip01 R-Leg Back02"
	*NODE_PARENT "Bip01 R-Leg Back01"
	*NODE_TM {
		*NODE_NAME "Bip01 R-Leg Back02"
		*TM_ROW0 0.860282	-0.000114019	0.509819
		*TM_ROW1 -0.000132877	-1	5.75124e-007
		*TM_ROW2 0.509819	-6.82382e-005	-0.860281
		*TM_ROW3 -19.3394	5.71222	113
		*TM_POS -19.3394	5.71222	113
		*TM_ROTAXIS 0.964438	-6.4e-005	0.264309
		*TM_ROTANGLE 3.14163
		*TM_SCALE 1	1	1
		*TM_SCALEAXIS 0	0	0
		*TM_SCALEAXISANG 0	0	0
	}
}
*HELPEROBJECT {
	*NODE_NAME "Bip01 R-Leg Back03"
	*NODE_PARENT "Bip01 R-Leg Back02"
	*NODE_TM {
		*NODE_NAME "Bip01 R-Leg Back03"
		*TM_ROW0 0.757296	-9.99847e-005	0.653072
		*TM_ROW1 -0.000132481	-1	5.24866e-007
		*TM_ROW2 0.653072	-8.69172e-005	-0.757296
		*TM_ROW3 -30.1657	7.72209	114.157
		*TM_POS -30.1657	7.72209	114.157
		*TM_ROTAXIS 0.937362	-6.2e-005	0.348356
		*TM_ROTANGLE 3.14164
		*TM_SCALE 1	1	1
		*TM_SCALEAXIS 0	0	0
		*TM_SCALEAXISANG 0	0	0
	}
}
*HELPEROBJECT {
	*NODE_NAME "Bip01 R-Leg Back04"
	*NODE_PARENT "Bip01 R-Leg Back03"
	*NODE_TM {
		*NODE_NAME "Bip01 R-Leg Back04"
		*TM_ROW0 0.99749	-0.000131751	0.0708115
		*TM_ROW1 -0.000132083	-1	1.50316e-009
		*TM_ROW2 0.0708115	-9.3545e-006	-0.99749
		*TM_ROW3 -35.8393	10.9962	102.011
		*TM_POS -35.8393	10.9962	102.011
		*TM_ROTAXIS 0.999372	-6.6e-005	0.035428
		*TM_ROTANGLE 3.1416
		*TM_SCALE 1	1	1
		*TM_SCALEAXIS 0	0	0
		*TM_SCALEAXISANG 0	0	0
	}
}
*HELPEROBJECT {
	*NODE_NAME "Bip01 R-Leg Back05"
	*NODE_PARENT "Bip01 R-Leg Back04"
	*NODE_TM {
		*NODE_NAME "Bip01 R-Leg Back05"
		*TM_ROW0 0.99749	-0.000131751	0.0708115
		*TM_ROW1 -0.000132083	-1	1.50225e-009
		*TM_ROW2 0.0708115	-9.3545e-006	-0.99749
		*TM_ROW3 -30.0966	9.82665	78.368
		*TM_POS -30.0966	9.82665	78.368
		*TM_ROTAXIS 0.999372	-6.6e-005	0.035428
		*TM_ROTANGLE 3.1416
		*TM_SCALE 1	1	1
		*TM_SCALEAXIS 0	0	0
		*TM_SCALEAXISANG 0	0	0
	}
}
*HELPEROBJECT {
	*NODE_NAME "Bip01 R-Wing01"
	*NODE_PARENT "Bip01 Center"
	*NODE_TM {
		*NODE_NAME "Bip01 R-Wing01"
		*TM_ROW0 0.489904	0.07036	0.868933
		*TM_ROW1 -0.41784	-0.855839	0.304877
		*TM_ROW2 0.765117	-0.512435	-0.389879
		*TM_ROW3 -10.7467	1.12126	138.359
		*TM_POS -10.7467	1.12126	138.359
		*TM_ROTAXIS 0.853446	-0.108405	0.509783
		*TM_ROTANGLE 3.64092
		*TM_SCALE 1	1	1
		*TM_SCALEAXIS 0	0	0
		*TM_SCALEAXISANG 0	0	0
	}
}
*HELPEROBJECT {
	*NODE_NAME "Bip01 R-Wing02"
	*NODE_PARENT "Bip01 Center"
	*NODE_TM {
		*NODE_NAME "Bip01 R-Wing02"
		*TM_ROW0 0.714512	-4.76837e-007	0.699623
		*TM_ROW1 0.20969	-0.954027	-0.214153
		*TM_ROW2 0.66746	0.299719	-0.681664
		*TM_ROW3 -10.7467	-4.17414	138.359
		*TM_POS -10.7467	-4.17414	138.359
		*TM_ROTAXIS 0.92433	0.057854	0.377182
		*TM_ROTANGLE 2.85991
		*TM_SCALE 1	1	1
		*TM_SCALEAXIS 0	0	0
		*TM_SCALEAXISANG 0	0	0
	}
}
*HELPEROBJECT {
	*NODE_NAME "Bip01 L-Wing01"
	*NODE_PARENT "Bip01 Center"
	*NODE_TM {
		*NODE_NAME "Bip01 L-Wing01"
		*TM_ROW0 0.489904	-0.0703596	-0.868932
		*TM_ROW1 -0.417839	0.855839	-0.304877
		*TM_ROW2 0.765117	0.512435	0.38988
		*TM_ROW3 10.7467	1.12126	138.359
		*TM_POS 10.7467	1.12126	138.359
		*TM_ROTAXIS 0.439462	-0.878615	-0.186837
		*TM_ROTANGLE 1.19414
		*TM_SCALE 1	1	1
		*TM_SCALEAXIS 0	0	0
		*TM_SCALEAXISANG 0	0	0
	}
}
*HELPEROBJECT {
	*NODE_NAME "Bip01 L-Wing02"
	*NODE_PARENT "Bip01 Center"
	*NODE_TM {
		*NODE_NAME "Bip01 L-Wing02"
		*TM_ROW0 0.714512	-1.04308e-007	-0.699623
		*TM_ROW1 0.209691	0.954027	0.214153
		*TM_ROW2 0.66746	-0.29972	0.681664
		*TM_ROW3 10.7467	-4.17414	138.359
		*TM_POS 10.7467	-4.17414	138.359
		*TM_ROTAXIS -0.348282	-0.926553	0.14212
		*TM_ROTANGLE 0.829694
		*TM_SCALE 1	1	1
		*TM_SCALEAXIS 0	0	0
		*TM_SCALEAXISANG 0	0	0
	}
}
*HELPEROBJECT {
	*NODE_NAME "Bip01 L-Pincer"
	*NODE_PARENT "Bip01 Center"
	*NODE_TM {
		*NODE_NAME "Bip01 L-Pincer"
		*TM_ROW0 0.339137	0.484699	-0.806258
		*TM_ROW1 0.819353	-0.573289	2.68221e-007
		*TM_ROW2 -0.462219	-0.66061	-0.591563
		*TM_ROW3 7.96509	-28.1086	112.011
		*TM_POS 7.96509	-28.1086	112.011
		*TM_ROTAXIS 0.809021	0.42133	-0.409836
		*TM_ROTANGLE 3.56216
		*TM_SCALE 1	1	1
		*TM_SCALEAXIS 0	0	0
		*TM_SCALEAXISANG 0	0	0
	}
}
*HELPEROBJECT {
	*NODE_NAME "Bip01 R-Pincer"
	*NODE_PARENT "Bip01 Center"
	*NODE_TM {
		*NODE_NAME "Bip01 R-Pincer"
		*TM_ROW0 0.339136	-0.484698	0.80626
		*TM_ROW1 0.819354	0.573288	-6.85453e-007
		*TM_ROW2 -0.462219	0.660612	0.591562
		*TM_ROW3 -7.9651	-28.1086	112.011
		*TM_POS -7.9651	-28.1086	112.011
		*TM_ROTAXIS 0.341321	0.655389	0.673769
		*TM_ROTANGLE 1.31606
		*TM_SCALE 1	1	1
		*TM_SCALEAXIS 0	0	0
		*TM_SCALEAXISANG 0	0	0
	}
}
*HELPEROBJECT {
	*NODE_NAME "Bip01 Tail01"
	*NODE_PARENT "Bip01 Center"
	*NODE_TM {
		*NODE_NAME "Bip01 Tail01"
		*TM_ROW0 -2.73914e-007	-0.498779	-0.866729
		*TM_ROW1 -1	-2.73914e-007	6.25849e-007
		*TM_ROW2 -6.25849e-007	0.86673	-0.498779
		*TM_ROW3 1e-006	17.4142	119.051
		*TM_POS 1e-006	17.4142	119.051
		*TM_ROTAXIS 0.654501	-0.654501	-0.378492
		*TM_ROTANGLE 2.41794
		*TM_SCALE 1	1	1
		*TM_SCALEAXIS 0	0	0
		*TM_SCALEAXISANG 0	0	0
	}
}
*HELPEROBJECT {
	*NODE_NAME "Bip01 Tail02"
	*NODE_PARENT "Bip01 Tail01"
	*NODE_TM {
		*NODE_NAME "Bip01 Tail02"
		*TM_ROW0 -1.00733e-007	-0.919192	-0.39381
		*TM_ROW1 -1	-1.00734e-007	6.70552e-007
		*TM_ROW2 -6.70552e-007	0.39381	-0.919192
		*TM_ROW3 2e-006	32.5642	110.332
		*TM_POS 2e-006	32.5642	110.332
		*TM_ROTAXIS 0.699779	-0.699779	-0.143592
		*TM_ROTANGLE 2.85636
		*TM_SCALE 1	1	1
		*TM_SCALEAXIS 0	0	0
		*TM_SCALEAXISANG 0	0	0
	}
}
*HELPEROBJECT {
	*NODE_NAME "Bip01 Tail03"
	*NODE_PARENT "Bip01 Tail02"
	*NODE_TM {
		*NODE_NAME "Bip01 Tail03"
		*TM_ROW0 1.27003e-007	-0.943044	0.332669
		*TM_ROW1 -1	1.27003e-007	4.02331e-007
		*TM_ROW2 -4.02331e-007	-0.332668	-0.943044
		*TM_ROW3 4e-006	42.1769	87.8955
		*TM_POS 4e-006	42.1769	87.8955
		*TM_ROTAXIS 0.701981	-0.701981	0.120186
		*TM_ROTANGLE 3.38082
		*TM_SCALE 1	1	1
		*TM_SCALEAXIS 0	0	0
		*TM_SCALEAXISANG 0	0	0
	}
}
*HELPEROBJECT {
	*NODE_NAME "Bip01 Tail04"
	*NODE_PARENT "Bip01 Tail03"
	*NODE_TM {
		*NODE_NAME "Bip01 Tail04"
		*TM_ROW0 3.31606e-008	-0.523486	0.852034
		*TM_ROW1 -1	3.31605e-008	1.05338e-013
		*TM_ROW2 2.07284e-014	-0.852035	-0.523486
		*TM_ROW3 2e-006	34.6788	66.6398
		*TM_POS 2e-006	34.6788	66.6398
		*TM_ROTAXIS 0.657556	-0.657556	0.367749
		*TM_ROTANGLE 3.84639
		*TM_SCALE 1	1	1
		*TM_SCALEAXIS 0	0	0
		*TM_SCALEAXISANG 0	0	0
	}
}
*HELPEROBJECT {
	*NODE_NAME "Bip01 Tail05"
	*NODE_PARENT "Bip01 Tail04"
	*NODE_TM {
		*NODE_NAME "Bip01 Tail05"
		*TM_ROW0 -1.1316e-006	-0.188204	0.98213
		*TM_ROW1 -1	7.75747e-007	-9.83477e-007
		*TM_ROW2 -5.36442e-007	-0.98213	-0.188204
		*TM_ROW3 -9.99997e-007	21.2005	58.3589
		*TM_POS -9.99997e-007	21.2005	58.3589
		*TM_ROTAXIS -0.610481	0.610482	-0.504604
		*TM_ROTANGLE 2.20695
		*TM_SCALE 1	1	1
		*TM_SCALEAXIS 0	0	0
		*TM_SCALEAXISANG 0	0	0
	}
}
*HELPEROBJECT {
	*NODE_NAME "Bip01 Tail06"
	*NODE_PARENT "Bip01 Tail05"
	*NODE_TM {
		*NODE_NAME "Bip01 Tail06"
		*TM_ROW0 -3.07329e-007	-0.605989	-0.795474
		*TM_ROW1 -1.19209e-007	0.795474	-0.605989
		*TM_ROW2 1	-1.19209e-007	-3.07329e-007
		*TM_ROW3 5e-006	2.73729	54.822
		*TM_POS 5e-006	2.73729	54.822
		*TM_ROTAXIS 0.304591	-0.902468	0.304591
		*TM_ROTANGLE 1.67324
		*TM_SCALE 1	1	1
		*TM_SCALEAXIS 0	0	0
		*TM_SCALEAXISANG 0	0	0
	}
}
*HELPEROBJECT {
	*NODE_NAME "Bip01 Tail07"
	*NODE_PARENT "Bip01 Tail06"
	*NODE_TM {
		*NODE_NAME "Bip01 Tail07"
		*TM_ROW0 -3.07329e-007	-0.605989	-0.795474
		*TM_ROW1 -1.19209e-007	0.795474	-0.605988
		*TM_ROW2 1	-1.19209e-007	-3.07329e-007
		*TM_ROW3 3e-006	-6.20397	53.0121
		*TM_POS 3e-006	-6.20397	53.0121
		*TM_ROTAXIS 0.304591	-0.902468	0.304591
		*TM_ROTANGLE 1.67324
		*TM_SCALE 1	1	1
		*TM_SCALEAXIS 0	0	0
		*TM_SCALEAXISANG 0	0	0
	}
}
*HELPEROBJECT {
	*NODE_NAME "Bip01 Hold Sting"
	*NODE_PARENT "Bip01 Tail05"
	*NODE_TM {
		*NODE_NAME "Bip01 Hold Sting"
		*TM_ROW0 3.49573e-007	-0.242603	0.970126
		*TM_ROW1 -1	3.49573e-007	3.27826e-007
		*TM_ROW2 -3.27826e-007	-0.970126	-0.242603
		*TM_ROW3 5.38152e-014	31.4603	59.6324
		*TM_POS 5.38152e-014	31.4603	59.6324
		*TM_ROTAXIS 0.619041	-0.619041	0.483298
		*TM_ROTANGLE 4.04199
		*TM_SCALE 1	1	1
		*TM_SCALEAXIS 0	0	0
		*TM_SCALEAXISANG 0	0	0
	}
}
*GEOMOBJECT {
	*NODE_NAME "zm_Frill"
	*NODE_PARENT "Bip01 R-Wing02"
	*NODE_TM {
		*NODE_NAME "zm_Frill"
		*TM_ROW0 0.714512	-4.76837e-007	0.699623
		*TM_ROW1 0.20969	-0.954027	-0.214153
		*TM_ROW2 0.66746	0.299719	-0.681664
		*TM_ROW3 -10.7467	-4.17414	138.359
		*TM_POS -10.7467	-4.17414	138.359
		*TM_ROTAXIS 0.92433	0.057854	0.377182
		*TM_ROTANGLE 2.85991
		*TM_SCALE 1	1	1
		*TM_SCALEAXIS 0	0	0
		*TM_SCALEAXISANG 0	0	0
	}
	*MATERIAL_REF 0
	*MESH {
		*TIMEVALUE 0
		*MESH_NUMVERTEX 15
		*MESH_NUMFACES 24
		*MESH_VERTEX_LIST {
			*MESH_VERTEX 0	-13.1237	-4.58561	139.099
			*MESH_VERTEX 1	-43.2441	11.5	145.812
			*MESH_VERTEX 2	-31.8079	-17.8515	142.263
			*MESH_VERTEX 3	-48.8435	-10.5467	146.549
			*MESH_VERTEX 4	-20.9161	12.819	140.362
			*MESH_VERTEX 5	-41.9717	19.7553	144.026
			*MESH_VERTEX 6	-31.673	1.38705	141.799
			*MESH_VERTEX 7	-25.9265	0.495683	142.496
			*MESH_VERTEX 8	-12.6945	-17.8561	138.374
			*MESH_VERTEX 9	-38.578	30.2536	143.771
			*MESH_VERTEX 10	-55.0376	-2.62367	149.121
			*MESH_VERTEX 11	-29.8149	26.2158	142.188
			*MESH_VERTEX 12	-52.4277	6.12742	148.777
			*MESH_VERTEX 13	-14.3494	-10.4382	139.691
			*MESH_VERTEX 14	-43.7623	25.0325	144.693
		}
		*MESH_FACE_LIST {
			*MESH_FACE    0:    A:    3 B:    7 C:    1 AB:    1 BC:    1 CA:    1	 *MESH_SMOOTHING 1 	*MESH_MTLID 0
			*MESH_FACE    1:    A:    3 B:    1 C:    7 AB:    1 BC:    1 CA:    1	 *MESH_SMOOTHING 1 	*MESH_MTLID 0
			*MESH_FACE    2:    A:    2 B:    3 C:    7 AB:    1 BC:    1 CA:    1	 *MESH_SMOOTHING 1 	*MESH_MTLID 0
			*MESH_FACE    3:    A:    2 B:    7 C:    3 AB:    1 BC:    1 CA:    1	 *MESH_SMOOTHING 1 	*MESH_MTLID 0
			*MESH_FACE    4:    A:    6 B:    4 C:    0 AB:    1 BC:    1 CA:    1	 *MESH_SMOOTHING 1 	*MESH_MTLID 0
			*MESH_FACE    5:    A:    11 B:    4 C:    6 AB:    1 BC:    1 CA:    1	 *MESH_SMOOTHING 1 	*MESH_MTLID 0
			*MESH_FACE    6:    A:    6 B:    0 C:    4 AB:    1 BC:    1 CA:    1	 *MESH_SMOOTHING 1 	*MESH_MTLID 0
			*MESH_FACE    7:    A:    11 B:    6 C:    4 AB:    1 BC:    1 CA:    1	 *MESH_SMOOTHING 1 	*MESH_MTLID 0
			*MESH_FACE    8:    A:    2 B:    7 C:    13 AB:    1 BC:    1 CA:    1	 *MESH_SMOOTHING 1 	*MESH_MTLID 0
			*MESH_FACE    9:    A:    2 B:    13 C:    7 AB:    1 BC:    1 CA:    1	 *MESH_SMOOTHING 1 	*MESH_MTLID 0
			*MESH_FACE    10:    A:    8 B:    2 C:    13 AB:    1 BC:    1 CA:    1	 *MESH_SMOOTHING 1 	*MESH_MTLID 0
			*MESH_FACE    11:    A:    8 B:    13 C:    2 AB:    1 BC:    1 CA:    1	 *MESH_SMOOTHING 1 	*MESH_MTLID 0
			*MESH_FACE    12:    A:    11 B:    5 C:    6 AB:    1 BC:    1 CA:    1	 *MESH_SMOOTHING 1 	*MESH_MTLID 0
			*MESH_FACE    13:    A:    11 B:    6 C:    5 AB:    1 BC:    1 CA:    1	 *MESH_SMOOTHING 1 	*MESH_MTLID 0
			*MESH_FACE    14:    A:    3 B:    10 C:    1 AB:    1 BC:    1 CA:    1	 *MESH_SMOOTHING 1 	*MESH_MTLID 0
			*MESH_FACE    15:    A:    3 B:    1 C:    10 AB:    1 BC:    1 CA:    1	 *MESH_SMOOTHING 1 	*MESH_MTLID 0
			*MESH_FACE    16:    A:    9 B:    11 C:    5 AB:    1 BC:    1 CA:    1	 *MESH_SMOOTHING 1 	*MESH_MTLID 0
			*MESH_FACE    17:    A:    9 B:    5 C:    11 AB:    1 BC:    1 CA:    1	 *MESH_SMOOTHING 1 	*MESH_MTLID 0
			*MESH_FACE    18:    A:    10 B:    12 C:    1 AB:    1 BC:    1 CA:    1	 *MESH_SMOOTHING 1 	*MESH_MTLID 0
			*MESH_FACE    19:    A:    10 B:    1 C:    12 AB:    1 BC:    1 CA:    1	 *MESH_SMOOTHING 1 	*MESH_MTLID 0
			*MESH_FACE    20:    A:    0 B:    13 C:    6 AB:    1 BC:    1 CA:    1	 *MESH_SMOOTHING 1 	*MESH_MTLID 0
			*MESH_FACE    21:    A:    0 B:    6 C:    13 AB:    1 BC:    1 CA:    1	 *MESH_SMOOTHING 1 	*MESH_MTLID 0
			*MESH_FACE    22:    A:    9 B:    5 C:    14 AB:    1 BC:    1 CA:    1	 *MESH_SMOOTHING 1 	*MESH_MTLID 0
			*MESH_FACE    23:    A:    9 B:    14 C:    5 AB:    1 BC:    1 CA:    1	 *MESH_SMOOTHING 1 	*MESH_MTLID 0
		}
		*MESH_NUMTVERTEX 16
		*MESH_TVERTLIST {
			*MESH_TVERT 0	0.765302	0.992605	0
			*MESH_TVERT 1	0.55391	0.778044	0
			*MESH_TVERT 2	0.760885	0.80008	0
			*MESH_TVERT 3	0.554066	0.987755	0
			*MESH_TVERT 4	0.568869	0.989022	0
			*MESH_TVERT 5	0.562844	0.787352	0
			*MESH_TVERT 6	0.473107	0.850717	0
			*MESH_TVERT 7	0.753299	0.804811	0
			*MESH_TVERT 8	0.469154	0.836421	0
			*MESH_TVERT 9	0.455695	0.960023	0
			*MESH_TVERT 10	0.753277	0.994216	0
			*MESH_TVERT 11	0.932394	0.97784	0
			*MESH_TVERT 12	0.861123	0.853538	0
			*MESH_TVERT 13	0.952574	0.887388	0
			*MESH_TVERT 14	0.460031	0.949772	0
			*MESH_TVERT 15	0.852731	0.986618	0
		}
		*MESH_NUMTVFACES 24
		*MESH_TFACELIST {
			*MESH_TFACE 0	0	1	2
			*MESH_TFACE 1	0	2	1
			*MESH_TFACE 2	3	0	1
			*MESH_TFACE 3	3	1	0
			*MESH_TFACE 4	4	5	6
			*MESH_TFACE 5	7	5	4
			*MESH_TFACE 6	4	6	5
			*MESH_TFACE 7	7	4	5
			*MESH_TFACE 8	3	1	8
			*MESH_TFACE 9	3	8	1
			*MESH_TFACE 10	9	3	8
			*MESH_TFACE 11	9	8	3
			*MESH_TFACE 12	7	10	4
			*MESH_TFACE 13	7	4	10
			*MESH_TFACE 14	0	11	2
			*MESH_TFACE 15	0	2	11
			*MESH_TFACE 16	12	7	10
			*MESH_TFACE 17	12	10	7
			*MESH_TFACE 18	11	13	2
			*MESH_TFACE 19	11	2	13
			*MESH_TFACE 20	6	14	4
			*MESH_TFACE 21	6	4	14
			*MESH_TFACE 22	12	10	15
			*MESH_TFACE 23	12	15	10
		}
	}
}
*GEOMOBJECT {
	*NODE_NAME "zm_Frill1"
	*NODE_PARENT "Bip01 L-Wing02"
	*NODE_TM {
		*NODE_NAME "zm_Frill1"
		*TM_ROW0 0.714512	-1.04308e-007	-0.699623
		*TM_ROW1 0.209691	0.954027	0.214153
		*TM_ROW2 0.66746	-0.29972	0.681664
		*TM_ROW3 10.7467	-4.17414	138.359
		*TM_POS 10.7467	-4.17414	138.359
		*TM_ROTAXIS -0.348282	-0.926553	0.14212
		*TM_ROTANGLE 0.829694
		*TM_SCALE 1	1	1
		*TM_SCALEAXIS 0	0	0
		*TM_SCALEAXISANG 0	0	0
	}
	*MATERIAL_REF 0
	*MESH {
		*TIMEVALUE 0
		*MESH_NUMVERTEX 15
		*MESH_NUMFACES 24
		*MESH_VERTEX_LIST {
			*MESH_VERTEX 0	13.1237	-4.58561	139.099
			*MESH_VERTEX 1	43.2442	11.5	145.812
			*MESH_VERTEX 2	31.8079	-17.8515	142.263
			*MESH_VERTEX 3	48.8436	-10.5467	146.549
			*MESH_VERTEX 4	20.9161	12.819	140.362
			*MESH_VERTEX 5	41.9718	19.7553	144.026
			*MESH_VERTEX 6	31.673	1.38705	141.799
			*MESH_VERTEX 7	25.9266	0.495686	142.496
			*MESH_VERTEX 8	12.6945	-17.8561	138.374
			*MESH_VERTEX 9	38.578	30.2536	143.771
			*MESH_VERTEX 10	55.0377	-2.62367	149.121
			*MESH_VERTEX 11	29.8149	26.2158	142.188
			*MESH_VERTEX 12	52.4277	6.12742	148.777
			*MESH_VERTEX 13	14.3494	-10.4382	139.691
			*MESH_VERTEX 14	43.7623	25.0325	144.693
		}
		*MESH_FACE_LIST {
			*MESH_FACE    0:    A:    1 B:    7 C:    3 AB:    1 BC:    1 CA:    1	 *MESH_SMOOTHING 1 	*MESH_MTLID 0
			*MESH_FACE    1:    A:    7 B:    1 C:    3 AB:    1 BC:    1 CA:    1	 *MESH_SMOOTHING 1 	*MESH_MTLID 0
			*MESH_FACE    2:    A:    7 B:    3 C:    2 AB:    1 BC:    1 CA:    1	 *MESH_SMOOTHING 1 	*MESH_MTLID 0
			*MESH_FACE    3:    A:    3 B:    7 C:    2 AB:    1 BC:    1 CA:    1	 *MESH_SMOOTHING 1 	*MESH_MTLID 0
			*MESH_FACE    4:    A:    0 B:    4 C:    6 AB:    1 BC:    1 CA:    1	 *MESH_SMOOTHING 1 	*MESH_MTLID 0
			*MESH_FACE    5:    A:    6 B:    4 C:    11 AB:    1 BC:    1 CA:    1	 *MESH_SMOOTHING 1 	*MESH_MTLID 0
			*MESH_FACE    6:    A:    4 B:    0 C:    6 AB:    1 BC:    1 CA:    1	 *MESH_SMOOTHING 1 	*MESH_MTLID 0
			*MESH_FACE    7:    A:    4 B:    6 C:    11 AB:    1 BC:    1 CA:    1	 *MESH_SMOOTHING 1 	*MESH_MTLID 0
			*MESH_FACE    8:    A:    13 B:    7 C:    2 AB:    1 BC:    1 CA:    1	 *MESH_SMOOTHING 1 	*MESH_MTLID 0
			*MESH_FACE    9:    A:    7 B:    13 C:    2 AB:    1 BC:    1 CA:    1	 *MESH_SMOOTHING 1 	*MESH_MTLID 0
			*MESH_FACE    10:    A:    13 B:    2 C:    8 AB:    1 BC:    1 CA:    1	 *MESH_SMOOTHING 1 	*MESH_MTLID 0
			*MESH_FACE    11:    A:    2 B:    13 C:    8 AB:    1 BC:    1 CA:    1	 *MESH_SMOOTHING 1 	*MESH_MTLID 0
			*MESH_FACE    12:    A:    6 B:    5 C:    11 AB:    1 BC:    1 CA:    1	 *MESH_SMOOTHING 1 	*MESH_MTLID 0
			*MESH_FACE    13:    A:    5 B:    6 C:    11 AB:    1 BC:    1 CA:    1	 *MESH_SMOOTHING 1 	*MESH_MTLID 0
			*MESH_FACE    14:    A:    1 B:    10 C:    3 AB:    1 BC:    1 CA:    1	 *MESH_SMOOTHING 1 	*MESH_MTLID 0
			*MESH_FACE    15:    A:    10 B:    1 C:    3 AB:    1 BC:    1 CA:    1	 *MESH_SMOOTHING 1 	*MESH_MTLID 0
			*MESH_FACE    16:    A:    5 B:    11 C:    9 AB:    1 BC:    1 CA:    1	 *MESH_SMOOTHING 1 	*MESH_MTLID 0
			*MESH_FACE    17:    A:    11 B:    5 C:    9 AB:    1 BC:    1 CA:    1	 *MESH_SMOOTHING 1 	*MESH_MTLID 0
			*MESH_FACE    18:    A:    1 B:    12 C:    10 AB:    1 BC:    1 CA:    1	 *MESH_SMOOTHING 1 	*MESH_MTLID 0
			*MESH_FACE    19:    A:    12 B:    1 C:    10 AB:    1 BC:    1 CA:    1	 *MESH_SMOOTHING 1 	*MESH_MTLID 0
			*MESH_FACE    20:    A:    6 B:    13 C:    0 AB:    1 BC:    1 CA:    1	 *MESH_SMOOTHING 1 	*MESH_MTLID 0
			*MESH_FACE    21:    A:    13 B:    6 C:    0 AB:    1 BC:    1 CA:    1	 *MESH_SMOOTHING 1 	*MESH_MTLID 0
			*MESH_FACE    22:    A:    14 B:    5 C:    9 AB:    1 BC:    1 CA:    1	 *MESH_SMOOTHING 1 	*MESH_MTLID 0
			*MESH_FACE    23:    A:    5 B:    14 C:    9 AB:    1 BC:    1 CA:    1	 *MESH_SMOOTHING 1 	*MESH_MTLID 0
		}
		*MESH_NUMTVERTEX 16
		*MESH_TVERTLIST {
			*MESH_TVERT 0	0.760885	0.80008	0
			*MESH_TVERT 1	0.55391	0.778044	0
			*MESH_TVERT 2	0.765302	0.992605	0
			*MESH_TVERT 3	0.554066	0.987755	0
			*MESH_TVERT 4	0.473107	0.850717	0
			*MESH_TVERT 5	0.562844	0.787352	0
			*MESH_TVERT 6	0.568869	0.989022	0
			*MESH_TVERT 7	0.753299	0.804811	0
			*MESH_TVERT 8	0.469154	0.836421	0
			*MESH_TVERT 9	0.455695	0.960023	0
			*MESH_TVERT 10	0.753277	0.994216	0
			*MESH_TVERT 11	0.932394	0.97784	0
			*MESH_TVERT 12	0.861123	0.853538	0
			*MESH_TVERT 13	0.952574	0.887388	0
			*MESH_TVERT 14	0.460031	0.949772	0
			*MESH_TVERT 15	0.852731	0.986618	0
		}
		*MESH_NUMTVFACES 24
		*MESH_TFACELIST {
			*MESH_TFACE 0	0	1	2
			*MESH_TFACE 1	1	0	2
			*MESH_TFACE 2	1	2	3
			*MESH_TFACE 3	2	1	3
			*MESH_TFACE 4	4	5	6
			*MESH_TFACE 5	6	5	7
			*MESH_TFACE 6	5	4	6
			*MESH_TFACE 7	5	6	7
			*MESH_TFACE 8	8	1	3
			*MESH_TFACE 9	1	8	3
			*MESH_TFACE 10	8	3	9
			*MESH_TFACE 11	3	8	9
			*MESH_TFACE 12	6	10	7
			*MESH_TFACE 13	10	6	7
			*MESH_TFACE 14	0	11	2
			*MESH_TFACE 15	11	0	2
			*MESH_TFACE 16	10	7	12
			*MESH_TFACE 17	7	10	12
			*MESH_TFACE 18	0	13	11
			*MESH_TFACE 19	13	0	11
			*MESH_TFACE 20	6	14	4
			*MESH_TFACE 21	14	6	4
			*MESH_TFACE 22	15	10	12
			*MESH_TFACE 23	10	15	12
		}
	}
}
*HELPEROBJECT {
	*NODE_NAME "Dummy"
	*NODE_PARENT "Bip01 L-Leg Back05"
	*NODE_TM {
		*NODE_NAME "Dummy"
		*TM_ROW0 -1	-0	0
		*TM_ROW1 -0	-1	0
		*TM_ROW2 -0	-0	1
		*TM_ROW3 26.3218	9.24803	66.2732
		*TM_POS 26.3218	9.24803	66.2732
		*TM_ROTAXIS 0	0	-1
		*TM_ROTANGLE 3.14159
		*TM_SCALE 1	1	1
		*TM_SCALEAXIS 0	0	0
		*TM_SCALEAXISANG 0	0	0
	}
}
*HELPEROBJECT {
	*NODE_NAME "Dummy1"
	*NODE_PARENT "Bip01 L-Leg Middle05"
	*NODE_TM {
		*NODE_NAME "Dummy1"
		*TM_ROW0 -1	-0	0
		*TM_ROW1 -0	-1	0
		*TM_ROW2 -0	-0	1
		*TM_ROW3 18.0321	-3.29009	64.3543
		*TM_POS 18.0321	-3.29009	64.3543
		*TM_ROTAXIS 0	0	-1
		*TM_ROTANGLE 3.14159
		*TM_SCALE 1	1	1
		*TM_SCALEAXIS 0	0	0
		*TM_SCALEAXISANG 0	0	0
	}
}
*HELPEROBJECT {
	*NODE_NAME "Dummy2"
	*NODE_PARENT "Bip01 L-Leg Front05"
	*NODE_TM {
		*NODE_NAME "Dummy2"
		*TM_ROW0 -1	-0	0
		*TM_ROW1 -0	-1	0
		*TM_ROW2 -0	-0	1
		*TM_ROW3 10.8197	-15.2552	87.7809
		*TM_POS 10.8197	-15.2552	87.7809
		*TM_ROTAXIS 0	0	-1
		*TM_ROTANGLE 3.14159
		*TM_SCALE 1	1	1
		*TM_SCALEAXIS 0	0	0
		*TM_SCALEAXISANG 0	0	0
	}
}
*HELPEROBJECT {
	*NODE_NAME "Dummy3"
	*NODE_PARENT "Bip01 R-Leg Front05"
	*NODE_TM {
		*NODE_NAME "Dummy3"
		*TM_ROW0 -1	-0	0
		*TM_ROW1 -0	-1	0
		*TM_ROW2 -0	-0	1
		*TM_ROW3 -14.4518	-14.0694	72.2974
		*TM_POS -14.4518	-14.0694	72.2974
		*TM_ROTAXIS 0	0	-1
		*TM_ROTANGLE 3.14159
		*TM_SCALE 1	1	1
		*TM_SCALEAXIS 0	0	0
		*TM_SCALEAXISANG 0	0	0
	}
}
*HELPEROBJECT {
	*NODE_NAME "Dummy4"
	*NODE_PARENT "Bip01 R-Leg Middle05"
	*NODE_TM {
		*NODE_NAME "Dummy4"
		*TM_ROW0 -1	-0	0
		*TM_ROW1 -0	-1	0
		*TM_ROW2 -0	-0	1
		*TM_ROW3 -18.8771	-3.34474	64.6628
		*TM_POS -18.8771	-3.34474	64.6628
		*TM_ROTAXIS 0	0	-1
		*TM_ROTANGLE 3.14159
		*TM_SCALE 1	1	1
		*TM_SCALEAXIS 0	0	0
		*TM_SCALEAXISANG 0	0	0
	}
}
*HELPEROBJECT {
	*NODE_NAME "Dummy5"
	*NODE_PARENT "Bip01 R-Leg Back05"
	*NODE_TM {
		*NODE_NAME "Dummy5"
		*TM_ROW0 -1	-0	0
		*TM_ROW1 -0	-1	0
		*TM_ROW2 -0	-0	1
		*TM_ROW3 -27.2253	9.24187	66.5464
		*TM_POS -27.2253	9.24187	66.5464
		*TM_ROTAXIS 0	0	-1
		*TM_ROTANGLE 3.14159
		*TM_SCALE 1	1	1
		*TM_SCALEAXIS 0	0	0
		*TM_SCALEAXISANG 0	0	0
	}
}
*HELPEROBJECT {
	*NODE_NAME "Dummy6"
	*NODE_PARENT "Bip01 R-Wing01"
	*NODE_TM {
		*NODE_NAME "Dummy6"
		*TM_ROW0 -1	-0	0
		*TM_ROW1 -0	-1	0
		*TM_ROW2 -0	-0	1
		*TM_ROW3 -16.1201	3.28703	145.039
		*TM_POS -16.1201	3.28703	145.039
		*TM_ROTAXIS 0	0	-1
		*TM_ROTANGLE 3.14159
		*TM_SCALE 1	1	1
		*TM_SCALEAXIS 0	0	0
		*TM_SCALEAXISANG 0	0	0
	}
}
*HELPEROBJECT {
	*NODE_NAME "Dummy7"
	*NODE_PARENT "Bip01 R-Wing02"
	*NODE_TM {
		*NODE_NAME "Dummy7"
		*TM_ROW0 -1	-0	0
		*TM_ROW1 -0	-1	0
		*TM_ROW2 -0	-0	1
		*TM_ROW3 -16.1201	-4.65607	145.039
		*TM_POS -16.1201	-4.65607	145.039
		*TM_ROTAXIS 0	0	-1
		*TM_ROTANGLE 3.14159
		*TM_SCALE 1	1	1
		*TM_SCALEAXIS 0	0	0
		*TM_SCALEAXISANG 0	0	0
	}
}
*HELPEROBJECT {
	*NODE_NAME "Dummy8"
	*NODE_PARENT "Bip01 L-Wing01"
	*NODE_TM {
		*NODE_NAME "Dummy8"
		*TM_ROW0 -1	-0	0
		*TM_ROW1 -0	-1	0
		*TM_ROW2 -0	-0	1
		*TM_ROW3 16.1201	3.28702	145.039
		*TM_POS 16.1201	3.28702	145.039
		*TM_ROTAXIS 0	0	-1
		*TM_ROTANGLE 3.14159
		*TM_SCALE 1	1	1
		*TM_SCALEAXIS 0	0	0
		*TM_SCALEAXISANG 0	0	0
	}
}
*HELPEROBJECT {
	*NODE_NAME "Dummy9"
	*NODE_PARENT "Bip01 L-Wing02"
	*NODE_TM {
		*NODE_NAME "Dummy9"
		*TM_ROW0 -1	-0	0
		*TM_ROW1 -0	-1	0
		*TM_ROW2 -0	-0	1
		*TM_ROW3 16.1201	-4.65607	145.039
		*TM_POS 16.1201	-4.65607	145.039
		*TM_ROTAXIS 0	0	-1
		*TM_ROTANGLE 3.14159
		*TM_SCALE 1	1	1
		*TM_SCALEAXIS 0	0	0
		*TM_SCALEAXISANG 0	0	0
	}
}
*HELPEROBJECT {
	*NODE_NAME "Dummy10"
	*NODE_PARENT "Bip01 L-Pincer"
	*NODE_TM {
		*NODE_NAME "Dummy10"
		*TM_ROW0 -1	-0	0
		*TM_ROW1 -0	-1	0
		*TM_ROW2 -0	-0	1
		*TM_ROW3 11.9476	-40.5577	105.516
		*TM_POS 11.9476	-40.5577	105.516
		*TM_ROTAXIS 0	0	-1
		*TM_ROTANGLE 3.14159
		*TM_SCALE 1	1	1
		*TM_SCALEAXIS 0	0	0
		*TM_SCALEAXISANG 0	0	0
	}
}
*HELPEROBJECT {
	*NODE_NAME "Dummy11"
	*NODE_PARENT "Bip01 R-Pincer"
	*NODE_TM {
		*NODE_NAME "Dummy11"
		*TM_ROW0 -1	-0	0
		*TM_ROW1 -0	-1	0
		*TM_ROW2 -0	-0	1
		*TM_ROW3 -11.9476	-40.5577	105.516
		*TM_POS -11.9476	-40.5577	105.516
		*TM_ROTAXIS 0	0	-1
		*TM_ROTANGLE 3.14159
		*TM_SCALE 1	1	1
		*TM_SCALEAXIS 0	0	0
		*TM_SCALEAXISANG 0	0	0
	}
}
*HELPEROBJECT {
	*NODE_NAME "Dummy12"
	*NODE_PARENT "Bip01 Tail07"
	*NODE_TM {
		*NODE_NAME "Dummy12"
		*TM_ROW0 -1	-0	0
		*TM_ROW1 -0	-1	0
		*TM_ROW2 -0	-0	1
		*TM_ROW3 2e-006	-10.6746	52.1072
		*TM_POS 2e-006	-10.6746	52.1072
		*TM_ROTAXIS 0	0	-1
		*TM_ROTANGLE 3.14159
		*TM_SCALE 1	1	1
		*TM_SCALEAXIS 0	0	0
		*TM_SCALEAXISANG 0	0	0
	}
}
*HELPEROBJECT {
	*NODE_NAME "Dummy13"
	*NODE_PARENT "Bip01 Hold Sting"
	*NODE_TM {
		*NODE_NAME "Dummy13"
		*TM_ROW0 -1	-0	0
		*TM_ROW1 -0	-1	0
		*TM_ROW2 -0	-0	1
		*TM_ROW3 4.99998e-007	36.5902	60.2691
		*TM_POS 4.99998e-007	36.5902	60.2691
		*TM_ROTAXIS 0	0	-1
		*TM_ROTANGLE 3.14159
		*TM_SCALE 1	1	1
		*TM_SCALEAXIS 0	0	0
		*TM_SCALEAXISANG 0	0	0
	}
}
*GEOMOBJECT {
	*NODE_NAME "zm_Skin"
	*NODE_TM {
		*NODE_NAME "zm_Skin"
		*TM_ROW0 -1	-0	0
		*TM_ROW1 -0	-1	0
		*TM_ROW2 -0	-0	1
		*TM_ROW3 -0	-0	0
		*TM_POS -0	-0	0
		*TM_ROTAXIS 0	0	-1
		*TM_ROTANGLE 3.14159
		*TM_SCALE 1	1	1
		*TM_SCALEAXIS 0	0	0
		*TM_SCALEAXISANG 0	0	0
	}
	*MATERIAL_REF 0
	*MESH_SOFTSKIN {
		*TIMEVALUE 0
		*MESH_NUMVERTEX 476
		*MESH_NUMFACES 818
		*MESH_VERTEX_LIST {
			*MESH_VERTEX 0	-1.06097	26.9171	197.871
			*MESH_VERTEX 1	-0.005047	-39.3551	135.715
			*MESH_VERTEX 2	-1.71061	44.978	122.672
			*MESH_VERTEX 3	34.2251	-12.687	159.006
			*MESH_VERTEX 4	-27.3733	35.9107	165.693
			*MESH_VERTEX 5	-36.4137	25.2526	148.134
			*MESH_VERTEX 6	-14.9798	39.8925	170.548
			*MESH_VERTEX 7	27.3634	35.9107	165.693
			*MESH_VERTEX 8	36.4036	25.2526	148.134
			*MESH_VERTEX 9	14.9709	39.8925	170.548
			*MESH_VERTEX 10	-36.3931	-15.2606	156.484
			*MESH_VERTEX 11	-29.0084	-16.012	176.881
			*MESH_VERTEX 12	-19.57	-17.1793	185.556
			*MESH_VERTEX 13	36.383	-15.2606	156.484
			*MESH_VERTEX 14	28.9984	-16.012	176.881
			*MESH_VERTEX 15	19.56	-17.1793	185.556
			*MESH_VERTEX 16	-41.821	8.02853	168.731
			*MESH_VERTEX 17	-22.4419	9.43879	188.491
			*MESH_VERTEX 18	-44.8934	6.76356	157.348
			*MESH_VERTEX 19	41.8109	8.02853	168.731
			*MESH_VERTEX 20	22.4318	9.43879	188.491
			*MESH_VERTEX 21	44.8833	6.76356	157.348
			*MESH_VERTEX 22	-37.0132	-15.2471	156.837
			*MESH_VERTEX 23	-15.7522	-8.92785	143.735
			*MESH_VERTEX 24	-28.9766	-18.3724	151.683
			*MESH_VERTEX 25	37.0031	-15.2471	156.837
			*MESH_VERTEX 26	15.7421	-8.92785	143.735
			*MESH_VERTEX 27	28.9665	-18.3724	151.683
			*MESH_VERTEX 28	-18.5321	-25.6323	184.988
			*MESH_VERTEX 29	25.7857	-10.5775	188.483
			*MESH_VERTEX 30	-9.90379	-33.8953	150.584
			*MESH_VERTEX 31	7.50944	-25.7671	133.871
			*MESH_VERTEX 32	9.56501	-33.8176	150.519
			*MESH_VERTEX 33	5.6559	-40.9979	131.851
			*MESH_VERTEX 34	2.26153	-49.0156	129.576
			*MESH_VERTEX 35	-0.116259	-21.5871	135.359
			*MESH_VERTEX 36	-32.9348	-8.82496	152.539
			*MESH_VERTEX 37	32.9247	-8.82496	152.539
			*MESH_VERTEX 38	13.3946	35.1866	112.374
			*MESH_VERTEX 39	10.428	9.57143	135.979
			*MESH_VERTEX 40	16.5098	32.8716	120.141
			*MESH_VERTEX 41	-13.4047	35.1866	112.374
			*MESH_VERTEX 42	-10.4397	9.57094	135.977
			*MESH_VERTEX 43	-16.5199	32.8716	120.141
			*MESH_VERTEX 44	-37.3211	6.18195	156.689
			*MESH_VERTEX 45	-28.135	1.08667	104.891
			*MESH_VERTEX 46	-12.6191	-6.93907	130.593
			*MESH_VERTEX 47	-25.8161	4.1001	111.608
			*MESH_VERTEX 48	37.9212	6.49091	155.864
			*MESH_VERTEX 49	-37.9312	6.49076	155.864
			*MESH_VERTEX 50	-29.5754	23.4407	147.725
			*MESH_VERTEX 51	29.5653	23.4408	147.725
			*MESH_VERTEX 52	29.5571	-13.7518	155.376
			*MESH_VERTEX 53	-29.5672	-13.7518	155.376
			*MESH_VERTEX 54	20.8916	22.8332	98.1292
			*MESH_VERTEX 55	11.3954	29.4809	114.624
			*MESH_VERTEX 56	17.6196	32.205	115.384
			*MESH_VERTEX 57	-20.9017	22.8332	98.1292
			*MESH_VERTEX 58	-11.4055	29.481	114.624
			*MESH_VERTEX 59	-17.6297	32.205	115.384
			*MESH_VERTEX 60	28.4743	2.49701	107.729
			*MESH_VERTEX 61	17.5656	-9.52874	131.539
			*MESH_VERTEX 62	23.514	4.43258	111.237
			*MESH_VERTEX 63	37.024	25.3767	148.464
			*MESH_VERTEX 64	19.8722	12.5336	141.208
			*MESH_VERTEX 65	34.7449	22.3586	143.612
			*MESH_VERTEX 66	-37.0341	25.3767	148.464
			*MESH_VERTEX 67	-19.8823	12.5335	141.208
			*MESH_VERTEX 68	-34.755	22.3586	143.612
			*MESH_VERTEX 69	-45.4687	6.62787	157.725
