*3DSMAX_ASCIIEXPORT	110
*COMMENT "[ GothicSourcer v3.10 ] - August 2006"
*SCENE {
	*SCENE_FILENAME "HUM_CBOWAUTOAIMT2.MAX"
	*SCENE_FIRSTFRAME 0
	*SCENE_LASTFRAME 8
	*SCENE_FRAMESPEED 1
	*SCENE_TICKSPERFRAME 4800
	*SCENE_BACKGROUND_STATIC 0	0	0
	*SCENE_AMBIENT_STATIC 0.2	0.2	0.2
}
*HELPEROBJECT {
	*NODE_NAME "Bip01"
	*NODE_TM {
		*NODE_NAME "Bip01"
		*TM_ROW0 6.27438e-006	-1	0
		*TM_ROW1 1	6.27438e-006	0
		*TM_ROW2 -0	-0	1
		*TM_ROW3 0	-7.37745	99.9496
		*TM_POS 0	-7.37745	99.9496
		*TM_ROTAXIS 0	0	1
		*TM_ROTANGLE 1.57079
		*TM_SCALE 1	1	1
		*TM_SCALEAXIS 0	0	0
		*TM_SCALEAXISANG 0	0	0
	}
}
*HELPEROBJECT {
	*NODE_NAME "Bip01 Pelvis"
	*NODE_PARENT "Bip01"
	*NODE_TM {
		*NODE_NAME "Bip01 Pelvis"
		*TM_ROW0 -5.96014e-008	1.79264e-006	1
		*TM_ROW1 -1.79264e-006	-1	1.79264e-006
		*TM_ROW2 1	-1.79264e-006	-5.96014e-008
		*TM_ROW3 1e-005	-8.0113	99.9496
		*TM_POS 1e-005	-8.0113	99.9496
		*TM_ROTAXIS 0.707107	0	0.707107
		*TM_ROTANGLE 3.1416
		*TM_SCALE 1	1	1
		*TM_SCALEAXIS 0	0	0
		*TM_SCALEAXISANG 0	0	0
	}
}
*HELPEROBJECT {
	*NODE_NAME "Bip01 Spine"
	*NODE_PARENT "Bip01 Pelvis"
	*NODE_TM {
		*NODE_NAME "Bip01 Spine"
		*TM_ROW0 6.6944e-008	-0.0205947	0.999788
		*TM_ROW1 5.48642e-006	-0.999788	-0.0205947
		*TM_ROW2 1	5.48642e-006	6.6944e-008
		*TM_ROW3 1e-005	-7.92216	102.35
		*TM_POS 1e-005	-7.92216	102.35
		*TM_ROTAXIS 0.707088	-0.00727998	0.707088
		*TM_ROTANGLE 3.12703
		*TM_SCALE 1	1	1
		*TM_SCALEAXIS 0	0	0
		*TM_SCALEAXISANG 0	0	0
	}
	*TM_ANIMATION {
		*NODE_NAME  "Bip01 Spine"
		*CONTROL_POS_TRACK {
			*CONTROL_POS_SAMPLE 0	0.626569	-7.92234	102.265
			*CONTROL_POS_SAMPLE 4800	-0.552724	-6.69697	102.511
			*CONTROL_POS_SAMPLE 9600	-0.587465	-8.7801	102.604
			*CONTROL_POS_SAMPLE 14400	-0.837739	-5.43214	102.531
			*CONTROL_POS_SAMPLE 19200	-0.814079	-5.4211	102.524
			*CONTROL_POS_SAMPLE 24000	-0.740988	-5.40803	102.505
			*CONTROL_POS_SAMPLE 28800	-1.55703	-3.36726	102.626
			*CONTROL_POS_SAMPLE 33600	-1.37702	-5.3541	102.662
			*CONTROL_POS_SAMPLE 38400	-0.219019	-4.98016	102.357
		}
		*CONTROL_ROT_TRACK {
			*CONTROL_ROT_SAMPLE 0	0.803779	-0.0559651	0.59229	3.38272
			*CONTROL_ROT_SAMPLE 4800	0.803779	-0.0559651	0.59229	3.38272
			*CONTROL_ROT_SAMPLE 9600	0.803779	-0.0559651	0.59229	3.38272
			*CONTROL_ROT_SAMPLE 14400	0.803779	-0.0559651	0.59229	3.38272
			*CONTROL_ROT_SAMPLE 19200	0.803779	-0.0559651	0.59229	3.38272
			*CONTROL_ROT_SAMPLE 24000	0.803779	-0.0559651	0.59229	3.38272
			*CONTROL_ROT_SAMPLE 28800	0.803779	-0.0559651	0.59229	3.38272
			*CONTROL_ROT_SAMPLE 33600	0.803779	-0.0559651	0.59229	3.38272
			*CONTROL_ROT_SAMPLE 38400	0.803779	-0.0559651	0.59229	3.38272
		}
		*CONTROL_SCALE_TRACK {
			*CONTROL_SCALE_SAMPLE	0	1	1	1	0	0	0	0
		}
	}
}
*HELPEROBJECT {
	*NODE_NAME "Bip01 Spine1"
	*NODE_PARENT "Bip01 Spine"
	*NODE_TM {
		*NODE_NAME "Bip01 Spine1"
		*TM_ROW0 6.76996e-008	-0.00276992	0.999996
		*TM_ROW1 -1.92621e-006	-0.999996	-0.00276991
		*TM_ROW2 1	-1.92621e-006	6.76996e-008
		*TM_ROW3 1e-005	-8.11442	112.175
		*TM_POS 1e-005	-8.11442	112.175
		*TM_ROTAXIS -0.707107	0.000979995	-0.707106
		*TM_ROTANGLE 3.14355
		*TM_SCALE 1	1	1
		*TM_SCALEAXIS 0	0	0
		*TM_SCALEAXISANG 0	0	0
	}
	*TM_ANIMATION {
		*NODE_NAME  "Bip01 Spine1"
		*CONTROL_POS_TRACK {
			*CONTROL_POS_SAMPLE 0	3.6	-7.39385	111.617
			*CONTROL_POS_SAMPLE 4800	2.42212	-6.16896	111.862
			*CONTROL_POS_SAMPLE 9600	2.39065	-8.25437	111.954
			*CONTROL_POS_SAMPLE 14400	2.13614	-4.90309	111.882
			*CONTROL_POS_SAMPLE 19200	2.16129	-4.89275	111.876
			*CONTROL_POS_SAMPLE 24000	2.23722	-4.8823	111.855
			*CONTROL_POS_SAMPLE 28800	1.41725	-2.83845	111.979
			*CONTROL_POS_SAMPLE 33600	1.59767	-4.82609	112.013
			*CONTROL_POS_SAMPLE 38400	2.7582	-4.45433	111.706
		}
		*CONTROL_ROT_TRACK {
			*CONTROL_ROT_SAMPLE 0	0.811533	-0.0572107	0.581499	3.42344
			*CONTROL_ROT_SAMPLE 4800	0.80205	-0.13268	0.582333	3.47568
			*CONTROL_ROT_SAMPLE 9600	0.773974	-0.212562	0.596475	3.82885
			*CONTROL_ROT_SAMPLE 14400	0.805347	-0.0936167	0.585365	3.37049
			*CONTROL_ROT_SAMPLE 19200	0.80205	-0.13268	0.582333	3.47568
			*CONTROL_ROT_SAMPLE 24000	0.784573	-0.248992	0.567846	3.77662
			*CONTROL_ROT_SAMPLE 28800	0.799448	-0.123483	0.587907	3.32647
			*CONTROL_ROT_SAMPLE 33600	0.811267	-0.0959495	0.576749	3.52926
			*CONTROL_ROT_SAMPLE 38400	0.822023	-0.216903	0.526528	3.82763
		}
		*CONTROL_SCALE_TRACK {
			*CONTROL_SCALE_SAMPLE	0	1	1	1	0	0	0	0
		}
	}
}
*HELPEROBJECT {
	*NODE_NAME "Bip01 Spine2"
	*NODE_PARENT "Bip01 Spine1"
	*NODE_TM {
		*NODE_NAME "Bip01 Spine2"
		*TM_ROW0 3.48622e-008	0.180243	0.983622
		*TM_ROW1 1.67638e-006	-0.983622	0.180243
		*TM_ROW2 1	1.67638e-006	3.48621e-008
		*TM_ROW3 1e-005	-8.1264	124.961
		*TM_POS 1e-005	-8.1264	124.961
		*TM_ROTAXIS 0.705652	0.0641202	0.705652
		*TM_ROTANGLE 3.26966
		*TM_SCALE 1	1	1
		*TM_SCALEAXIS 0	0	0
		*TM_SCALEAXISANG 0	0	0
	}
	*TM_ANIMATION {
		*NODE_NAME  "Bip01 Spine2"
		*CONTROL_POS_TRACK {
			*CONTROL_POS_SAMPLE 0	7.83247	-6.4662	123.647
			*CONTROL_POS_SAMPLE 4800	6.35307	-6.35462	124.028
			*CONTROL_POS_SAMPLE 9600	6.10849	-7.13757	124.137
			*CONTROL_POS_SAMPLE 14400	6.05898	-5.08408	124.054
			*CONTROL_POS_SAMPLE 19200	6.09303	-5.07792	124.045
			*CONTROL_POS_SAMPLE 24000	6.17323	-5.07585	124.023
			*CONTROL_POS_SAMPLE 28800	5.06101	-3.93685	124.193
			*CONTROL_POS_SAMPLE 33600	5.98184	-3.93549	123.998
			*CONTROL_POS_SAMPLE 38400	8.214	-4.22552	123.28
		}
		*CONTROL_ROT_TRACK {
			*CONTROL_ROT_SAMPLE 0	0.728613	0.0301998	0.684259	3.43472
			*CONTROL_ROT_SAMPLE 4800	0.775975	-0.153294	0.611853	3.76112
			*CONTROL_ROT_SAMPLE 9600	-0.699029	0.265082	-0.664146	1.97945
			*CONTROL_ROT_SAMPLE 14400	0.810693	-0.0853195	0.579221	3.30755
			*CONTROL_ROT_SAMPLE 19200	0.796254	-0.216088	0.565054	3.65727
			*CONTROL_ROT_SAMPLE 24000	0.748332	-0.401757	0.527817	4.09451
			*CONTROL_ROT_SAMPLE 28800	0.843454	-0.168248	0.510175	3.15646
			*CONTROL_ROT_SAMPLE 33600	0.813567	-0.23922	0.529983	3.61775
			*CONTROL_ROT_SAMPLE 38400	0.687853	-0.47386	0.549832	3.98136
		}
		*CONTROL_SCALE_TRACK {
			*CONTROL_SCALE_SAMPLE	0	1	1	1	0	0	0	0
		}
	}
}
*HELPEROBJECT {
	*NODE_NAME "Bip01 Neck"
	*NODE_PARENT "Bip01 Spine2"
	*NODE_TM {
		*NODE_NAME "Bip01 Neck"
		*TM_ROW0 6.08698e-007	-0.167043	0.98595
		*TM_ROW1 4.70132e-006	-0.98595	-0.167043
		*TM_ROW2 1	4.70132e-006	6.08698e-007
		*TM_ROW3 -2.11471e-012	-2.71656	154.454
		*TM_POS -2.11471e-012	-2.71656	154.454
		*TM_ROTAXIS -0.70586	0.05937	-0.705859
		*TM_ROTANGLE 3.2602
		*TM_SCALE 1	1	1
		*TM_SCALEAXIS 0	0	0
		*TM_SCALEAXISANG 0	0	0
	}
	*TM_ANIMATION {
		*NODE_NAME  "Bip01 Neck"
		*CONTROL_POS_TRACK {
			*CONTROL_POS_SAMPLE 0	10.2822	0.759443	152.645
			*CONTROL_POS_SAMPLE 4800	14.6967	-2.16705	152.522
			*CONTROL_POS_SAMPLE 9600	14.6705	3.37691	150.882
			*CONTROL_POS_SAMPLE 14400	15.6276	-6.32851	152.444
			*CONTROL_POS_SAMPLE 19200	15.5586	-6.3648	152.468
			*CONTROL_POS_SAMPLE 24000	15.3259	-6.40839	152.545
			*CONTROL_POS_SAMPLE 28800	17.7398	-12.2139	150.074
			*CONTROL_POS_SAMPLE 33600	16.8196	-7.66764	151.705
			*CONTROL_POS_SAMPLE 38400	11.8566	-8.246	152.773
		}
		*CONTROL_ROT_TRACK {
			*CONTROL_ROT_SAMPLE 0	-0.585677	-0.0929563	-0.805197	3.31432
			*CONTROL_ROT_SAMPLE 4800	-0.637745	0.0235419	-0.769888	2.82537
			*CONTROL_ROT_SAMPLE 9600	-0.648684	0.164464	-0.743075	2.44574
			*CONTROL_ROT_SAMPLE 14400	-0.665595	0.0596034	-0.74393	3.39672
			*CONTROL_ROT_SAMPLE 19200	-0.648222	0.144331	-0.747648	2.99626
			*CONTROL_ROT_SAMPLE 24000	-0.501282	0.207393	-0.840062	2.40724
			*CONTROL_ROT_SAMPLE 28800	-0.694329	0.173352	-0.698467	3.50507
			*CONTROL_ROT_SAMPLE 33600	-0.667121	0.178966	-0.723132	3.02327
			*CONTROL_ROT_SAMPLE 38400	-0.455021	0.417652	-0.786462	3.08871
		}
		*CONTROL_SCALE_TRACK {
			*CONTROL_SCALE_SAMPLE	0	1	1	1	0	0	0	0
		}
	}
}
*HELPEROBJECT {
	*NODE_NAME "Bip01 Head"
	*NODE_PARENT "Bip01 Neck"
	*NODE_TM {
		*NODE_NAME "Bip01 Head"
		*TM_ROW0 -5.96015e-008	1.76921e-006	1
		*TM_ROW1 -1.79264e-006	-1	1.77916e-006
		*TM_ROW2 1	-1.79264e-006	-5.96014e-008
		*TM_ROW3 1.63729e-011	-3.85901	161.198
		*TM_POS 1.63729e-011	-3.85901	161.198
		*TM_ROTAXIS -0.707107	4.76653e-009	-0.707107
		*TM_ROTANGLE 3.14159
		*TM_SCALE 1	1	1
		*TM_SCALEAXIS 0	0	0
		*TM_SCALEAXISANG 0	0	0
	}
	*TM_ANIMATION {
		*NODE_NAME  "Bip01 Head"
		*CONTROL_POS_TRACK {
			*CONTROL_POS_SAMPLE 0	8.20175	0.552246	159.156
			*CONTROL_POS_SAMPLE 4800	13.6219	-0.729876	159.121
			*CONTROL_POS_SAMPLE 9600	14.5081	5.34505	157.429
			*CONTROL_POS_SAMPLE 14400	14.9714	-8.14616	159.004
			*CONTROL_POS_SAMPLE 19200	14.5084	-6.89667	159.205
			*CONTROL_POS_SAMPLE 24000	13.2438	-3.79716	158.513
			*CONTROL_POS_SAMPLE 28800	17.7257	-15.5042	156.069
			*CONTROL_POS_SAMPLE 33600	16.0945	-8.71098	158.425
			*CONTROL_POS_SAMPLE 38400	7.85711	-10.5591	157.815
		}
		*CONTROL_ROT_TRACK {
			*CONTROL_ROT_SAMPLE 0	-0.498719	-0.469911	-0.728329	3.53601
			*CONTROL_ROT_SAMPLE 4800	-0.597647	-0.322436	-0.734066	2.79172
			*CONTROL_ROT_SAMPLE 9600	0.728621	0.034825	0.684031	3.95739
			*CONTROL_ROT_SAMPLE 14400	0.680758	0.296747	0.669709	2.26215
			*CONTROL_ROT_SAMPLE 19200	-0.668167	-0.0767307	-0.740044	3.35562
			*CONTROL_ROT_SAMPLE 24000	-0.654905	0.15137	-0.740396	2.54617
			*CONTROL_ROT_SAMPLE 28800	0.817492	0.0887541	0.56906	2.04154
			*CONTROL_ROT_SAMPLE 33600	0.71971	-0.286122	0.632575	2.54099
			*CONTROL_ROT_SAMPLE 38400	-0.533393	0.388052	-0.751603	3.05176
		}
		*CONTROL_SCALE_TRACK {
			*CONTROL_SCALE_SAMPLE	0	1	1	1	0	0	0	0
		}
	}
}
*HELPEROBJECT {
	*NODE_NAME "ZS_HELMET"
	*NODE_PARENT "Bip01 Head"
	*NODE_TM {
		*NODE_NAME "ZS_HELMET"
		*TM_ROW0 1	5.73874e-013	4.35659e-014
		*TM_ROW1 -4.07319e-013	0.996917	-0.0784593
		*TM_ROW2 -4.76109e-014	0.0784593	0.996918
		*TM_ROW3 1e-005	-7.06248	173.704
		*TM_POS 1e-005	-7.06248	173.704
		*TM_ROTAXIS 1	5.81045e-013	-6.25288e-012
		*TM_ROTANGLE 0.078541
		*TM_SCALE 1	1	1
		*TM_SCALEAXIS 0	0	0
		*TM_SCALEAXISANG 0	0	0
	}
}
*HELPEROBJECT {
	*NODE_NAME "Bip01 L Clavicle"
	*NODE_PARENT "Bip01 Neck"
	*NODE_TM {
		*NODE_NAME "Bip01 L Clavicle"
		*TM_ROW0 0.935229	-0.203893	-0.289439
		*TM_ROW1 0.156435	0.971369	-0.178803
		*TM_ROW2 0.317608	0.121943	0.940348
		*TM_ROW3 7.96399	-1.25804	148.729
		*TM_POS 7.96399	-1.25804	148.729
		*TM_ROTAXIS 0.391939	-0.791119	0.469589
		*TM_ROTANGLE 0.39376
		*TM_SCALE 1	1	1
		*TM_SCALEAXIS 0	0	0
		*TM_SCALEAXISANG 0	0	0
	}
	*TM_ANIMATION {
		*NODE_NAME  "Bip01 L Clavicle"
		*CONTROL_POS_TRACK {
			*CONTROL_POS_SAMPLE 0	17.9689	-0.0714324	146.368
			*CONTROL_POS_SAMPLE 4800	20.4046	-6.37867	145.533
			*CONTROL_POS_SAMPLE 9600	18.0009	-5.08041	146.815
			*CONTROL_POS_SAMPLE 14400	21.6039	-6.0278	144.485
			*CONTROL_POS_SAMPLE 19200	20.8138	-9.52626	144.622
			*CONTROL_POS_SAMPLE 24000	17.7486	-13.0448	145.527
			*CONTROL_POS_SAMPLE 28800	22.764	-10.2643	141.7
			*CONTROL_POS_SAMPLE 33600	21.5974	-10.3048	143.376
			*CONTROL_POS_SAMPLE 38400	15.2652	-14.4516	145.767
		}
		*CONTROL_ROT_TRACK {
			*CONTROL_ROT_SAMPLE 0	0.964058	-0.0535887	0.26023	0.25877
			*CONTROL_ROT_SAMPLE 4800	0.161871	-0.381852	0.909938	1.02794
			*CONTROL_ROT_SAMPLE 9600	0.237833	-0.0979825	0.966351	1.51768
			*CONTROL_ROT_SAMPLE 14400	-0.0406136	-0.872519	0.48689	0.306846
			*CONTROL_ROT_SAMPLE 19200	0.0119196	-0.478501	0.878006	1.07185
			*CONTROL_ROT_SAMPLE 24000	0.0254382	-0.286099	0.957862	1.58139
			*CONTROL_ROT_SAMPLE 28800	-0.485814	-0.80622	0.337629	0.504866
			*CONTROL_ROT_SAMPLE 33600	-0.0361669	-0.534813	0.844196	1.11815
			*CONTROL_ROT_SAMPLE 38400	-0.110082	-0.232646	0.966312	1.58393
		}
		*CONTROL_SCALE_TRACK {
			*CONTROL_SCALE_SAMPLE	0	1	1	1	0	0	0	0
		}
	}
}
*HELPEROBJECT {
	*NODE_NAME "Bip01 L UpperArm"
	*NODE_PARENT "Bip01 L Clavicle"
	*NODE_TM {
		*NODE_NAME "Bip01 L UpperArm"
		*TM_ROW0 0.246229	0.0989026	-0.964152
		*TM_ROW1 0.412789	0.889345	0.196649
		*TM_ROW2 0.876913	-0.446412	0.178157
		*TM_ROW3 20.4269	-3.97508	144.872
		*TM_POS 20.4269	-3.97508	144.872
		*TM_ROTAXIS -0.325561	-0.932072	0.15891
		*TM_ROTANGLE 1.41328
		*TM_SCALE 1	1	1
		*TM_SCALEAXIS 0	0	0
		*TM_SCALEAXISANG 0	0	0
	}
	*TM_ANIMATION {
		*NODE_NAME  "Bip01 L UpperArm"
		*CONTROL_POS_TRACK {
			*CONTROL_POS_SAMPLE 0	31.2632	-0.981953	146.297
			*CONTROL_POS_SAMPLE 4800	27.457	-17.1591	142.125
			*CONTROL_POS_SAMPLE 9600	19.422	-18.2336	148.411
			*CONTROL_POS_SAMPLE 14400	34.3083	-7.96561	140.96
			*CONTROL_POS_SAMPLE 19200	27.1907	-19.8399	139.096
			*CONTROL_POS_SAMPLE 24000	17.6161	-25.906	142.043
			*CONTROL_POS_SAMPLE 28800	34.8194	-11.7897	136.23
			*CONTROL_POS_SAMPLE 33600	27.4349	-20.2763	136.738
			*CONTROL_POS_SAMPLE 38400	15.2537	-26.9813	141.231
		}
		*CONTROL_ROT_TRACK {
			*CONTROL_ROT_SAMPLE 0	0.72466	-0.529298	0.441261	2.50599
			*CONTROL_ROT_SAMPLE 4800	-0.469259	0.592748	-0.654558	3.22258
			*CONTROL_ROT_SAMPLE 9600	-0.270474	0.635667	-0.723029	3.11144
			*CONTROL_ROT_SAMPLE 14400	0.66635	-0.60827	0.43126	0.770431
			*CONTROL_ROT_SAMPLE 19200	-0.252279	0.884778	-0.39182	3.48749
			*CONTROL_ROT_SAMPLE 24000	-0.110986	0.781875	-0.613477	3.38971
			*CONTROL_ROT_SAMPLE 28800	-0.325937	-0.825769	0.460294	1.24836
			*CONTROL_ROT_SAMPLE 33600	-0.233733	-0.908613	0.346109	1.86042
			*CONTROL_ROT_SAMPLE 38400	-0.345248	-0.634991	0.691079	2.07667
		}
		*CONTROL_SCALE_TRACK {
			*CONTROL_SCALE_SAMPLE	0	1	1	1	0	0	0	0
		}
	}
}
*HELPEROBJECT {
	*NODE_NAME "Bip01 L Forearm"
	*NODE_PARENT "Bip01 L UpperArm"
	*NODE_TM {
		*NODE_NAME "Bip01 L Forearm"
		*TM_ROW0 0.0455122	-0.291882	-0.955371
		*TM_ROW1 0.478489	0.845886	-0.235638
		*TM_ROW2 0.876913	-0.44641	0.17816
		*TM_ROW3 27.2982	-1.21526	117.966
		*TM_POS 27.2982	-1.21526	117.966
		*TM_ROTAXIS -0.10545	-0.916697	0.385419
		*TM_ROTANGLE 1.53601
		*TM_SCALE 1	1	1
		*TM_SCALEAXIS 0	0	0
		*TM_SCALEAXISANG 0	0	0
	}
	*TM_ANIMATION {
		*NODE_NAME  "Bip01 L Forearm"
		*CONTROL_POS_TRACK {
			*CONTROL_POS_SAMPLE 0	35.2536	-27.609	153.632
			*CONTROL_POS_SAMPLE 4800	11.9124	-34.1354	157.902
			*CONTROL_POS_SAMPLE 9600	-4.38894	-27.2187	159.858
			*CONTROL_POS_SAMPLE 14400	57.8327	-19.5412	131.403
			*CONTROL_POS_SAMPLE 19200	4.38452	-35.6359	136.079
			*CONTROL_POS_SAMPLE 24000	-8.75818	-34.879	140.427
			*CONTROL_POS_SAMPLE 28800	45.6867	-18.842	111.514
			*CONTROL_POS_SAMPLE 33600	21.425	-21.9135	109.536
			*CONTROL_POS_SAMPLE 38400	6.66925	-34.7687	115.846
		}
		*CONTROL_ROT_TRACK {
			*CONTROL_ROT_SAMPLE 0	0.852154	0.0235853	0.52276	3.16033
			*CONTROL_ROT_SAMPLE 4800	0.749203	-0.266692	0.606275	3.77752
			*CONTROL_ROT_SAMPLE 9600	-0.635365	0.415245	-0.651062	2.28674
			*CONTROL_ROT_SAMPLE 14400	0.40413	0.015986	0.914562	1.98807
			*CONTROL_ROT_SAMPLE 19200	0.809321	-0.432858	0.39703	3.45838
			*CONTROL_ROT_SAMPLE 24000	-0.563799	0.582918	-0.585096	2.62098
			*CONTROL_ROT_SAMPLE 28800	0.10056	-0.617823	0.779861	1.95419
			*CONTROL_ROT_SAMPLE 33600	-0.339675	0.705575	-0.62192	3.70519
			*CONTROL_ROT_SAMPLE 38400	-0.0685069	0.620786	-0.780981	3.29502
		}
		*CONTROL_SCALE_TRACK {
			*CONTROL_SCALE_SAMPLE	0	1	1	1	0	0	0	0
		}
	}
}
*HELPEROBJECT {
	*NODE_NAME "Bip01 L Hand"
	*NODE_PARENT "Bip01 L Forearm"
	*NODE_TM {
		*NODE_NAME "Bip01 L Hand"
		*TM_ROW0 0.0455132	-0.291886	-0.95537
		*TM_ROW1 -0.876533	0.44708	-0.17835
		*TM_ROW2 0.479185	0.845531	-0.2355
		*TM_ROW3 28.5642	-9.33439	91.391
		*TM_POS 28.5642	-9.33439	91.391
		*TM_ROTAXIS 0.551391	-0.772552	-0.314851
		*TM_ROTANGLE 1.95137
		*TM_SCALE 1	1	1
		*TM_SCALEAXIS 0	0	0
		*TM_SCALEAXISANG 0	0	0
	}
	*TM_ANIMATION {
		*NODE_NAME  "Bip01 L Hand"
		*CONTROL_POS_TRACK {
			*CONTROL_POS_SAMPLE 0	47.8367	-26.2184	178.4
			*CONTROL_POS_SAMPLE 4800	17.7083	-34.1485	185.107
			*CONTROL_POS_SAMPLE 9600	-4.04636	-25.7105	187.631
			*CONTROL_POS_SAMPLE 14400	52.9436	-42.5451	146.257
			*CONTROL_POS_SAMPLE 19200	13.4851	-51.1991	157.261
			*CONTROL_POS_SAMPLE 24000	-16.3767	-43.8558	165.628
			*CONTROL_POS_SAMPLE 28800	35.6674	-41.3338	98.5737
			*CONTROL_POS_SAMPLE 33600	3.8336	-43.4571	109.895
			*CONTROL_POS_SAMPLE 38400	-20.5603	-40.4406	116.166
		}
		*CONTROL_ROT_TRACK {
			*CONTROL_ROT_SAMPLE 0	-0.310859	0.950408	0.00951345	2.5935
			*CONTROL_ROT_SAMPLE 4800	0.0955325	0.992728	0.0732507	2.80722
			*CONTROL_ROT_SAMPLE 9600	0.494917	0.868868	0.0111581	2.94233
			*CONTROL_ROT_SAMPLE 14400	0.315195	-0.666752	-0.675347	3.93133
			*CONTROL_ROT_SAMPLE 19200	0.0147868	0.764404	0.644568	2.8571
			*CONTROL_ROT_SAMPLE 24000	0.26581	0.773324	0.5756	3.44306
			*CONTROL_ROT_SAMPLE 28800	0.0168747	-0.234457	-0.97198	4.0344
			*CONTROL_ROT_SAMPLE 33600	-0.0905575	-0.241125	-0.96626	3.11106
			*CONTROL_ROT_SAMPLE 38400	-0.145536	-0.278177	-0.94944	2.54101
		}
		*CONTROL_SCALE_TRACK {
			*CONTROL_SCALE_SAMPLE	0	1	1	1	0	0	0	0
		}
	}
}
*HELPEROBJECT {
	*NODE_NAME "Bip01 L Finger0"
	*NODE_PARENT "Bip01 L Hand"
	*NODE_TM {
		*NODE_NAME "Bip01 L Finger0"
		*TM_ROW0 0.0455152	-0.291888	-0.955369
		*TM_ROW1 -0.876915	0.446405	-0.178165
		*TM_ROW2 0.478485	0.845886	-0.235643
		*TM_ROW3 29.15	-13.0909	79.0956
		*TM_POS 29.15	-13.0909	79.0956
		*TM_ROTAXIS 0.551581	-0.772311	-0.31511
		*TM_ROTANGLE 1.95181
		*TM_SCALE 1	1	1
		*TM_SCALEAXIS 0	0	0
		*TM_SCALEAXISANG 0	0	0
	}
	*TM_ANIMATION {
		*NODE_NAME  "Bip01 L Finger0"
		*CONTROL_POS_TRACK {
			*CONTROL_POS_SAMPLE 0	39.1574	-33.33	184.703
			*CONTROL_POS_SAMPLE 4800	5.77989	-32.0845	189.475
			*CONTROL_POS_SAMPLE 9600	-10.4192	-14.78	189.985
			*CONTROL_POS_SAMPLE 14400	46.062	-53.326	147.682
			*CONTROL_POS_SAMPLE 19200	1.13847	-53.2427	160.262
			*CONTROL_POS_SAMPLE 24000	-26.8883	-36.4849	166.522
			*CONTROL_POS_SAMPLE 28800	27.6011	-51.1589	100.579
			*CONTROL_POS_SAMPLE 33600	-8.81901	-42.5156	112.052
			*CONTROL_POS_SAMPLE 38400	-30.6804	-32.5845	117.388
		}
		*CONTROL_ROT_TRACK {
			*CONTROL_ROT_SAMPLE 0	-0.310761	0.950437	0.00987924	2.59326
			*CONTROL_ROT_SAMPLE 4800	0.0955968	0.992693	0.073632	2.8073
			*CONTROL_ROT_SAMPLE 9600	0.494946	0.868848	0.011492	2.94271
			*CONTROL_ROT_SAMPLE 14400	0.315051	-0.666526	-0.675637	3.93157
			*CONTROL_ROT_SAMPLE 19200	0.0148419	0.764155	0.644862	2.85711
			*CONTROL_ROT_SAMPLE 24000	0.265756	0.773114	0.575906	3.44326
			*CONTROL_ROT_SAMPLE 28800	0.0166907	-0.234084	-0.972073	4.03442
			*CONTROL_ROT_SAMPLE 33600	-0.0905517	-0.240754	-0.966353	3.11099
			*CONTROL_ROT_SAMPLE 38400	-0.145419	-0.277816	-0.949564	2.5409
		}
		*CONTROL_SCALE_TRACK {
			*CONTROL_SCALE_SAMPLE	0	1	1	1	0	0	0	0
		}
	}
}
*HELPEROBJECT {
	*NODE_NAME "ZS_LEFTHAND"
	*NODE_PARENT "Bip01 L Hand"
	*NODE_TM {
		*NODE_NAME "ZS_LEFTHAND"
		*TM_ROW0 0.435606	0.890062	-0.134303
		*TM_ROW1 0.180312	-0.232461	-0.955745
		*TM_ROW2 -0.881893	0.392112	-0.261751
		*TM_ROW3 26.7605	-11.5468	82.7857
		*TM_POS 26.7605	-11.5468	82.7857
		*TM_ROTAXIS 0.794322	0.440571	-0.418271
		*TM_ROTANGLE 2.12858
		*TM_SCALE 1	1	1
		*TM_SCALEAXIS 0	0	0
		*TM_SCALEAXISANG 0	0	0
	}
	*TM_ANIMATION {
		*NODE_NAME  "ZS_LEFTHAND"
		*CONTROL_POS_TRACK {
			*CONTROL_POS_SAMPLE 0	47.3564	-23.2551	194.299
			*CONTROL_POS_SAMPLE 4800	17.159	-30.1136	200.765
			*CONTROL_POS_SAMPLE 9600	-0.310059	-18.9738	201.86
			*CONTROL_POS_SAMPLE 14400	61.6586	-55.1485	151.453
			*CONTROL_POS_SAMPLE 19200	11.094	-64.541	166.098
			*CONTROL_POS_SAMPLE 24000	-27.6573	-49.8495	175.561
			*CONTROL_POS_SAMPLE 28800	38.6462	-54.1745	89.1894
			*CONTROL_POS_SAMPLE 33600	-4.96165	-54.2454	101.644
			*CONTROL_POS_SAMPLE 38400	-33.8453	-45.7744	108.624
		}
		*CONTROL_ROT_TRACK {
			*CONTROL_ROT_SAMPLE 0	0.417401	0.218242	-0.882126	3.40388
			*CONTROL_ROT_SAMPLE 4800	0.551443	0.00547072	-0.834195	2.73706
			*CONTROL_ROT_SAMPLE 9600	0.588293	-0.34223	-0.732659	2.23338
			*CONTROL_ROT_SAMPLE 14400	0.0817068	0.665399	-0.742002	2.59081
			*CONTROL_ROT_SAMPLE 19200	0.417979	0.542896	-0.728393	2.07476
			*CONTROL_ROT_SAMPLE 24000	0.764801	0.352362	-0.539371	1.7673
			*CONTROL_ROT_SAMPLE 28800	-0.306235	0.78789	-0.534275	1.81881
			*CONTROL_ROT_SAMPLE 33600	0.149658	0.970054	-0.191305	1.47331
			*CONTROL_ROT_SAMPLE 38400	0.479408	0.875011	0.0672551	1.50722
		}
		*CONTROL_SCALE_TRACK {
			*CONTROL_SCALE_SAMPLE	0	1	1	1	0	0	0	0
		}
	}
}
*HELPEROBJECT {
	*NODE_NAME "ZS_LEFTARM"
	*NODE_PARENT "Bip01 L Forearm"
	*NODE_TM {
		*NODE_NAME "ZS_LEFTARM"
		*TM_ROW0 0.0759923	-0.150176	-0.985735
		*TM_ROW1 0.524499	0.846792	-0.0885736
		*TM_ROW2 0.848013	-0.510285	0.143117
		*TM_ROW3 26.9101	-7.67833	110.055
		*TM_POS 26.9101	-7.67833	110.055
		*TM_ROTAXIS -0.21097	-0.917372	0.337521
		*TM_ROTANGLE 1.53784
		*TM_SCALE 1	1	1
		*TM_SCALEAXIS 0	0	0
		*TM_SCALEAXISANG 0	0	0
	}
}
*HELPEROBJECT {
	*NODE_NAME "Bip01 R Clavicle"
	*NODE_PARENT "Bip01 Neck"
	*NODE_TM {
		*NODE_NAME "Bip01 R Clavicle"
		*TM_ROW0 -0.935227	-0.203899	-0.28944
		*TM_ROW1 -0.156442	0.971369	-0.178799
		*TM_ROW2 0.317609	-0.121937	-0.940349
		*TM_ROW3 -7.96398	-1.25806	148.729
		*TM_POS -7.96398	-1.25806	148.729
		*TM_ROTAXIS -0.0929799	0.992639	-0.0775999
		*TM_ROTANGLE 3.45235
		*TM_SCALE 1	1	1
		*TM_SCALEAXIS 0	0	0
		*TM_SCALEAXISANG 0	0	0
	}
	*TM_ANIMATION {
		*NODE_NAME  "Bip01 R Clavicle"
		*CONTROL_POS_TRACK {
			*CONTROL_POS_SAMPLE 0	2.2866	2.63916	147.02
			*CONTROL_POS_SAMPLE 4800	8.1033	3.50911	147.684
			*CONTROL_POS_SAMPLE 9600	11.5433	9.0558	143.326
			*CONTROL_POS_SAMPLE 14400	6.97295	-2.32972	149.58
			*CONTROL_POS_SAMPLE 19200	9.11104	0.365146	148.969
			*CONTROL_POS_SAMPLE 24000	13.0297	2.00564	147.746
			*CONTROL_POS_SAMPLE 28800	9.0966	-7.32969	149.335
			*CONTROL_POS_SAMPLE 33600	10.373	-0.549693	149.082
			*CONTROL_POS_SAMPLE 38400	10.8386	0.625999	148.371
		}
		*CONTROL_ROT_TRACK {
			*CONTROL_ROT_SAMPLE 0	-0.138959	0.984249	-0.109286	3.11553
			*CONTROL_ROT_SAMPLE 4800	0.104978	0.990236	-0.0917219	2.96486
			*CONTROL_ROT_SAMPLE 9600	0.347147	0.907113	-0.237982	3.08182
			*CONTROL_ROT_SAMPLE 14400	-0.0952395	0.994623	0.0406785	2.91175
			*CONTROL_ROT_SAMPLE 19200	0.11935	0.992846	-0.00356878	2.90629
			*CONTROL_ROT_SAMPLE 24000	0.389512	0.919162	-0.058489	2.92065
			*CONTROL_ROT_SAMPLE 28800	-0.0799044	0.982663	0.1673	2.81602
			*CONTROL_ROT_SAMPLE 33600	0.126201	0.991421	0.0340179	2.84647
			*CONTROL_ROT_SAMPLE 38400	0.408673	0.912506	0.0178786	3.05651
		}
		*CONTROL_SCALE_TRACK {
			*CONTROL_SCALE_SAMPLE	0	1	1	1	0	0	0	0
		}
	}
}
*HELPEROBJECT {
	*NODE_NAME "Bip01 R UpperArm"
	*NODE_PARENT "Bip01 R Clavicle"
	*NODE_TM {
		*NODE_NAME "Bip01 R UpperArm"
		*TM_ROW0 -0.246232	0.0988932	-0.964153
		*TM_ROW1 -0.412793	0.889345	0.196642
		*TM_ROW2 0.876911	0.446415	-0.178163
		*TM_ROW3 -20.4269	-3.97513	144.872
		*TM_POS -20.4269	-3.97513	144.872
		*TM_ROTAXIS 0.12961	-0.955353	-0.265521
		*TM_ROTANGLE 1.84162
		*TM_SCALE 1	1	1
		*TM_SCALEAXIS 0	0	0
		*TM_SCALEAXISANG 0	0	0
	}
	*TM_ANIMATION {
		*NODE_NAME  "Bip01 R UpperArm"
		*CONTROL_POS_TRACK {
			*CONTROL_POS_SAMPLE 0	-10.52	-0.967527	147.767
			*CONTROL_POS_SAMPLE 4800	-4.72315	6.4728	149.749
			*CONTROL_POS_SAMPLE 9600	1.45028	17.6303	141.849
			*CONTROL_POS_SAMPLE 14400	-5.76379	-4.94475	152.498
			*CONTROL_POS_SAMPLE 19200	-3.47328	3.49041	152.043
			*CONTROL_POS_SAMPLE 24000	4.02244	11.602	149.831
			*CONTROL_POS_SAMPLE 28800	-3.36331	-10.0811	153.177
			*CONTROL_POS_SAMPLE 33600	-1.9611	2.5808	153.037
			*CONTROL_POS_SAMPLE 38400	2.00427	10.5263	149.599
		}
		*CONTROL_ROT_TRACK {
			*CONTROL_ROT_SAMPLE 0	0.866602	-0.478139	0.142774	3.36164
			*CONTROL_ROT_SAMPLE 4800	-0.372094	0.902328	-0.2176	2.87201
			*CONTROL_ROT_SAMPLE 9600	-0.146158	0.95252	-0.267102	2.73608
			*CONTROL_ROT_SAMPLE 14400	0.77209	-0.634527	-0.0353786	3.24714
			*CONTROL_ROT_SAMPLE 19200	-0.30336	0.95067	-0.0647997	3.0178
			*CONTROL_ROT_SAMPLE 24000	-0.0487559	0.990508	-0.128519	3.01399
			*CONTROL_ROT_SAMPLE 28800	0.774996	-0.550458	-0.310445	3.06851
			*CONTROL_ROT_SAMPLE 33600	-0.327904	0.912677	0.243928	3.3304
			*CONTROL_ROT_SAMPLE 38400	-0.110983	0.990598	0.0799855	3.40309
		}
		*CONTROL_SCALE_TRACK {
			*CONTROL_SCALE_SAMPLE	0	1	1	1	0	0	0	0
		}
	}
}
*HELPEROBJECT {
	*NODE_NAME "Bip01 R Forearm"
	*NODE_PARENT "Bip01 R UpperArm"
	*NODE_TM {
		*NODE_NAME "Bip01 R Forearm"
		*TM_ROW0 -0.0455087	-0.291889	-0.955369
		*TM_ROW1 -0.478487	0.845885	-0.235646
		*TM_ROW2 0.876915	0.446408	-0.17816
		*TM_ROW3 -27.2982	-1.21534	117.966
		*TM_POS -27.2982	-1.21534	117.966
		*TM_ROTAXIS 0.347279	-0.932937	-0.0950097
		*TM_ROTANGLE 1.76083
		*TM_SCALE 1	1	1
		*TM_SCALEAXIS 0	0	0
		*TM_SCALEAXISANG 0	0	0
	}
	*TM_ANIMATION {
		*NODE_NAME  "Bip01 R Forearm"
		*CONTROL_POS_TRACK {
			*CONTROL_POS_SAMPLE 0	3.65631	-22.9447	157.501
			*CONTROL_POS_SAMPLE 4800	-24.0332	-10.3104	160.893
			*CONTROL_POS_SAMPLE 9600	-23.0482	13.1158	154.425
			*CONTROL_POS_SAMPLE 14400	-0.336172	-32.3154	152.843
			*CONTROL_POS_SAMPLE 19200	-26.0487	-12.3208	156.412
			*CONTROL_POS_SAMPLE 24000	-23.5243	9.374	153.697
			*CONTROL_POS_SAMPLE 28800	2.28287	-33.2262	138.646
			*CONTROL_POS_SAMPLE 33600	-23.4234	-12.6961	143.832
			*CONTROL_POS_SAMPLE 38400	-24.2773	5.07163	141.965
		}
		*CONTROL_ROT_TRACK {
			*CONTROL_ROT_SAMPLE 0	0.946967	-0.298664	0.118545	3.41373
			*CONTROL_ROT_SAMPLE 4800	0.929412	-0.365044	0.054185	3.64405
			*CONTROL_ROT_SAMPLE 9600	0.778709	-0.624525	0.0598383	3.80418
			*CONTROL_ROT_SAMPLE 14400	0.981735	-0.181684	-0.0564605	3.19975
			*CONTROL_ROT_SAMPLE 19200	0.93363	-0.358151	-0.00789271	3.32013
			*CONTROL_ROT_SAMPLE 24000	0.791045	-0.610749	0.0351287	3.42038
			*CONTROL_ROT_SAMPLE 28800	0.920414	-0.268839	-0.283838	2.86865
			*CONTROL_ROT_SAMPLE 33600	0.88958	-0.442511	-0.113272	2.6649
			*CONTROL_ROT_SAMPLE 38400	0.716301	-0.697455	0.0216477	2.83824
		}
		*CONTROL_SCALE_TRACK {
			*CONTROL_SCALE_SAMPLE	0	1	1	1	0	0	0	0
		}
	}
}
*HELPEROBJECT {
	*NODE_NAME "Bip01 R Hand"
	*NODE_PARENT "Bip01 R Forearm"
	*NODE_TM {
		*NODE_NAME "Bip01 R Hand"
		*TM_ROW0 -0.0455115	-0.291885	-0.95537
		*TM_ROW1 0.87653	0.447088	-0.17835
		*TM_ROW2 0.479192	-0.845527	0.235499
		*TM_ROW3 -28.5642	-9.33445	91.3911
		*TM_POS -28.5642	-9.33445	91.3911
		*TM_ROTAXIS -0.33922	-0.72939	0.59407
		*TM_ROTANGLE 1.75327
		*TM_SCALE 1	1	1
		*TM_SCALEAXIS 0	0	0
		*TM_SCALEAXISANG 0	0	0
	}
	*TM_ANIMATION {
		*NODE_NAME  "Bip01 R Hand"
		*CONTROL_POS_TRACK {
			*CONTROL_POS_SAMPLE 0	25.8337	-37.5026	165.865
			*CONTROL_POS_SAMPLE 4800	-3.32588	-27.2925	168.411
			*CONTROL_POS_SAMPLE 9600	-14.8128	-10.0532	167.43
			*CONTROL_POS_SAMPLE 14400	25.4676	-42.3209	150.056
			*CONTROL_POS_SAMPLE 19200	-5.3153	-30.8136	157.775
			*CONTROL_POS_SAMPLE 24000	-16.1263	-16.7159	159.888
			*CONTROL_POS_SAMPLE 28800	21.7539	-44.6085	122.366
			*CONTROL_POS_SAMPLE 33600	-6.56786	-31.9289	132.891
			*CONTROL_POS_SAMPLE 38400	-22.9307	-22.2668	137.013
		}
		*CONTROL_ROT_TRACK {
			*CONTROL_ROT_SAMPLE 0	-0.28123	0.0263191	-0.959279	0.600129
			*CONTROL_ROT_SAMPLE 4800	-0.177392	0.720157	0.67075	0.337704
			*CONTROL_ROT_SAMPLE 9600	0.272681	0.285313	0.918826	1.09202
			*CONTROL_ROT_SAMPLE 14400	-0.952214	-0.269616	-0.143511	1.56655
			*CONTROL_ROT_SAMPLE 19200	-0.941181	0.125094	0.313894	1.37534
			*CONTROL_ROT_SAMPLE 24000	-0.640726	0.498412	0.583999	1.60521
			*CONTROL_ROT_SAMPLE 28800	0.891906	0.378019	-0.248203	3.82976
			*CONTROL_ROT_SAMPLE 33600	0.922708	-0.0813036	-0.376828	3.6213
			*CONTROL_ROT_SAMPLE 38400	0.840059	-0.360434	-0.405449	3.50216
		}
		*CONTROL_SCALE_TRACK {
			*CONTROL_SCALE_SAMPLE	0	1	1	1	0	0	0	0
		}
	}
}
*HELPEROBJECT {
	*NODE_NAME "Bip01 R Finger0"
	*NODE_PARENT "Bip01 R Hand"
	*NODE_TM {
		*NODE_NAME "Bip01 R Finger0"
		*TM_ROW0 -0.0455056	-0.291877	-0.955373
		*TM_ROW1 0.876914	0.446413	-0.178152
		*TM_ROW2 0.478489	-0.845886	0.235636
		*TM_ROW3 -29.1499	-13.0909	79.0956
		*TM_POS -29.1499	-13.0909	79.0956
		*TM_ROTAXIS -0.33952	-0.729071	0.594291
		*TM_ROTANGLE 1.75354
		*TM_SCALE 1	1	1
		*TM_SCALEAXIS 0	0	0
		*TM_SCALEAXISANG 0	0	0
	}
	*TM_ANIMATION {
		*NODE_NAME  "Bip01 R Finger0"
		*CONTROL_POS_TRACK {
			*CONTROL_POS_SAMPLE 0	36.6326	-30.5471	166.662
			*CONTROL_POS_SAMPLE 4800	8.83964	-30.2455	171.395
			*CONTROL_POS_SAMPLE 9600	-8.36772	-20.0088	172.428
			*CONTROL_POS_SAMPLE 14400	37.1413	-37.1841	148.337
			*CONTROL_POS_SAMPLE 19200	6.37014	-35.9969	156.29
			*CONTROL_POS_SAMPLE 24000	-11.1039	-28.4785	161.317
			*CONTROL_POS_SAMPLE 28800	29.9582	-38.946	114.227
			*CONTROL_POS_SAMPLE 33600	2.69259	-35.989	124.93
			*CONTROL_POS_SAMPLE 38400	-17.3925	-31.6505	130.165
		}
		*CONTROL_ROT_TRACK {
			*CONTROL_ROT_SAMPLE 0	-0.282374	0.0259411	-0.958954	0.600346
			*CONTROL_ROT_SAMPLE 4800	-0.179575	0.720125	0.670204	0.337842
			*CONTROL_ROT_SAMPLE 9600	0.272095	0.285715	0.918875	1.09181
			*CONTROL_ROT_SAMPLE 14400	-0.95225	-0.269572	-0.143355	1.56728
			*CONTROL_ROT_SAMPLE 19200	-0.941235	0.12516	0.313708	1.37606
			*CONTROL_ROT_SAMPLE 24000	-0.640945	0.498518	0.583668	1.6057
			*CONTROL_ROT_SAMPLE 28800	0.891935	0.377877	-0.248318	3.82907
			*CONTROL_ROT_SAMPLE 33600	0.922722	-0.0814414	-0.376764	3.62059
			*CONTROL_ROT_SAMPLE 38400	0.840079	-0.360569	-0.405286	3.50151
		}
		*CONTROL_SCALE_TRACK {
			*CONTROL_SCALE_SAMPLE	0	1	1	1	0	0	0	0
		}
	}
}
*HELPEROBJECT {
	*NODE_NAME "ZS_RIGHTHAND"
	*NODE_PARENT "Bip01 R Hand"
	*NODE_TM {
		*NODE_NAME "ZS_RIGHTHAND"
		*TM_ROW0 -0.464344	0.856417	-0.225687
		*TM_ROW1 0.177861	0.339806	0.923525
		*TM_ROW2 0.867612	0.388692	-0.31011
		*TM_ROW3 -20.9389	-19.9852	85.8932
		*TM_POS -20.9389	-19.9852	85.8932
		*TM_ROTAXIS 0.383811	0.784581	0.486951
		*TM_ROTANGLE 3.91244
		*TM_SCALE 1	1	1
		*TM_SCALEAXIS 0	0	0
		*TM_SCALEAXISANG 0	0	0
	}
	*TM_ANIMATION {
		*NODE_NAME  "ZS_RIGHTHAND"
		*CONTROL_POS_TRACK {
			*CONTROL_POS_SAMPLE 0	32.2185	-31.5265	167.18
			*CONTROL_POS_SAMPLE 4800	5.0975	-27.6755	171.076
			*CONTROL_POS_SAMPLE 9600	-9.10309	-15.7147	171.112
			*CONTROL_POS_SAMPLE 14400	33.7324	-39.2152	150.564
			*CONTROL_POS_SAMPLE 19200	2.72047	-34.4311	158.513
			*CONTROL_POS_SAMPLE 24000	-12.788	-24.4472	162.589
			*CONTROL_POS_SAMPLE 28800	28.4601	-42.0475	117.2
			*CONTROL_POS_SAMPLE 33600	-0.642459	-36.3174	128.009
			*CONTROL_POS_SAMPLE 38400	-20.3546	-29.7357	133.04
		}
		*CONTROL_ROT_TRACK {
			*CONTROL_ROT_SAMPLE 0	0.40162	-0.465899	-0.788441	2.74569
			*CONTROL_ROT_SAMPLE 4800	0.294534	-0.667413	-0.683966	2.04677
			*CONTROL_ROT_SAMPLE 9600	0.102673	-0.9335	-0.343562	1.64464
			*CONTROL_ROT_SAMPLE 14400	-0.13241	-0.0456973	-0.990141	2.62998
			*CONTROL_ROT_SAMPLE 19200	-0.119268	-0.138716	-0.983124	1.80958
			*CONTROL_ROT_SAMPLE 24000	-0.0360244	-0.207606	-0.977549	1.03863
			*CONTROL_ROT_SAMPLE 28800	-0.622367	0.150635	-0.768094	2.58695
			*CONTROL_ROT_SAMPLE 33600	-0.558121	0.464314	-0.687687	1.84449
			*CONTROL_ROT_SAMPLE 38400	-0.420062	0.692745	-0.586219	1.43047
		}
		*CONTROL_SCALE_TRACK {
			*CONTROL_SCALE_SAMPLE	0	1	1	1	0	0	0	0
		}
	}
}
*HELPEROBJECT {
	*NODE_NAME "ZS_CROSSBOW"
	*NODE_PARENT "Bip01 Spine2"
	*NODE_TM {
		*NODE_NAME "ZS_CROSSBOW"
		*TM_ROW0 -0.382687	-0.111464	0.91713
		*TM_ROW1 -0.923878	0.0461715	-0.379891
		*TM_ROW2 -1.2517e-006	-0.992695	-0.120648
		*TM_ROW3 -14.434	10.5915	165.98
		*TM_POS -14.434	10.5915	165.98
		*TM_ROTAXIS -0.447329	0.669479	-0.593039
		*TM_ROTANGLE 2.38705
		*TM_SCALE 1	1	1
		*TM_SCALEAXIS 0	0	0
		*TM_SCALEAXISANG 0	0	0
	}
}
*HELPEROBJECT {
	*NODE_NAME "ZS_LONGSWORD"
	*NODE_PARENT "Bip01 Spine2"
	*NODE_TM {
		*NODE_NAME "ZS_LONGSWORD"
		*TM_ROW0 -0.499829	-0.0915011	0.861277
		*TM_ROW1 -0.865729	0.0828188	-0.493614
		*TM_ROW2 -0.0261636	-0.992355	-0.12061
		*TM_ROW3 -18.1593	6.92629	157.64
		*TM_POS -18.1593	6.92629	157.64
		*TM_ROTAXIS -0.38996	0.69388	-0.60536
		*TM_ROTANGLE 2.44778
		*TM_SCALE 1	1	1
		*TM_SCALEAXIS 0	0	0
		*TM_SCALEAXISANG 0	0	0
	}
}
*HELPEROBJECT {
	*NODE_NAME "ZS_SHIELD"
	*NODE_PARENT "Bip01 Spine2"
	*NODE_TM {
		*NODE_NAME "ZS_SHIELD"
		*TM_ROW0 -0.0138681	0.114196	-0.993362
		*TM_ROW1 -0.908393	0.413755	0.0602465
		*TM_ROW2 0.417888	0.903198	0.0979964
		*TM_ROW3 8.76511	9.5282	131.875
		*TM_POS 8.76511	9.5282	131.875
		*TM_ROTAXIS 0.435421	-0.728972	-0.528212
		*TM_ROTANGLE 1.82457
		*TM_SCALE 1	1	1
		*TM_SCALEAXIS 0	0	0
		*TM_SCALEAXISANG 0	0	0
	}
}
*HELPEROBJECT {
	*NODE_NAME "ZS_BOW"
	*NODE_PARENT "Bip01 Spine2"
	*NODE_TM {
		*NODE_NAME "ZS_BOW"
		*TM_ROW0 -0.341816	-0.0868229	0.935748
		*TM_ROW1 0.0119438	0.995242	0.0967059
		*TM_ROW2 -0.939691	0.044232	-0.339153
		*TM_ROW3 0.5012	12.4143	124.55
		*TM_POS 0.5012	12.4143	124.55
		*TM_ROTAXIS -0.0279299	0.998227	0.0525698
		*TM_ROTANGLE 1.92076
		*TM_SCALE 1	1	1
		*TM_SCALEAXIS 0	0	0
		*TM_SCALEAXISANG 0	0	0
	}
}
*HELPEROBJECT {
	*NODE_NAME "ZS_SWORD"
	*NODE_PARENT "Bip01 Spine"
	*NODE_TM {
		*NODE_NAME "ZS_SWORD"
		*TM_ROW0 5.79068e-007	-0.347172	0.937802
		*TM_ROW1 1.04308e-007	0.937802	0.347172
		*TM_ROW2 -1	-1.04308e-007	5.79068e-007
		*TM_ROW3 17.5015	-4.36211	106.367
		*TM_POS 17.5015	-4.36211	106.367
		*TM_ROTAXIS -0.17367	0.96937	0.17367
		*TM_ROTANGLE 1.6019
		*TM_SCALE 1	1	1
		*TM_SCALEAXIS 0	0	0
		*TM_SCALEAXISANG 0	0	0
	}
}
*HELPEROBJECT {
	*NODE_NAME "Bip01 L Thigh"
	*NODE_PARENT "Bip01 Pelvis"
	*NODE_TM {
		*NODE_NAME "Bip01 L Thigh"
		*TM_ROW0 0.0534879	-0.0367886	-0.997891
		*TM_ROW1 -0.00216181	-0.999323	0.0367256
		*TM_ROW2 -0.998566	0.000192882	-0.0535313
		*TM_ROW3 9.01023	-8.01129	99.9496
		*TM_POS 9.01023	-8.01129	99.9496
		*TM_ROTAXIS 0.72572	-0.01342	-0.68786
		*TM_ROTANGLE 3.16677
		*TM_SCALE 1	1	1
		*TM_SCALEAXIS 0	0	0
		*TM_SCALEAXISANG 0	0	0
	}
}
*HELPEROBJECT {
	*NODE_NAME "Bip01 L Calf"
	*NODE_PARENT "Bip01 L Thigh"
	*NODE_TM {
		*NODE_NAME "Bip01 L Calf"
		*TM_ROW0 0.0525131	0.197552	-0.978885
		*TM_ROW1 0.0103904	-0.980292	-0.197278
		*TM_ROW2 -0.998566	0.000188708	-0.0535307
		*TM_ROW3 11.1149	-9.45845	60.6877
		*TM_POS 11.1149	-9.45845	60.6877
		*TM_ROTAXIS 0.723901	0.0721501	-0.686121
		*TM_ROTANGLE 3.00478
		*TM_SCALE 1	1	1
		*TM_SCALEAXIS 0	0	0
		*TM_SCALEAXISANG 0	0	0
	}
}
*HELPEROBJECT {
	*NODE_NAME "Bip01 L Foot"
	*NODE_PARENT "Bip01 L Calf"
	*NODE_TM {
		*NODE_NAME "Bip01 L Foot"
		*TM_ROW0 -6.00563e-007	7.23674e-006	-1
		*TM_ROW1 0.173652	-0.984807	-7.2672e-006
		*TM_ROW2 -0.984807	-0.173652	-5.93313e-007
		*TM_ROW3 13.6935	0.240668	12.6267
		*TM_POS 13.6935	0.240668	12.6267
		*TM_ROTAXIS 0.705757	0.0617498	-0.705757
		*TM_ROTANGLE 3.26493
		*TM_SCALE 1	1	1
		*TM_SCALEAXIS 0	0	0
		*TM_SCALEAXISANG 0	0	0
	}
}
*HELPEROBJECT {
	*NODE_NAME "Bip01 L Toe0"
	*NODE_PARENT "Bip01 L Foot"
	*NODE_TM {
		*NODE_NAME "Bip01 L Toe0"
		*TM_ROW0 0.173646	-0.984808	5.05606e-006
		*TM_ROW1 5.06961e-006	5.93591e-006	1
		*TM_ROW2 -0.984808	-0.173646	5.91983e-006
		*TM_ROW3 17.6256	-22.0591	-2.43328e-006
		*TM_POS 17.6256	-22.0591	-2.43328e-006
		*TM_ROTAXIS -0.644398	0.540718	0.540718
		*TM_ROTANGLE 1.99673
		*TM_SCALE 1	1	1
		*TM_SCALEAXIS 0	0	0
		*TM_SCALEAXISANG 0	0	0
	}
}
*HELPEROBJECT {
	*NODE_NAME "Bip01 R Thigh"
	*NODE_PARENT "Bip01 Pelvis"
	*NODE_TM {
		*NODE_NAME "Bip01 R Thigh"
		*TM_ROW0 -0.0535034	-0.0367749	-0.99789
		*TM_ROW1 0.00205776	-0.999324	0.0367174
		*TM_ROW2 -0.998566	-8.89041e-005	0.0535432
		*TM_ROW3 -9.01021	-8.01132	99.9496
		*TM_POS -9.01021	-8.01132	99.9496
		*TM_ROTAXIS 0.687862	-0.01262	-0.725732
		*TM_ROTANGLE 3.16835
		*TM_SCALE 1	1	1
		*TM_SCALEAXIS 0	0	0
		*TM_SCALEAXISANG 0	0	0
	}
}
*HELPEROBJECT {
	*NODE_NAME "Bip01 R Calf"
	*NODE_PARENT "Bip01 R Thigh"
	*NODE_TM {
		*NODE_NAME "Bip01 R Calf"
		*TM_ROW0 -0.0525024	0.197539	-0.978888
		*TM_ROW1 -0.0104967	-0.980295	-0.19726
		*TM_ROW2 -0.998566	-8.16062e-005	0.0535415
		*TM_ROW3 -11.1154	-9.45856	60.6878
		*TM_POS -11.1154	-9.45856	60.6878
		*TM_ROTAXIS 0.686298	0.0684898	-0.724088
		*TM_ROTANGLE 2.99744
		*TM_SCALE 1	1	1
		*TM_SCALEAXIS 0	0	0
		*TM_SCALEAXISANG 0	0	0
	}
}
*HELPEROBJECT {
	*NODE_NAME "Bip01 R Foot"
	*NODE_PARENT "Bip01 R Calf"
	*NODE_TM {
		*NODE_NAME "Bip01 R Foot"
		*TM_ROW0 -5.86066e-007	-7.25461e-006	-1
		*TM_ROW1 -0.173652	-0.984807	7.24331e-006
		*TM_ROW2 -0.984807	0.173652	-5.91966e-007
		*TM_ROW3 -13.6935	0.24065	12.6267
		*TM_POS -13.6935	0.24065	12.6267
		*TM_ROTAXIS 0.705757	-0.0617498	-0.705757
		*TM_ROTANGLE 3.01826
		*TM_SCALE 1	1	1
		*TM_SCALEAXIS 0	0	0
		*TM_SCALEAXISANG 0	0	0
	}
}
*HELPEROBJECT {
	*NODE_NAME "Bip01 R Toe0"
	*NODE_PARENT "Bip01 R Foot"
	*NODE_TM {
		*NODE_NAME "Bip01 R Toe0"
		*TM_ROW0 -0.173651	-0.984807	3.50312e-006
		*TM_ROW1 3.50539e-006	3.00781e-006	1
		*TM_ROW2 -0.984808	0.173651	3.01546e-006
		*TM_ROW3 -17.6255	-22.0592	3.52698e-005
		*TM_POS -17.6255	-22.0592	3.52698e-005
		*TM_ROTAXIS 0.510271	-0.608121	-0.608121
		*TM_ROTANGLE 4.08526
		*TM_SCALE 1	1	1
		*TM_SCALEAXIS 0	0	0
		*TM_SCALEAXISANG 0	0	0
	}
}
