*3DSMAX_ASCIIEXPORT	110
*COMMENT "[ GothicSourcer v3.10 ] - August 2006"
*SCENE {
	*SCENE_FILENAME "GIANT_BUG_BODY.MAX"
	*SCENE_FIRSTFRAME 0
	*SCENE_LASTFRAME 100
	*SCENE_FRAMESPEED 25
	*SCENE_TICKSPERFRAME 192
	*SCENE_BACKGROUND_STATIC 0	0	0
	*SCENE_AMBIENT_STATIC 0.2	0.2	0.2
}
*MATERIAL_LIST {
	*MATERIAL_COUNT 1
	*MATERIAL 0 {
		*MATERIAL_NAME "CRAWLER"
		*MATERIAL_CLASS "Standard"
		*MATERIAL_AMBIENT 0.345098	0.278431	0.219608
		*MATERIAL_DIFFUSE 0.345098	0.278431	0.219608
		*MATERIAL_SPECULAR 0.9	0.9	0.9
		*MATERIAL_SHINE 0.1
		*MATERIAL_SHINESTRENGTH 0
		*MATERIAL_TRANSPARENCY 0
		*MATERIAL_WIRESIZE 1
		*MATERIAL_SHADING Blinn
		*MATERIAL_XP_FALLOFF 0
		*MATERIAL_SELFILLUM 0
		*MATERIAL_FALLOFF In
		*MATERIAL_XP_TYPE Filter
		*MAP_DIFFUSE {
			*MAP_NAME "Map #1"
			*MAP_CLASS "Bitmap"
			*MAP_SUBNO 1
			*MAP_AMOUNT 1
			*BITMAP "KAEFER.TGA"
			*MAP_TYPE Screen
			*UVW_U_OFFSET 0
			*UVW_V_OFFSET 0
			*UVW_U_TILING 1
			*UVW_V_TILING 1
			*UVW_ANGLE 0
			*UVW_BLUR 1
			*UVW_BLUR_OFFSET 0
			*UVW_NOUSE_AMT 1
			*UVW_NOISE_SIZE 1
			*UVW_NOISE_LEVEL 1
			*UVW_NOISE_PHASE 0
			*BITMAP_FILTER Pyramidal
		}
	}
}
*HELPEROBJECT {
	*NODE_NAME "Bip01"
	*NODE_TM {
		*NODE_NAME "Bip01"
		*TM_ROW0 2.00462e-006	-0.882948	0.469472
		*TM_ROW1 1	2.00462e-006	-4.61936e-007
		*TM_ROW2 -4.61936e-007	0.469472	0.882948
		*TM_ROW3 0	-76.4809	149.56
		*TM_POS 0	-76.4809	149.56
		*TM_ROTAXIS 0.235139	0.235139	0.94309
		*TM_ROTANGLE 1.62935
		*TM_SCALE 1	1	1
		*TM_SCALEAXIS 0	0	0
		*TM_SCALEAXISANG 0	0	0
	}
}
*HELPEROBJECT {
	*NODE_NAME "Bip01 Pelvis"
	*NODE_PARENT "Bip01"
	*NODE_TM {
		*NODE_NAME "Bip01 Pelvis"
		*TM_ROW0 -2.08054e-006	0.469471	0.882948
		*TM_ROW1 2.92063e-006	-0.882948	0.469471
		*TM_ROW2 1	3.54648e-006	4.82455e-007
		*TM_ROW3 4.30007e-005	-76.5578	149.601
		*TM_POS 4.30007e-005	-76.5578	149.601
		*TM_ROTAXIS -0.696367	-0.173625	-0.696368
		*TM_ROTANGLE 2.79778
		*TM_SCALE 1	1	1
		*TM_SCALEAXIS 0	0	0
		*TM_SCALEAXISANG 0	0	0
	}
}
*HELPEROBJECT {
	*NODE_NAME "Bip01 Spine"
	*NODE_PARENT "Bip01 Pelvis"
	*NODE_TM {
		*NODE_NAME "Bip01 Spine"
		*TM_ROW0 -5.06123e-006	-0.636693	0.771117
		*TM_ROW1 -2.02656e-006	-0.771117	-0.636693
		*TM_ROW2 1	-4.79817e-006	2.62777e-006
		*TM_ROW3 2.39912e-005	-80.4507	158.031
		*TM_POS 2.39912e-005	-80.4507	158.031
		*TM_ROTAXIS -0.685311	0.246362	-0.685314
		*TM_ROTANGLE 3.62469
		*TM_SCALE 1	1	1
		*TM_SCALEAXIS 0	0	0
		*TM_SCALEAXISANG 0	0	0
	}
}
*HELPEROBJECT {
	*NODE_NAME "Bip01 Spine1"
	*NODE_PARENT "Bip01 Spine"
	*NODE_TM {
		*NODE_NAME "Bip01 Spine1"
		*TM_ROW0 -4.99169e-006	-0.629939	0.776644
		*TM_ROW1 -1.81794e-006	-0.776644	-0.629939
		*TM_ROW2 1	-4.55975e-006	2.75692e-006
		*TM_ROW3 -7.40125e-005	-91.7486	171.737
		*TM_POS -7.40125e-005	-91.7486	171.737
		*TM_ROTAXIS -0.685877	0.243191	-0.68588
		*TM_ROTANGLE 3.61871
		*TM_SCALE 1	1	1
		*TM_SCALEAXIS 0	0	0
		*TM_SCALEAXISANG 0	0	0
	}
}
*HELPEROBJECT {
	*NODE_NAME "Bip01 Spine2"
	*NODE_PARENT "Bip01 Spine1"
	*NODE_TM {
		*NODE_NAME "Bip01 Spine2"
		*TM_ROW0 -4.78436e-006	-0.415418	0.909631
		*TM_ROW1 -3.23355e-006	-0.909631	-0.415418
		*TM_ROW2 1	-4.97699e-006	3.38148e-006
		*TM_ROW3 -0.000171021	-102.925	185.537
		*TM_POS -0.000171021	-102.925	185.537
		*TM_ROTAXIS -0.698885	0.152036	-0.698888
		*TM_ROTANGLE 3.44335
		*TM_SCALE 1	1	1
		*TM_SCALEAXIS 0	0	0
		*TM_SCALEAXISANG 0	0	0
	}
}
*HELPEROBJECT {
	*NODE_NAME "Bip01 L Claw"
	*NODE_PARENT "Bip01 Spine2"
	*NODE_TM {
		*NODE_NAME "Bip01 L Claw"
		*TM_ROW0 0.893134	0.380822	-0.239346
		*TM_ROW1 -0.417039	0.900461	-0.123486
		*TM_ROW2 0.168495	0.210106	0.96305
		*TM_ROW3 22.3468	-112.434	224.487
		*TM_POS 22.3468	-112.434	224.487
		*TM_ROTAXIS 0.348895	-0.42655	-0.834462
		*TM_ROTANGLE 0.498455
		*TM_SCALE 1	1	1
		*TM_SCALEAXIS 0	0	0
		*TM_SCALEAXISANG 0	0	0
	}
}
*HELPEROBJECT {
	*NODE_NAME "Bip01 L Claw1"
	*NODE_PARENT "Bip01 L Claw"
	*NODE_TM {
		*NODE_NAME "Bip01 L Claw1"
		*TM_ROW0 0.992258	0.10247	-0.070175
		*TM_ROW1 -0.110219	0.466129	-0.877824
		*TM_ROW2 -0.0572403	0.878762	0.473815
		*TM_ROW3 52.8026	-178.65	232.778
		*TM_POS 52.8026	-178.65	232.778
		*TM_ROTAXIS 0.992723	-0.00730998	-0.1202
		*TM_ROTANGLE 1.08592
		*TM_SCALE 1	1	1
		*TM_SCALEAXIS 0	0	0
		*TM_SCALEAXISANG 0	0	0
	}
}
*HELPEROBJECT {
	*NODE_NAME "Bip01 L Claw2"
	*NODE_PARENT "Bip01 L Claw1"
	*NODE_TM {
		*NODE_NAME "Bip01 L Claw2"
		*TM_ROW0 0.992258	0.10247	-0.0701749
		*TM_ROW1 -0.0686321	0.923333	0.377817
		*TM_ROW2 0.10351	-0.370076	0.923217
		*TM_ROW3 56.4626	-193.915	262.241
		*TM_POS 56.4626	-193.915	262.241
		*TM_ROTAXIS -0.950756	-0.220796	-0.217513
		*TM_ROTANGLE 0.404234
		*TM_SCALE 1	1	1
		*TM_SCALEAXIS 0	0	0
		*TM_SCALEAXISANG 0	0	0
	}
}
*HELPEROBJECT {
	*NODE_NAME "Bip01 R Claw"
	*NODE_PARENT "Bip01 Spine2"
	*NODE_TM {
		*NODE_NAME "Bip01 R Claw"
		*TM_ROW0 0.893128	-0.380829	0.239356
		*TM_ROW1 -0.417047	-0.900458	0.123482
		*TM_ROW2 0.168505	-0.210107	-0.963048
		*TM_ROW3 -22.6243	-112.434	224.487
		*TM_POS -22.6243	-112.434	224.487
		*TM_ROTAXIS 0.97271	-0.206595	0.105608
		*TM_ROTANGLE 3.31392
		*TM_SCALE 1	1	1
		*TM_SCALEAXIS 0	0	0
		*TM_SCALEAXISANG 0	0	0
	}
}
*HELPEROBJECT {
	*NODE_NAME "Bip01 R Claw1"
	*NODE_PARENT "Bip01 R Claw"
	*NODE_TM {
		*NODE_NAME "Bip01 R Claw1"
		*TM_ROW0 0.992256	-0.102477	0.0701875
		*TM_ROW1 -0.110233	-0.466129	0.877823
		*TM_ROW2 -0.0572401	-0.878762	-0.473815
		*TM_ROW3 -53.0807	-178.65	232.777
		*TM_POS -53.0807	-178.65	232.777
		*TM_ROTAXIS -0.997369	0.072352	-0.00440405
		*TM_ROTANGLE 2.06445
		*TM_SCALE 1	1	1
		*TM_SCALEAXIS 0	0	0
		*TM_SCALEAXISANG 0	0	0
	}
}
*HELPEROBJECT {
	*NODE_NAME "Bip01 R Claw2"
	*NODE_PARENT "Bip01 R Claw1"
	*NODE_TM {
		*NODE_NAME "Bip01 R Claw2"
		*TM_ROW0 0.992256	-0.102478	0.0701863
		*TM_ROW1 -0.0686352	-0.923332	-0.377818
		*TM_ROW2 0.103523	0.370075	-0.923216
		*TM_ROW3 -56.7412	-193.914	262.24
		*TM_POS -56.7412	-193.914	262.24
		*TM_ROTAXIS 0.997989	-0.044485	0.04516
		*TM_ROTANGLE 2.75752
		*TM_SCALE 1	1	1
		*TM_SCALEAXIS 0	0	0
		*TM_SCALEAXISANG 0	0	0
	}
}
*HELPEROBJECT {
	*NODE_NAME "Bip01 Spine3"
	*NODE_PARENT "Bip01 Spine2"
	*NODE_TM {
		*NODE_NAME "Bip01 Spine3"
		*TM_ROW0 -6.24616e-006	-0.225728	0.97419
		*TM_ROW1 -4.24683e-006	-0.97419	-0.225728
		*TM_ROW2 1	-5.53578e-006	4.89991e-006
		*TM_ROW3 -0.000271022	-110.289	201.697
		*TM_POS -0.000271022	-110.289	201.697
		*TM_ROTAXIS -0.704805	0.080589	-0.704809
		*TM_ROTANGLE 3.30242
		*TM_SCALE 1	1	1
		*TM_SCALEAXIS 0	0	0
		*TM_SCALEAXISANG 0	0	0
	}
}
*HELPEROBJECT {
	*NODE_NAME "Bip01 Neck"
	*NODE_PARENT "Bip01 Spine3"
	*NODE_TM {
		*NODE_NAME "Bip01 Neck"
		*TM_ROW0 -6.03807e-006	-0.680267	0.732965
		*TM_ROW1 -4.47034e-007	-0.732964	-0.680267
		*TM_ROW2 1	-4.50015e-006	4.27354e-006
		*TM_ROW3 -0.000368011	-114.29	219.009
		*TM_POS -0.000368011	-114.29	219.009
		*TM_ROTAXIS -0.681344	0.26746	-0.681348
		*TM_ROTANGLE 3.66427
		*TM_SCALE 1	1	1
		*TM_SCALEAXIS 0	0	0
		*TM_SCALEAXISANG 0	0	0
	}
}
*HELPEROBJECT {
	*NODE_NAME "Bip01 Neck1"
	*NODE_PARENT "Bip01 Neck"
	*NODE_TM {
		*NODE_NAME "Bip01 Neck1"
		*TM_ROW0 -5.03561e-006	-0.431825	0.901958
		*TM_ROW1 -3.68059e-006	-0.901957	-0.431825
		*TM_ROW2 1	-5.52833e-006	3.13023e-006
		*TM_ROW3 -0.000448018	-124.304	229.821
		*TM_POS -0.000448018	-124.304	229.821
		*TM_ROTAXIS -0.698165	0.158515	-0.698168
		*TM_ROTANGLE 3.456
		*TM_SCALE 1	1	1
		*TM_SCALEAXIS 0	0	0
		*TM_SCALEAXISANG 0	0	0
	}
}
*HELPEROBJECT {
	*NODE_NAME "Bip01 Head"
	*NODE_PARENT "Bip01 Neck1"
	*NODE_TM {
		*NODE_NAME "Bip01 Head"
		*TM_ROW0 1.21699e-006	-0.965925	0.258821
		*TM_ROW1 -2.6226e-006	-0.25882	-0.965926
		*TM_ROW2 1	3.87431e-007	-2.77652e-006
		*TM_ROW3 -0.000561007	-132.997	247.977
		*TM_POS -0.000561007	-132.997	247.977
		*TM_ROTAXIS 0.621516	-0.476905	0.621514
		*TM_ROTANGLE 2.25159
		*TM_SCALE 1	1	1
		*TM_SCALEAXIS 0	0	0
		*TM_SCALEAXISANG 0	0	0
	}
}
*HELPEROBJECT {
	*NODE_NAME "Bip01 Zange-L"
	*NODE_PARENT "Bip01 Head"
	*NODE_TM {
		*NODE_NAME "Bip01 Zange-L"
		*TM_ROW0 0.999848	0.0174521	1.76156e-008
		*TM_ROW1 -0.0174521	0.999847	-2.96956e-008
		*TM_ROW2 -1.76036e-008	-2.45723e-007	1
		*TM_ROW3 12.2142	-142.736	229.796
		*TM_POS 12.2142	-142.736	229.796
		*TM_ROTAXIS -6.18913e-006	1.00903e-006	-1
		*TM_ROTANGLE 0.0174557
		*TM_SCALE 1	1	1
		*TM_SCALEAXIS 0	0	0
		*TM_SCALEAXISANG 0	0	0
	}
}
*HELPEROBJECT {
	*NODE_NAME "Bip01 Zange-R"
	*NODE_PARENT "Bip01 Head"
	*NODE_TM {
		*NODE_NAME "Bip01 Zange-R"
		*TM_ROW0 0.999848	0.0174521	1.76156e-008
		*TM_ROW1 -0.0174521	0.999847	-2.96956e-008
		*TM_ROW2 -1.76036e-008	-2.45723e-007	1
		*TM_ROW3 -14.5363	-142.736	229.796
		*TM_POS -14.5363	-142.736	229.796
		*TM_ROTAXIS -6.18913e-006	1.00903e-006	-1
		*TM_ROTANGLE 0.0174557
		*TM_SCALE 1	1	1
		*TM_SCALEAXIS 0	0	0
		*TM_SCALEAXISANG 0	0	0
	}
}
*HELPEROBJECT {
	*NODE_NAME "Bip01 L Clavicle"
	*NODE_PARENT "Bip01 Neck"
	*NODE_TM {
		*NODE_NAME "Bip01 L Clavicle"
		*TM_ROW0 0.999676	0.00572574	-0.0248068
		*TM_ROW1 1.329e-006	0.97437	0.224951
		*TM_ROW2 0.025459	-0.224878	0.974054
		*TM_ROW3 37.7049	-108.299	190.878
		*TM_POS 37.7049	-108.299	190.878
		*TM_ROTAXIS -0.993735	-0.111044	-0.012646
		*TM_ROTANGLE 0.228311
		*TM_SCALE 1	1	1
		*TM_SCALEAXIS 0	0	0
		*TM_SCALEAXISANG 0	0	0
	}
}
*HELPEROBJECT {
	*NODE_NAME "Bip01 L UpperArm"
	*NODE_PARENT "Bip01 L Clavicle"
	*NODE_TM {
		*NODE_NAME "Bip01 L UpperArm"
		*TM_ROW0 0.374912	-0.91916	-0.12077
		*TM_ROW1 -0.0438396	-0.147705	0.988059
		*TM_ROW2 -0.926023	-0.365141	-0.0956719
		*TM_ROW3 47.0618	-108.245	190.645
		*TM_POS 47.0618	-108.245	190.645
		*TM_ROTAXIS -0.75111	0.446965	0.485857
		*TM_ROTANGLE 2.01998
		*TM_SCALE 1	1	1
		*TM_SCALEAXIS 0	0	0
		*TM_SCALEAXISANG 0	0	0
	}
}
*HELPEROBJECT {
	*NODE_NAME "Bip01 L Forearm"
	*NODE_PARENT "Bip01 L UpperArm"
	*NODE_TM {
		*NODE_NAME "Bip01 L Forearm"
		*TM_ROW0 0.215242	-0.302588	-0.928499
		*TM_ROW1 0.310084	-0.880404	0.358798
		*TM_ROW2 -0.926023	-0.365141	-0.0956721
		*TM_ROW3 63.418	-148.345	185.377
		*TM_POS 63.418	-148.345	185.377
		*TM_ROTAXIS 0.763327	0.00261107	-0.646007
		*TM_ROTANGLE 3.63565
		*TM_SCALE 1	1	1
		*TM_SCALEAXIS 0	0	0
		*TM_SCALEAXISANG 0	0	0
	}
}
*HELPEROBJECT {
	*NODE_NAME "Bip01 L Hand"
	*NODE_PARENT "Bip01 L Forearm"
	*NODE_TM {
		*NODE_NAME "Bip01 L Hand"
		*TM_ROW0 -0.464528	-0.319333	-0.825978
		*TM_ROW1 0.176027	0.880811	-0.439529
		*TM_ROW2 0.867887	-0.349568	-0.35295
		*TM_ROW3 82.2851	-174.869	103.988
		*TM_POS 82.2851	-174.869	103.988
		*TM_ROTAXIS 0.050909	-0.958555	0.280323
		*TM_ROTANGLE 2.0582
		*TM_SCALE 1	1	1
		*TM_SCALEAXIS 0	0	0
		*TM_SCALEAXISANG 0	0	0
	}
}
*HELPEROBJECT {
	*NODE_NAME "Bip01 R Clavicle"
	*NODE_PARENT "Bip01 Neck"
	*NODE_TM {
		*NODE_NAME "Bip01 R Clavicle"
		*TM_ROW0 -0.999676	0.00573171	-0.0248167
		*TM_ROW1 2.26498e-006	0.97437	0.224951
		*TM_ROW2 0.02547	0.224878	-0.974054
		*TM_ROW3 -39.0845	-109.3	195.215
		*TM_POS -39.0845	-109.3	195.215
		*TM_ROTAXIS 0.001443	0.993571	0.113203
		*TM_ROTANGLE 3.1669
		*TM_SCALE 1	1	1
		*TM_SCALEAXIS 0	0	0
		*TM_SCALEAXISANG 0	0	0
	}
}
*HELPEROBJECT {
	*NODE_NAME "Bip01 R UpperArm"
	*NODE_PARENT "Bip01 R Clavicle"
	*NODE_TM {
		*NODE_NAME "Bip01 R UpperArm"
		*TM_ROW0 -0.374907	-0.919163	-0.120766
		*TM_ROW1 0.0438396	-0.147699	0.98806
		*TM_ROW2 -0.926025	0.365136	0.0956693
		*TM_ROW3 -48.4414	-109.247	194.983
		*TM_POS -48.4414	-109.247	194.983
		*TM_ROTAXIS 0.444509	-0.574621	-0.687184
		*TM_ROTANGLE 3.91795
		*TM_SCALE 1	1	1
		*TM_SCALEAXIS 0	0	0
		*TM_SCALEAXISANG 0	0	0
	}
}
*HELPEROBJECT {
	*NODE_NAME "Bip01 R Forearm"
	*NODE_PARENT "Bip01 R UpperArm"
	*NODE_TM {
		*NODE_NAME "Bip01 R Forearm"
		*TM_ROW0 -0.215239	-0.30259	-0.9285
		*TM_ROW1 -0.31008	-0.880406	0.358798
		*TM_ROW2 -0.926026	0.365136	0.0956704
		*TM_ROW3 -64.7974	-149.347	189.714
		*TM_POS -64.7974	-149.347	189.714
		*TM_ROTAXIS 0.6264	-0.244522	-0.740157
		*TM_ROTANGLE 3.13653
		*TM_SCALE 1	1	1
		*TM_SCALEAXIS 0	0	0
		*TM_SCALEAXISANG 0	0	0
	}
}
*HELPEROBJECT {
	*NODE_NAME "Bip01 R Hand"
	*NODE_PARENT "Bip01 R Forearm"
	*NODE_TM {
		*NODE_NAME "Bip01 R Hand"
		*TM_ROW0 0.464529	-0.319332	-0.825979
		*TM_ROW1 -0.17603	0.880811	-0.43953
		*TM_ROW2 0.867886	0.349571	0.35295
		*TM_ROW3 -83.6642	-175.871	108.326
		*TM_POS -83.6642	-175.871	108.326
		*TM_ROTAXIS 0.421047	-0.90381	0.0764628
		*TM_ROTANGLE 1.21414
		*TM_SCALE 1	1	1
		*TM_SCALEAXIS 0	0	0
		*TM_SCALEAXISANG 0	0	0
	}
}
*HELPEROBJECT {
	*NODE_NAME "Bip01 L Thigh"
	*NODE_PARENT "Bip01 Spine"
	*NODE_TM {
		*NODE_NAME "Bip01 L Thigh"
		*TM_ROW0 0.826876	0.0543465	0.559752
		*TM_ROW1 -0.494109	-0.405124	0.76924
		*TM_ROW2 0.268575	-0.912645	-0.308134
		*TM_ROW3 14.616	-76.5578	149.601
		*TM_POS 14.616	-76.5578	149.601
		*TM_ROTAXIS -0.938105	0.16241	-0.305912
		*TM_ROTANGLE 2.02995
		*TM_SCALE 1	1	1
		*TM_SCALEAXIS 0	0	0
		*TM_SCALEAXISANG 0	0	0
	}
}
*HELPEROBJECT {
	*NODE_NAME "Bip01 L Calf"
	*NODE_PARENT "Bip01 L Thigh"
	*NODE_TM {
		*NODE_NAME "Bip01 L Calf"
		*TM_ROW0 0.202108	0.366158	-0.908339
		*TM_ROW1 0.941817	0.18168	0.282794
		*TM_ROW2 0.268574	-0.912645	-0.308135
		*TM_ROW3 72.5859	-72.7478	188.843
		*TM_POS 72.5859	-72.7478	188.843
		*TM_ROTAXIS -0.674026	-0.663581	0.324575
		*TM_ROTANGLE 2.05124
		*TM_SCALE 1	1	1
		*TM_SCALEAXIS 0	0	0
		*TM_SCALEAXISANG 0	0	0
	}
}
*HELPEROBJECT {
	*NODE_NAME "Bip01 L Foot"
	*NODE_PARENT "Bip01 L Calf"
	*NODE_TM {
		*NODE_NAME "Bip01 L Foot"
		*TM_ROW0 1.10315e-007	-1.01198e-006	-1
		*TM_ROW1 1.12385e-006	-1	1.12293e-006
		*TM_ROW2 -1	-1.06544e-006	2.05378e-007
		*TM_ROW3 90.3169	-40.6246	109.154
		*TM_POS 90.3169	-40.6246	109.154
		*TM_ROTAXIS 0.707107	-2.03279e-008	-0.707107
		*TM_ROTANGLE 3.14159
		*TM_SCALE 1	1	1
		*TM_SCALEAXIS 0	0	0
		*TM_SCALEAXISANG 0	0	0
	}
}
*HELPEROBJECT {
	*NODE_NAME "Bip01 L Toe0"
	*NODE_PARENT "Bip01 L Foot"
	*NODE_TM {
		*NODE_NAME "Bip01 L Toe0"
		*TM_ROW0 1.82193e-006	-1	9.40468e-008
		*TM_ROW1 9.83027e-008	4.11259e-008	1
		*TM_ROW2 -1	-1.67568e-006	2.33612e-007
		*TM_ROW3 90.3169	-47.2846	100.874
		*TM_POS 90.3169	-47.2846	100.874
		*TM_ROTAXIS -0.577351	0.57735	0.57735
		*TM_ROTANGLE 2.09439
		*TM_SCALE 1	1	1
		*TM_SCALEAXIS 0	0	0
		*TM_SCALEAXISANG 0	0	0
	}
}
*HELPEROBJECT {
	*NODE_NAME "Bip01 R Thigh"
	*NODE_PARENT "Bip01 Spine"
	*NODE_TM {
		*NODE_NAME "Bip01 R Thigh"
		*TM_ROW0 -0.825808	0.0537192	0.561387
		*TM_ROW1 0.495677	-0.405635	0.767962
		*TM_ROW2 0.268973	0.912455	0.308349
		*TM_ROW3 -14.6159	-76.5579	149.601
		*TM_POS -14.6159	-76.5579	149.601
		*TM_ROTAXIS -0.263059	-0.532358	-0.804609
		*TM_ROTANGLE 3.41981
		*TM_SCALE 1	1	1
		*TM_SCALEAXIS 0	0	0
		*TM_SCALEAXISANG 0	0	0
	}
}
*HELPEROBJECT {
	*NODE_NAME "Bip01 R Calf"
	*NODE_PARENT "Bip01 R Thigh"
	*NODE_TM {
		*NODE_NAME "Bip01 R Calf"
		*TM_ROW0 -0.202964	0.366655	-0.907948
		*TM_ROW1 -0.94152	0.18163	0.283816
		*TM_ROW2 0.268973	0.912455	0.308349
		*TM_ROW3 -72.5109	-72.7917	188.958
		*TM_POS -72.5109	-72.7917	188.958
		*TM_ROTAXIS 0.336423	-0.629842	-0.700084
		*TM_ROTANGLE 1.93531
		*TM_SCALE 1	1	1
		*TM_SCALEAXIS 0	0	0
		*TM_SCALEAXISANG 0	0	0
	}
}
*HELPEROBJECT {
	*NODE_NAME "Bip01 R Foot"
	*NODE_PARENT "Bip01 R Calf"
	*NODE_TM {
		*NODE_NAME "Bip01 R Foot"
		*TM_ROW0 1.65748e-007	4.37948e-007	-1
		*TM_ROW1 2.53417e-006	-1	-3.72229e-007
		*TM_ROW2 -1	-2.50511e-006	1.28237e-007
		*TM_ROW3 -90.3171	-40.6249	109.303
		*TM_POS -90.3171	-40.6249	109.303
		*TM_ROTAXIS 0.707107	1.0508e-006	-0.707107
		*TM_ROTANGLE 3.14159
		*TM_SCALE 1	1	1
		*TM_SCALEAXIS 0	0	0
		*TM_SCALEAXISANG 0	0	0
	}
}
*HELPEROBJECT {
	*NODE_NAME "Bip01 R Toe0"
	*NODE_PARENT "Bip01 R Foot"
	*NODE_TM {
		*NODE_NAME "Bip01 R Toe0"
		*TM_ROW0 1.81803e-006	-1	1.30971e-008
		*TM_ROW1 4.28692e-008	5.41508e-009	1
		*TM_ROW2 -1	-1.70114e-006	1.56471e-007
		*TM_ROW3 -90.317	-47.2849	101.023
		*TM_POS -90.317	-47.2849	101.023
		*TM_ROTAXIS -0.577351	0.57735	0.57735
		*TM_ROTANGLE 2.09439
		*TM_SCALE 1	1	1
		*TM_SCALEAXIS 0	0	0
		*TM_SCALEAXISANG 0	0	0
	}
}
*GEOMOBJECT {
	*NODE_NAME "zm_Frill"
	*NODE_PARENT "Bip01 Spine"
	*NODE_TM {
		*NODE_NAME "zm_Frill"
		*TM_ROW0 -5.06123e-006	-0.636693	0.771117
		*TM_ROW1 -2.02656e-006	-0.771117	-0.636693
		*TM_ROW2 1	-4.79817e-006	2.62777e-006
		*TM_ROW3 2.39912e-005	-80.4507	158.031
		*TM_POS 2.39912e-005	-80.4507	158.031
		*TM_ROTAXIS -0.685311	0.246362	-0.685314
		*TM_ROTANGLE 3.62469
		*TM_SCALE 1	1	1
		*TM_SCALEAXIS 0	0	0
		*TM_SCALEAXISANG 0	0	0
	}
	*MATERIAL_REF 0
	*MESH {
		*TIMEVALUE 0
		*MESH_NUMVERTEX 63
		*MESH_NUMFACES 122
		*MESH_VERTEX_LIST {
			*MESH_VERTEX 0	-49.6739	-110.355	189.718
			*MESH_VERTEX 1	-0.138162	-23.1243	142.032
			*MESH_VERTEX 2	-0.138162	-141.065	271.495
			*MESH_VERTEX 3	-49.5796	-98.2301	250.363
			*MESH_VERTEX 4	-0.138162	-50.9434	248.527
			*MESH_VERTEX 5	57.0349	-106.102	223.44
			*MESH_VERTEX 6	26.7	-81.4706	150.139
			*MESH_VERTEX 7	-26.5025	-115.48	228.264
			*MESH_VERTEX 8	-0.138162	-133.332	220.998
			*MESH_VERTEX 9	39.3298	-31.3545	184.735
			*MESH_VERTEX 10	-26.9763	-81.4706	150.139
			*MESH_VERTEX 11	-39.6061	-31.3545	184.735
			*MESH_VERTEX 12	49.3033	-98.2301	250.363
			*MESH_VERTEX 13	-0.138162	-17.4175	198.123
			*MESH_VERTEX 14	26.2262	-115.48	228.264
			*MESH_VERTEX 15	49.3976	-110.355	189.718
			*MESH_VERTEX 16	-57.3112	-106.102	223.44
			*MESH_VERTEX 17	-42.5134	-136.7	244.439
			*MESH_VERTEX 18	42.237	-136.7	244.439
			*MESH_VERTEX 19	45.2939	-53.5017	174.739
			*MESH_VERTEX 20	47.2936	-106.08	210.594
			*MESH_VERTEX 21	41.576	-90.8618	178.563
			*MESH_VERTEX 22	-45.5702	-53.5017	174.739
			*MESH_VERTEX 23	-47.5699	-106.08	210.594
			*MESH_VERTEX 24	-41.8524	-90.8618	178.563
			*MESH_VERTEX 25	-14.8327	-64.8825	146.989
			*MESH_VERTEX 26	14.5564	-64.8825	146.989
			*MESH_VERTEX 27	-24.5466	-35.8285	148.882
			*MESH_VERTEX 28	-0.138162	-116.199	182.524
			*MESH_VERTEX 29	-0.138162	-95.1346	170.101
			*MESH_VERTEX 30	24.2703	-35.8285	148.882
			*MESH_VERTEX 31	-0.138162	-99.4339	271.565
			*MESH_VERTEX 32	-46.5948	-59.1993	224.068
			*MESH_VERTEX 33	46.3185	-59.1993	224.068
			*MESH_VERTEX 34	-0.138162	-81.7213	146.486
			*MESH_VERTEX 35	-0.138162	-66.7249	142.716
			*MESH_VERTEX 36	20.8809	-24.574	157.346
			*MESH_VERTEX 37	-21.1572	-24.574	157.346
			*MESH_VERTEX 38	31.5589	-137.173	257.686
			*MESH_VERTEX 39	-31.8352	-137.173	257.686
			*MESH_VERTEX 40	-0.138162	-14.3439	165.039
			*MESH_VERTEX 41	42.2844	-85.5508	185.814
			*MESH_VERTEX 42	-42.5608	-85.5508	185.814
			*MESH_VERTEX 43	-29.0301	-63.3613	163.4
			*MESH_VERTEX 44	28.7538	-63.3613	163.4
			*MESH_VERTEX 45	-0.138162	-118.999	231.289
			*MESH_VERTEX 46	25.0801	-120.253	216.79
			*MESH_VERTEX 47	-25.3564	-120.253	216.79
			*MESH_VERTEX 48	-54.5302	-74.4186	203.88
			*MESH_VERTEX 49	54.2538	-74.4186	203.88
			*MESH_VERTEX 50	28.18	-97.6859	264.386
			*MESH_VERTEX 51	-28.4563	-97.6859	264.386
			*MESH_VERTEX 52	-0.138162	-48.9135	148.739
			*MESH_VERTEX 53	26.2133	-53.3051	239.133
			*MESH_VERTEX 54	-26.4897	-53.3051	239.133
			*MESH_VERTEX 55	-11.8972	-17.3595	162.771
			*MESH_VERTEX 56	11.6209	-17.3595	162.771
			*MESH_VERTEX 57	-17.9738	-50.9613	149.702
			*MESH_VERTEX 58	17.6975	-50.9613	149.702
			*MESH_VERTEX 59	22.3746	-22.6408	191.279
			*MESH_VERTEX 60	-22.6509	-22.6408	191.279
			*MESH_VERTEX 61	-15.4673	-138.965	266.214
			*MESH_VERTEX 62	15.191	-138.965	266.214
		}
		*MESH_FACE_LIST {
			*MESH_FACE    0:    A:    29 B:    10 C:    34 AB:    1 BC:    1 CA:    1	 *MESH_SMOOTHING 1 	*MESH_MTLID 0
			*MESH_FACE    1:    A:    16 B:    32 C:    48 AB:    1 BC:    1 CA:    1	 *MESH_SMOOTHING 1 	*MESH_MTLID 0
			*MESH_FACE    2:    A:    39 B:    61 C:    51 AB:    1 BC:    1 CA:    1	 *MESH_SMOOTHING 1 	*MESH_MTLID 0
			*MESH_FACE    3:    A:    54 B:    13 C:    60 AB:    1 BC:    1 CA:    1	 *MESH_SMOOTHING 1 	*MESH_MTLID 0
			*MESH_FACE    4:    A:    51 B:    31 C:    4 AB:    1 BC:    1 CA:    1	 *MESH_SMOOTHING 1 	*MESH_MTLID 0
			*MESH_FACE    5:    A:    53 B:    59 C:    13 AB:    1 BC:    1 CA:    1	 *MESH_SMOOTHING 1 	*MESH_MTLID 0
			*MESH_FACE    6:    A:    45 B:    38 C:    62 AB:    1 BC:    1 CA:    1	 *MESH_SMOOTHING 1 	*MESH_MTLID 0
			*MESH_FACE    7:    A:    50 B:    4 C:    31 AB:    1 BC:    1 CA:    1	 *MESH_SMOOTHING 1 	*MESH_MTLID 0
			*MESH_FACE    8:    A:    41 B:    44 C:    19 AB:    1 BC:    1 CA:    1	 *MESH_SMOOTHING 1 	*MESH_MTLID 0
			*MESH_FACE    9:    A:    52 B:    57 C:    27 AB:    1 BC:    1 CA:    1	 *MESH_SMOOTHING 1 	*MESH_MTLID 0
			*MESH_FACE    10:    A:    45 B:    61 C:    39 AB:    1 BC:    1 CA:    1	 *MESH_SMOOTHING 1 	*MESH_MTLID 0
			*MESH_FACE    11:    A:    8 B:    0 C:    28 AB:    1 BC:    1 CA:    1	 *MESH_SMOOTHING 1 	*MESH_MTLID 0
			*MESH_FACE    12:    A:    45 B:    8 C:    46 AB:    1 BC:    1 CA:    1	 *MESH_SMOOTHING 1 	*MESH_MTLID 0
			*MESH_FACE    13:    A:    8 B:    47 C:    0 AB:    1 BC:    1 CA:    1	 *MESH_SMOOTHING 1 	*MESH_MTLID 0
			*MESH_FACE    14:    A:    59 B:    40 C:    13 AB:    1 BC:    1 CA:    1	 *MESH_SMOOTHING 1 	*MESH_MTLID 0
			*MESH_FACE    15:    A:    44 B:    30 C:    19 AB:    1 BC:    1 CA:    1	 *MESH_SMOOTHING 1 	*MESH_MTLID 0
			*MESH_FACE    16:    A:    29 B:    24 C:    10 AB:    1 BC:    1 CA:    1	 *MESH_SMOOTHING 1 	*MESH_MTLID 0
			*MESH_FACE    17:    A:    42 B:    22 C:    43 AB:    1 BC:    1 CA:    1	 *MESH_SMOOTHING 1 	*MESH_MTLID 0
			*MESH_FACE    18:    A:    60 B:    13 C:    40 AB:    1 BC:    1 CA:    1	 *MESH_SMOOTHING 1 	*MESH_MTLID 0
			*MESH_FACE    19:    A:    43 B:    22 C:    27 AB:    1 BC:    1 CA:    1	 *MESH_SMOOTHING 1 	*MESH_MTLID 0
			*MESH_FACE    20:    A:    38 B:    50 C:    62 AB:    1 BC:    1 CA:    1	 *MESH_SMOOTHING 1 	*MESH_MTLID 0
			*MESH_FACE    21:    A:    5 B:    49 C:    33 AB:    1 BC:    1 CA:    1	 *MESH_SMOOTHING 1 	*MESH_MTLID 0
			*MESH_FACE    22:    A:    53 B:    13 C:    4 AB:    1 BC:    1 CA:    1	 *MESH_SMOOTHING 1 	*MESH_MTLID 0
			*MESH_FACE    23:    A:    54 B:    4 C:    13 AB:    1 BC:    1 CA:    1	 *MESH_SMOOTHING 1 	*MESH_MTLID 0
			*MESH_FACE    24:    A:    45 B:    14 C:    38 AB:    1 BC:    1 CA:    1	 *MESH_SMOOTHING 1 	*MESH_MTLID 0
			*MESH_FACE    25:    A:    8 B:    15 C:    46 AB:    1 BC:    1 CA:    1	 *MESH_SMOOTHING 1 	*MESH_MTLID 0
			*MESH_FACE    26:    A:    46 B:    15 C:    20 AB:    1 BC:    1 CA:    1	 *MESH_SMOOTHING 1 	*MESH_MTLID 0
			*MESH_FACE    27:    A:    20 B:    41 C:    49 AB:    1 BC:    1 CA:    1	 *MESH_SMOOTHING 1 	*MESH_MTLID 0
			*MESH_FACE    28:    A:    23 B:    48 C:    42 AB:    1 BC:    1 CA:    1	 *MESH_SMOOTHING 1 	*MESH_MTLID 0
			*MESH_FACE    29:    A:    47 B:    23 C:    0 AB:    1 BC:    1 CA:    1	 *MESH_SMOOTHING 1 	*MESH_MTLID 0
			*MESH_FACE    30:    A:    7 B:    17 C:    16 AB:    1 BC:    1 CA:    1	 *MESH_SMOOTHING 1 	*MESH_MTLID 0
			*MESH_FACE    31:    A:    17 B:    3 C:    16 AB:    1 BC:    1 CA:    1	 *MESH_SMOOTHING 1 	*MESH_MTLID 0
			*MESH_FACE    32:    A:    14 B:    5 C:    18 AB:    1 BC:    1 CA:    1	 *MESH_SMOOTHING 1 	*MESH_MTLID 0
			*MESH_FACE    33:    A:    18 B:    5 C:    12 AB:    1 BC:    1 CA:    1	 *MESH_SMOOTHING 1 	*MESH_MTLID 0
			*MESH_FACE    34:    A:    19 B:    36 C:    9 AB:    1 BC:    1 CA:    1	 *MESH_SMOOTHING 1 	*MESH_MTLID 0
			*MESH_FACE    35:    A:    49 B:    9 C:    33 AB:    1 BC:    1 CA:    1	 *MESH_SMOOTHING 1 	*MESH_MTLID 0
			*MESH_FACE    36:    A:    14 B:    20 C:    5 AB:    1 BC:    1 CA:    1	 *MESH_SMOOTHING 1 	*MESH_MTLID 0
			*MESH_FACE    37:    A:    20 B:    49 C:    5 AB:    1 BC:    1 CA:    1	 *MESH_SMOOTHING 1 	*MESH_MTLID 0
			*MESH_FACE    38:    A:    15 B:    41 C:    20 AB:    1 BC:    1 CA:    1	 *MESH_SMOOTHING 1 	*MESH_MTLID 0
			*MESH_FACE    39:    A:    28 B:    24 C:    29 AB:    1 BC:    1 CA:    1	 *MESH_SMOOTHING 1 	*MESH_MTLID 0
			*MESH_FACE    40:    A:    22 B:    11 C:    37 AB:    1 BC:    1 CA:    1	 *MESH_SMOOTHING 1 	*MESH_MTLID 0
			*MESH_FACE    41:    A:    48 B:    32 C:    11 AB:    1 BC:    1 CA:    1	 *MESH_SMOOTHING 1 	*MESH_MTLID 0
			*MESH_FACE    42:    A:    7 B:    16 C:    23 AB:    1 BC:    1 CA:    1	 *MESH_SMOOTHING 1 	*MESH_MTLID 0
			*MESH_FACE    43:    A:    23 B:    16 C:    48 AB:    1 BC:    1 CA:    1	 *MESH_SMOOTHING 1 	*MESH_MTLID 0
			*MESH_FACE    44:    A:    28 B:    0 C:    24 AB:    1 BC:    1 CA:    1	 *MESH_SMOOTHING 1 	*MESH_MTLID 0
			*MESH_FACE    45:    A:    0 B:    23 C:    42 AB:    1 BC:    1 CA:    1	 *MESH_SMOOTHING 1 	*MESH_MTLID 0
			*MESH_FACE    46:    A:    34 B:    10 C:    25 AB:    1 BC:    1 CA:    1	 *MESH_SMOOTHING 1 	*MESH_MTLID 0
			*MESH_FACE    47:    A:    24 B:    43 C:    10 AB:    1 BC:    1 CA:    1	 *MESH_SMOOTHING 1 	*MESH_MTLID 0
			*MESH_FACE    48:    A:    21 B:    6 C:    44 AB:    1 BC:    1 CA:    1	 *MESH_SMOOTHING 1 	*MESH_MTLID 0
			*MESH_FACE    49:    A:    34 B:    25 C:    35 AB:    1 BC:    1 CA:    1	 *MESH_SMOOTHING 1 	*MESH_MTLID 0
			*MESH_FACE    50:    A:    22 B:    37 C:    27 AB:    1 BC:    1 CA:    1	 *MESH_SMOOTHING 1 	*MESH_MTLID 0
			*MESH_FACE    51:    A:    52 B:    27 C:    1 AB:    1 BC:    1 CA:    1	 *MESH_SMOOTHING 1 	*MESH_MTLID 0
			*MESH_FACE    52:    A:    8 B:    28 C:    15 AB:    1 BC:    1 CA:    1	 *MESH_SMOOTHING 1 	*MESH_MTLID 0
			*MESH_FACE    53:    A:    28 B:    21 C:    15 AB:    1 BC:    1 CA:    1	 *MESH_SMOOTHING 1 	*MESH_MTLID 0
			*MESH_FACE    54:    A:    28 B:    29 C:    21 AB:    1 BC:    1 CA:    1	 *MESH_SMOOTHING 1 	*MESH_MTLID 0
			*MESH_FACE    55:    A:    29 B:    6 C:    21 AB:    1 BC:    1 CA:    1	 *MESH_SMOOTHING 1 	*MESH_MTLID 0
			*MESH_FACE    56:    A:    19 B:    30 C:    36 AB:    1 BC:    1 CA:    1	 *MESH_SMOOTHING 1 	*MESH_MTLID 0
			*MESH_FACE    57:    A:    52 B:    1 C:    30 AB:    1 BC:    1 CA:    1	 *MESH_SMOOTHING 1 	*MESH_MTLID 0
			*MESH_FACE    58:    A:    62 B:    50 C:    31 AB:    1 BC:    1 CA:    1	 *MESH_SMOOTHING 1 	*MESH_MTLID 0
			*MESH_FACE    59:    A:    61 B:    31 C:    51 AB:    1 BC:    1 CA:    1	 *MESH_SMOOTHING 1 	*MESH_MTLID 0
			*MESH_FACE    60:    A:    16 B:    3 C:    32 AB:    1 BC:    1 CA:    1	 *MESH_SMOOTHING 1 	*MESH_MTLID 0
			*MESH_FACE    61:    A:    51 B:    4 C:    54 AB:    1 BC:    1 CA:    1	 *MESH_SMOOTHING 1 	*MESH_MTLID 0
			*MESH_FACE    62:    A:    5 B:    33 C:    12 AB:    1 BC:    1 CA:    1	 *MESH_SMOOTHING 1 	*MESH_MTLID 0
			*MESH_FACE    63:    A:    50 B:    53 C:    4 AB:    1 BC:    1 CA:    1	 *MESH_SMOOTHING 1 	*MESH_MTLID 0
			*MESH_FACE    64:    A:    29 B:    34 C:    6 AB:    1 BC:    1 CA:    1	 *MESH_SMOOTHING 1 	*MESH_MTLID 0
			*MESH_FACE    65:    A:    34 B:    26 C:    6 AB:    1 BC:    1 CA:    1	 *MESH_SMOOTHING 1 	*MESH_MTLID 0
			*MESH_FACE    66:    A:    34 B:    35 C:    26 AB:    1 BC:    1 CA:    1	 *MESH_SMOOTHING 1 	*MESH_MTLID 0
			*MESH_FACE    67:    A:    52 B:    35 C:    25 AB:    1 BC:    1 CA:    1	 *MESH_SMOOTHING 1 	*MESH_MTLID 0
			*MESH_FACE    68:    A:    9 B:    36 C:    56 AB:    1 BC:    1 CA:    1	 *MESH_SMOOTHING 1 	*MESH_MTLID 0
			*MESH_FACE    69:    A:    1 B:    36 C:    30 AB:    1 BC:    1 CA:    1	 *MESH_SMOOTHING 1 	*MESH_MTLID 0
			*MESH_FACE    70:    A:    11 B:    55 C:    37 AB:    1 BC:    1 CA:    1	 *MESH_SMOOTHING 1 	*MESH_MTLID 0
			*MESH_FACE    71:    A:    1 B:    27 C:    37 AB:    1 BC:    1 CA:    1	 *MESH_SMOOTHING 1 	*MESH_MTLID 0
			*MESH_FACE    72:    A:    38 B:    14 C:    18 AB:    1 BC:    1 CA:    1	 *MESH_SMOOTHING 1 	*MESH_MTLID 0
			*MESH_FACE    73:    A:    18 B:    12 C:    38 AB:    1 BC:    1 CA:    1	 *MESH_SMOOTHING 1 	*MESH_MTLID 0
			*MESH_FACE    74:    A:    39 B:    17 C:    7 AB:    1 BC:    1 CA:    1	 *MESH_SMOOTHING 1 	*MESH_MTLID 0
			*MESH_FACE    75:    A:    17 B:    39 C:    3 AB:    1 BC:    1 CA:    1	 *MESH_SMOOTHING 1 	*MESH_MTLID 0
			*MESH_FACE    76:    A:    1 B:    56 C:    36 AB:    1 BC:    1 CA:    1	 *MESH_SMOOTHING 1 	*MESH_MTLID 0
			*MESH_FACE    77:    A:    1 B:    37 C:    55 AB:    1 BC:    1 CA:    1	 *MESH_SMOOTHING 1 	*MESH_MTLID 0
			*MESH_FACE    78:    A:    15 B:    21 C:    41 AB:    1 BC:    1 CA:    1	 *MESH_SMOOTHING 1 	*MESH_MTLID 0
			*MESH_FACE    79:    A:    21 B:    44 C:    41 AB:    1 BC:    1 CA:    1	 *MESH_SMOOTHING 1 	*MESH_MTLID 0
			*MESH_FACE    80:    A:    0 B:    42 C:    24 AB:    1 BC:    1 CA:    1	 *MESH_SMOOTHING 1 	*MESH_MTLID 0
			*MESH_FACE    81:    A:    24 B:    42 C:    43 AB:    1 BC:    1 CA:    1	 *MESH_SMOOTHING 1 	*MESH_MTLID 0
			*MESH_FACE    82:    A:    10 B:    43 C:    25 AB:    1 BC:    1 CA:    1	 *MESH_SMOOTHING 1 	*MESH_MTLID 0
			*MESH_FACE    83:    A:    43 B:    27 C:    57 AB:    1 BC:    1 CA:    1	 *MESH_SMOOTHING 1 	*MESH_MTLID 0
			*MESH_FACE    84:    A:    6 B:    26 C:    44 AB:    1 BC:    1 CA:    1	 *MESH_SMOOTHING 1 	*MESH_MTLID 0
			*MESH_FACE    85:    A:    44 B:    58 C:    30 AB:    1 BC:    1 CA:    1	 *MESH_SMOOTHING 1 	*MESH_MTLID 0
			*MESH_FACE    86:    A:    45 B:    47 C:    8 AB:    1 BC:    1 CA:    1	 *MESH_SMOOTHING 1 	*MESH_MTLID 0
			*MESH_FACE    87:    A:    45 B:    39 C:    7 AB:    1 BC:    1 CA:    1	 *MESH_SMOOTHING 1 	*MESH_MTLID 0
			*MESH_FACE    88:    A:    45 B:    46 C:    14 AB:    1 BC:    1 CA:    1	 *MESH_SMOOTHING 1 	*MESH_MTLID 0
			*MESH_FACE    89:    A:    46 B:    20 C:    14 AB:    1 BC:    1 CA:    1	 *MESH_SMOOTHING 1 	*MESH_MTLID 0
			*MESH_FACE    90:    A:    45 B:    7 C:    47 AB:    1 BC:    1 CA:    1	 *MESH_SMOOTHING 1 	*MESH_MTLID 0
			*MESH_FACE    91:    A:    47 B:    7 C:    23 AB:    1 BC:    1 CA:    1	 *MESH_SMOOTHING 1 	*MESH_MTLID 0
			*MESH_FACE    92:    A:    42 B:    48 C:    22 AB:    1 BC:    1 CA:    1	 *MESH_SMOOTHING 1 	*MESH_MTLID 0
			*MESH_FACE    93:    A:    48 B:    11 C:    22 AB:    1 BC:    1 CA:    1	 *MESH_SMOOTHING 1 	*MESH_MTLID 0
			*MESH_FACE    94:    A:    41 B:    19 C:    49 AB:    1 BC:    1 CA:    1	 *MESH_SMOOTHING 1 	*MESH_MTLID 0
			*MESH_FACE    95:    A:    49 B:    19 C:    9 AB:    1 BC:    1 CA:    1	 *MESH_SMOOTHING 1 	*MESH_MTLID 0
			*MESH_FACE    96:    A:    38 B:    12 C:    50 AB:    1 BC:    1 CA:    1	 *MESH_SMOOTHING 1 	*MESH_MTLID 0
			*MESH_FACE    97:    A:    12 B:    53 C:    50 AB:    1 BC:    1 CA:    1	 *MESH_SMOOTHING 1 	*MESH_MTLID 0
			*MESH_FACE    98:    A:    39 B:    51 C:    3 AB:    1 BC:    1 CA:    1	 *MESH_SMOOTHING 1 	*MESH_MTLID 0
			*MESH_FACE    99:    A:    3 B:    51 C:    54 AB:    1 BC:    1 CA:    1	 *MESH_SMOOTHING 1 	*MESH_MTLID 0
			*MESH_FACE    100:    A:    52 B:    26 C:    35 AB:    1 BC:    1 CA:    1	 *MESH_SMOOTHING 1 	*MESH_MTLID 0
			*MESH_FACE    101:    A:    52 B:    30 C:    58 AB:    1 BC:    1 CA:    1	 *MESH_SMOOTHING 1 	*MESH_MTLID 0
			*MESH_FACE    102:    A:    12 B:    33 C:    53 AB:    1 BC:    1 CA:    1	 *MESH_SMOOTHING 1 	*MESH_MTLID 0
			*MESH_FACE    103:    A:    33 B:    59 C:    53 AB:    1 BC:    1 CA:    1	 *MESH_SMOOTHING 1 	*MESH_MTLID 0
			*MESH_FACE    104:    A:    3 B:    54 C:    32 AB:    1 BC:    1 CA:    1	 *MESH_SMOOTHING 1 	*MESH_MTLID 0
			*MESH_FACE    105:    A:    32 B:    54 C:    60 AB:    1 BC:    1 CA:    1	 *MESH_SMOOTHING 1 	*MESH_MTLID 0
			*MESH_FACE    106:    A:    60 B:    40 C:    55 AB:    1 BC:    1 CA:    1	 *MESH_SMOOTHING 1 	*MESH_MTLID 0
			*MESH_FACE    107:    A:    1 B:    55 C:    40 AB:    1 BC:    1 CA:    1	 *MESH_SMOOTHING 1 	*MESH_MTLID 0
			*MESH_FACE    108:    A:    59 B:    56 C:    40 AB:    1 BC:    1 CA:    1	 *MESH_SMOOTHING 1 	*MESH_MTLID 0
			*MESH_FACE    109:    A:    1 B:    40 C:    56 AB:    1 BC:    1 CA:    1	 *MESH_SMOOTHING 1 	*MESH_MTLID 0
			*MESH_FACE    110:    A:    43 B:    57 C:    25 AB:    1 BC:    1 CA:    1	 *MESH_SMOOTHING 1 	*MESH_MTLID 0
			*MESH_FACE    111:    A:    52 B:    25 C:    57 AB:    1 BC:    1 CA:    1	 *MESH_SMOOTHING 1 	*MESH_MTLID 0
			*MESH_FACE    112:    A:    44 B:    26 C:    58 AB:    1 BC:    1 CA:    1	 *MESH_SMOOTHING 1 	*MESH_MTLID 0
			*MESH_FACE    113:    A:    52 B:    58 C:    26 AB:    1 BC:    1 CA:    1	 *MESH_SMOOTHING 1 	*MESH_MTLID 0
			*MESH_FACE    114:    A:    33 B:    9 C:    59 AB:    1 BC:    1 CA:    1	 *MESH_SMOOTHING 1 	*MESH_MTLID 0
			*MESH_FACE    115:    A:    9 B:    56 C:    59 AB:    1 BC:    1 CA:    1	 *MESH_SMOOTHING 1 	*MESH_MTLID 0
			*MESH_FACE    116:    A:    32 B:    60 C:    11 AB:    1 BC:    1 CA:    1	 *MESH_SMOOTHING 1 	*MESH_MTLID 0
			*MESH_FACE    117:    A:    11 B:    60 C:    55 AB:    1 BC:    1 CA:    1	 *MESH_SMOOTHING 1 	*MESH_MTLID 0
			*MESH_FACE    118:    A:    45 B:    2 C:    61 AB:    1 BC:    1 CA:    1	 *MESH_SMOOTHING 1 	*MESH_MTLID 0
			*MESH_FACE    119:    A:    61 B:    2 C:    31 AB:    1 BC:    1 CA:    1	 *MESH_SMOOTHING 1 	*MESH_MTLID 0
			*MESH_FACE    120:    A:    45 B:    62 C:    2 AB:    1 BC:    1 CA:    1	 *MESH_SMOOTHING 1 	*MESH_MTLID 0
			*MESH_FACE    121:    A:    62 B:    31 C:    2 AB:    1 BC:    1 CA:    1	 *MESH_SMOOTHING 1 	*MESH_MTLID 0
		}
		*MESH_NUMTVERTEX 47
		*MESH_TVERTLIST {
			*MESH_TVERT 0	0.531499	0.306071	0
			*MESH_TVERT 1	0.677453	0.223045	0
			*MESH_TVERT 2	0.531536	0.213684	0
			*MESH_TVERT 3	0.016269	0.634283	0
			*MESH_TVERT 4	0.150844	0.421011	0
			*MESH_TVERT 5	0.033853	0.409983	0
			*MESH_TVERT 6	0.271214	0.780499	0
			*MESH_TVERT 7	0.384329	0.790854	0
			*MESH_TVERT 8	0.292163	0.676302	0
			*MESH_TVERT 9	0.293218	0.43616	0
			*MESH_TVERT 10	0.485288	0.202863	0
			*MESH_TVERT 11	0.323111	0.199121	0
			*MESH_TVERT 12	0.490063	0.691493	0
			*MESH_TVERT 13	0.485351	0.447349	0
			*MESH_TVERT 14	0.531598	0.607446	0
			*MESH_TVERT 15	0.773808	0.760317	0
			*MESH_TVERT 16	0.649209	0.776123	0
			*MESH_TVERT 17	0.855557	0.343422	0
			*MESH_TVERT 18	0.7526	0.19833	0
			*MESH_TVERT 19	0.878476	0.216543	0
			*MESH_TVERT 20	0.531605	0.103583	0
			*MESH_TVERT 21	0.668465	0.112699	0
			*MESH_TVERT 22	0.718493	0.069905	0
			*MESH_TVERT 23	0.53137	0.527088	0
			*MESH_TVERT 24	0.780068	0.400991	0
			*MESH_TVERT 25	0.531441	0.3877	0
			*MESH_TVERT 26	0.725028	0.513597	0
			*MESH_TVERT 27	0.485295	0.08724	0
			*MESH_TVERT 28	0.757879	0.318629	0
			*MESH_TVERT 29	0.733263	0.586518	0
			*MESH_TVERT 30	0.893647	0.493343	0
			*MESH_TVERT 31	0.946631	0.384407	0
			*MESH_TVERT 32	0.855108	0.738291	0
			*MESH_TVERT 33	0.967773	0.543269	0
			*MESH_TVERT 34	0.141519	0.768763	0
			*MESH_TVERT 35	0.144173	0.659754	0
			*MESH_TVERT 36	0.129436	0.196364	0
			*MESH_TVERT 37	0.293471	0.090946	0
			*MESH_TVERT 38	0.206573	0.202261	0
			*MESH_TVERT 39	0.612222	0.17558	0
			*MESH_TVERT 40	0.531578	0.168628	0
			*MESH_TVERT 41	0.204714	0.078406	0
			*MESH_TVERT 42	0.531605	0.010043	0
			*MESH_TVERT 43	0.374749	0.088422	0
			*MESH_TVERT 44	0.485299	0.010373	0
			*MESH_TVERT 45	0.531594	0.786995	0
			*MESH_TVERT 46	0.490145	0.79816	0
		}
		*MESH_NUMTVFACES 122
		*MESH_TFACELIST {
			*MESH_TFACE 0	0	1	2
			*MESH_TFACE 1	3	4	5
			*MESH_TFACE 2	6	7	8
			*MESH_TFACE 3	9	10	11
			*MESH_TFACE 4	8	12	13
			*MESH_TFACE 5	9	11	10
			*MESH_TFACE 6	14	15	16
			*MESH_TFACE 7	8	13	12
			*MESH_TFACE 8	17	18	19
			*MESH_TFACE 9	20	21	22
			*MESH_TFACE 10	14	16	15
			*MESH_TFACE 11	23	24	25
			*MESH_TFACE 12	14	23	26
			*MESH_TFACE 13	23	26	24
			*MESH_TFACE 14	11	27	10
			*MESH_TFACE 15	18	22	19
			*MESH_TFACE 16	0	28	1
			*MESH_TFACE 17	17	19	18
			*MESH_TFACE 18	11	10	27
			*MESH_TFACE 19	18	19	22
			*MESH_TFACE 20	6	8	7
			*MESH_TFACE 21	3	5	4
			*MESH_TFACE 22	9	10	13
			*MESH_TFACE 23	9	13	10
			*MESH_TFACE 24	14	29	15
			*MESH_TFACE 25	23	24	26
			*MESH_TFACE 26	26	24	30
			*MESH_TFACE 27	30	17	31
			*MESH_TFACE 28	30	31	17
			*MESH_TFACE 29	26	30	24
			*MESH_TFACE 30	29	32	33
			*MESH_TFACE 31	34	35	3
			*MESH_TFACE 32	29	33	32
			*MESH_TFACE 33	34	3	35
			*MESH_TFACE 34	36	37	38
			*MESH_TFACE 35	5	38	4
			*MESH_TFACE 36	29	30	33
			*MESH_TFACE 37	30	31	33
			*MESH_TFACE 38	24	17	30
			*MESH_TFACE 39	25	28	0
			*MESH_TFACE 40	36	38	37
			*MESH_TFACE 41	5	4	38
			*MESH_TFACE 42	29	33	30
			*MESH_TFACE 43	30	33	31
			*MESH_TFACE 44	25	24	28
			*MESH_TFACE 45	24	30	17
			*MESH_TFACE 46	2	1	39
			*MESH_TFACE 47	28	18	1
			*MESH_TFACE 48	28	1	18
			*MESH_TFACE 49	2	39	40
			*MESH_TFACE 50	36	37	41
			*MESH_TFACE 51	20	22	42
			*MESH_TFACE 52	23	25	24
			*MESH_TFACE 53	25	28	24
			*MESH_TFACE 54	25	0	28
			*MESH_TFACE 55	0	1	28
			*MESH_TFACE 56	36	41	37
			*MESH_TFACE 57	20	42	22
			*MESH_TFACE 58	7	8	12
			*MESH_TFACE 59	7	12	8
			*MESH_TFACE 60	3	35	4
			*MESH_TFACE 61	8	13	9
			*MESH_TFACE 62	3	4	35
			*MESH_TFACE 63	8	9	13
			*MESH_TFACE 64	0	2	1
			*MESH_TFACE 65	2	39	1
			*MESH_TFACE 66	2	40	39
			*MESH_TFACE 67	20	40	39
			*MESH_TFACE 68	38	37	43
			*MESH_TFACE 69	44	37	41
			*MESH_TFACE 70	38	43	37
			*MESH_TFACE 71	44	41	37
			*MESH_TFACE 72	15	29	32
			*MESH_TFACE 73	34	35	6
			*MESH_TFACE 74	15	32	29
			*MESH_TFACE 75	34	6	35
			*MESH_TFACE 76	44	43	37
			*MESH_TFACE 77	44	37	43
			*MESH_TFACE 78	24	28	17
			*MESH_TFACE 79	28	18	17
			*MESH_TFACE 80	24	17	28
			*MESH_TFACE 81	28	17	18
			*MESH_TFACE 82	1	18	39
			*MESH_TFACE 83	18	22	21
			*MESH_TFACE 84	1	39	18
			*MESH_TFACE 85	18	21	22
			*MESH_TFACE 86	14	26	23
			*MESH_TFACE 87	14	15	29
			*MESH_TFACE 88	14	26	29
			*MESH_TFACE 89	26	30	29
			*MESH_TFACE 90	14	29	26
			*MESH_TFACE 91	26	29	30
			*MESH_TFACE 92	17	31	19
			*MESH_TFACE 93	5	38	36
			*MESH_TFACE 94	17	19	31
			*MESH_TFACE 95	5	36	38
			*MESH_TFACE 96	6	35	8
			*MESH_TFACE 97	35	9	8
			*MESH_TFACE 98	6	8	35
			*MESH_TFACE 99	35	8	9
			*MESH_TFACE 100	20	39	40
			*MESH_TFACE 101	20	22	21
			*MESH_TFACE 102	35	4	9
			*MESH_TFACE 103	4	11	9
			*MESH_TFACE 104	35	9	4
			*MESH_TFACE 105	4	9	11
			*MESH_TFACE 106	11	27	43
			*MESH_TFACE 107	44	43	27
			*MESH_TFACE 108	11	43	27
			*MESH_TFACE 109	44	27	43
			*MESH_TFACE 110	18	21	39
			*MESH_TFACE 111	20	39	21
			*MESH_TFACE 112	18	39	21
			*MESH_TFACE 113	20	21	39
			*MESH_TFACE 114	4	38	11
			*MESH_TFACE 115	38	43	11
			*MESH_TFACE 116	4	11	38
			*MESH_TFACE 117	38	11	43
			*MESH_TFACE 118	14	45	16
			*MESH_TFACE 119	7	46	12
			*MESH_TFACE 120	14	16	45
			*MESH_TFACE 121	7	12	46
		}
	}
}
*GEOMOBJECT {
	*NODE_NAME "zm_Frill1"
	*NODE_PARENT "Bip01 L Claw"
	*NODE_TM {
		*NODE_NAME "zm_Frill1"
		*TM_ROW0 0.893134	0.380822	-0.239346
		*TM_ROW1 -0.417039	0.900461	-0.123486
		*TM_ROW2 0.168495	0.210106	0.96305
		*TM_ROW3 22.3468	-112.434	224.487
		*TM_POS 22.3468	-112.434	224.487
		*TM_ROTAXIS 0.348895	-0.42655	-0.834462
		*TM_ROTANGLE 0.498455
		*TM_SCALE 1	1	1
		*TM_SCALEAXIS 0	0	0
		*TM_SCALEAXISANG 0	0	0
	}
	*MATERIAL_REF 0
	*MESH {
		*TIMEVALUE 0
		*MESH_NUMVERTEX 13
		*MESH_NUMFACES 22
		*MESH_VERTEX_LIST {
			*MESH_VERTEX 0	57.7843	-188.282	234.029
			*MESH_VERTEX 1	21.1647	-117.201	217.251
			*MESH_VERTEX 2	48.7138	-172.175	228.894
			*MESH_VERTEX 3	59.0748	-170.825	233.289
			*MESH_VERTEX 4	24.4559	-115.141	230.465
			*MESH_VERTEX 5	19.1927	-110.353	222.63
			*MESH_VERTEX 6	47.9053	-176.293	235.474
			*MESH_VERTEX 7	51.6659	-166.299	238.854
			*MESH_VERTEX 8	50.716	-166.722	231.844
			*MESH_VERTEX 9	56.485	-169.626	228.752
			*MESH_VERTEX 10	16.5746	-118.623	225.753
			*MESH_VERTEX 11	27.7056	-113.013	220.675
			*MESH_VERTEX 12	53.5582	-175.256	224.259
		}
		*MESH_FACE_LIST {
			*MESH_FACE    0:    A:    12 B:    2 C:    1 AB:    1 BC:    1 CA:    1	 *MESH_SMOOTHING 1 	*MESH_MTLID 0
			*MESH_FACE    1:    A:    2 B:    8 C:    4 AB:    1 BC:    1 CA:    1	 *MESH_SMOOTHING 1 	*MESH_MTLID 0
			*MESH_FACE    2:    A:    9 B:    12 C:    1 AB:    1 BC:    1 CA:    1	 *MESH_SMOOTHING 1 	*MESH_MTLID 0
			*MESH_FACE    3:    A:    4 B:    8 C:    9 AB:    1 BC:    1 CA:    1	 *MESH_SMOOTHING 1 	*MESH_MTLID 0
			*MESH_FACE    4:    A:    9 B:    11 C:    4 AB:    1 BC:    1 CA:    1	 *MESH_SMOOTHING 1 	*MESH_MTLID 0
			*MESH_FACE    5:    A:    4 B:    10 C:    2 AB:    1 BC:    1 CA:    1	 *MESH_SMOOTHING 1 	*MESH_MTLID 0
			*MESH_FACE    6:    A:    1 B:    11 C:    9 AB:    1 BC:    1 CA:    1	 *MESH_SMOOTHING 1 	*MESH_MTLID 0
			*MESH_FACE    7:    A:    10 B:    1 C:    2 AB:    1 BC:    1 CA:    1	 *MESH_SMOOTHING 1 	*MESH_MTLID 0
			*MESH_FACE    8:    A:    2 B:    12 C:    6 AB:    1 BC:    1 CA:    1	 *MESH_SMOOTHING 1 	*MESH_MTLID 0
