*3DSMAX_ASCIIEXPORT	110
*COMMENT "[ GothicSourcer v3.10 ] - August 2006"
*SCENE {
	*SCENE_FILENAME "SWAMPRAT_BODY.MAX"
	*SCENE_FIRSTFRAME 0
	*SCENE_LASTFRAME 100
	*SCENE_FRAMESPEED 25
	*SCENE_TICKSPERFRAME 192
	*SCENE_BACKGROUND_STATIC 0	0	0
	*SCENE_AMBIENT_STATIC 0.2	0.2	0.2
}
*MATERIAL_LIST {
	*MATERIAL_COUNT 1
	*MATERIAL 0 {
		*MATERIAL_NAME "XX"
		*MATERIAL_CLASS "Standard"
		*MATERIAL_AMBIENT 0.247059	0.192157	0.121569
		*MATERIAL_DIFFUSE 0.247059	0.192157	0.121569
		*MATERIAL_SPECULAR 0.9	0.9	0.9
		*MATERIAL_SHINE 0.1
		*MATERIAL_SHINESTRENGTH 0
		*MATERIAL_TRANSPARENCY 0
		*MATERIAL_WIRESIZE 1
		*MATERIAL_SHADING Blinn
		*MATERIAL_XP_FALLOFF 0
		*MATERIAL_SELFILLUM 0
		*MATERIAL_FALLOFF In
		*MATERIAL_XP_TYPE Filter
		*MAP_DIFFUSE {
			*MAP_NAME "Map #1"
			*MAP_CLASS "Bitmap"
			*MAP_SUBNO 1
			*MAP_AMOUNT 1
			*BITMAP "SUMPFRATTE.TGA"
			*MAP_TYPE Screen
			*UVW_U_OFFSET 0
			*UVW_V_OFFSET 0
			*UVW_U_TILING 1
			*UVW_V_TILING 1
			*UVW_ANGLE 0
			*UVW_BLUR 1
			*UVW_BLUR_OFFSET 0
			*UVW_NOUSE_AMT 1
			*UVW_NOISE_SIZE 1
			*UVW_NOISE_LEVEL 1
			*UVW_NOISE_PHASE 0
			*BITMAP_FILTER Pyramidal
		}
	}
}
*HELPEROBJECT {
	*NODE_NAME "Bip01"
	*NODE_TM {
		*NODE_NAME "Bip01"
		*TM_ROW0 1.26759e-006	-1	0
		*TM_ROW1 1	1.26759e-006	0
		*TM_ROW2 -0	-0	1
		*TM_ROW3 0	28.004	56.3131
		*TM_POS 0	28.004	56.3131
		*TM_ROTAXIS 0	0	1
		*TM_ROTANGLE 1.5708
		*TM_SCALE 1	1	1
		*TM_SCALEAXIS 0	0	0
		*TM_SCALEAXISANG 0	0	0
	}
}
*HELPEROBJECT {
	*NODE_NAME "Bip01 Pelvis"
	*NODE_PARENT "Bip01"
	*NODE_TM {
		*NODE_NAME "Bip01 Pelvis"
		*TM_ROW0 -1.19209e-006	-1.64892e-007	1
		*TM_ROW1 2.99332e-006	-1	-1.64887e-007
		*TM_ROW2 1	2.99332e-006	1.66893e-006
		*TM_ROW3 7.93913e-015	28.004	56.3131
		*TM_POS 7.93913e-015	28.004	56.3131
		*TM_ROTAXIS -0.707106	-1e-006	-0.707107
		*TM_ROTANGLE 3.14159
		*TM_SCALE 1	1	1
		*TM_SCALEAXIS 0	0	0
		*TM_SCALEAXISANG 0	0	0
	}
}
*HELPEROBJECT {
	*NODE_NAME "Bip01 Spine"
	*NODE_PARENT "Bip01 Pelvis"
	*NODE_TM {
		*NODE_NAME "Bip01 Spine"
		*TM_ROW0 1.61993e-006	-0.966132	0.25805
		*TM_ROW1 -2.20537e-006	-0.25805	-0.966132
		*TM_ROW2 1	8.9407e-007	-2.31398e-006
		*TM_ROW3 -1.8024e-010	28.009	63.3695
		*TM_POS -1.8024e-010	28.009	63.3695
		*TM_ROTAXIS 0.621399	-0.477209	0.621397
		*TM_ROTANGLE 2.2511
		*TM_SCALE 1	1	1
		*TM_SCALEAXIS 0	0	0
		*TM_SCALEAXISANG 0	0	0
	}
}
*HELPEROBJECT {
	*NODE_NAME "Bip01 Spine1"
	*NODE_PARENT "Bip01 Spine"
	*NODE_TM {
		*NODE_NAME "Bip01 Spine1"
		*TM_ROW0 1.77123e-006	-0.905971	-0.423339
		*TM_ROW1 -2.92063e-006	0.423339	-0.905971
		*TM_ROW2 1	2.83122e-006	-1.89446e-006
		*TM_ROW3 3.19997e-005	4.56142	69.6476
		*TM_POS 3.19997e-005	4.56142	69.6476
		*TM_ROTAXIS 0.473078	-0.743234	0.473075
		*TM_ROTANGLE 1.86328
		*TM_SCALE 1	1	1
		*TM_SCALEAXIS 0	0	0
		*TM_SCALEAXISANG 0	0	0
	}
}
*HELPEROBJECT {
	*NODE_NAME "Bip01 Spine2"
	*NODE_PARENT "Bip01 Spine1"
	*NODE_TM {
		*NODE_NAME "Bip01 Spine2"
		*TM_ROW0 1.03478e-006	-0.93942	-0.342768
		*TM_ROW1 -3.57628e-006	0.342769	-0.93942
		*TM_ROW2 1	2.08616e-006	-2.92893e-006
		*TM_ROW3 6.19997e-005	-17.425	59.395
		*TM_POS 6.19997e-005	-17.425	59.395
		*TM_ROTAXIS 0.497331	-0.710863	0.497328
		*TM_ROTANGLE 1.90563
		*TM_SCALE 1	1	1
		*TM_SCALEAXIS 0	0	0
		*TM_SCALEAXISANG 0	0	0
	}
}
*HELPEROBJECT {
	*NODE_NAME "Bip01 Neck"
	*NODE_PARENT "Bip01 Spine2"
	*NODE_TM {
		*NODE_NAME "Bip01 Neck"
		*TM_ROW0 1.46309e-006	-0.928716	-0.370792
		*TM_ROW1 -3.15905e-006	0.370793	-0.928716
		*TM_ROW2 1	2.563e-006	-2.41121e-006
		*TM_ROW3 9.39994e-005	-40.2198	51.0877
		*TM_POS 9.39994e-005	-40.2198	51.0877
		*TM_ROTAXIS 0.489199	-0.72206	0.489196
		*TM_ROTANGLE 1.89084
		*TM_SCALE 1	1	1
		*TM_SCALEAXIS 0	0	0
		*TM_SCALEAXISANG 0	0	0
	}
}
*HELPEROBJECT {
	*NODE_NAME "Bip01 Neck1"
	*NODE_PARENT "Bip01 Neck"
	*NODE_TM {
		*NODE_NAME "Bip01 Neck1"
		*TM_ROW0 1.49849e-006	-0.917176	-0.398482
		*TM_ROW1 -3.03984e-006	0.398482	-0.917176
		*TM_ROW2 1	2.6226e-006	-2.2268e-006
		*TM_ROW3 0.000108	-50.9828	46.8066
		*TM_POS 0.000108	-50.9828	46.8066
		*TM_ROTAXIS 0.480853	-0.733188	0.48085
		*TM_ROTANGLE 1.87628
		*TM_SCALE 1	1	1
		*TM_SCALEAXIS 0	0	0
		*TM_SCALEAXISANG 0	0	0
	}
}
*HELPEROBJECT {
	*NODE_NAME "Bip01 Head"
	*NODE_PARENT "Bip01 Neck1"
	*NODE_TM {
		*NODE_NAME "Bip01 Head"
		*TM_ROW0 9.1728e-007	-0.989016	0.147811
		*TM_ROW1 -2.71201e-006	-0.147811	-0.989016
		*TM_ROW2 1	5.36442e-007	-2.77821e-006
		*TM_ROW3 0.000132	-68.2087	39.3225
		*TM_POS 0.000132	-68.2087	39.3225
		*TM_ROTAXIS 0.603853	-0.520312	0.603851
		*TM_ROTANGLE 2.18206
		*TM_SCALE 1	1	1
		*TM_SCALEAXIS 0	0	0
		*TM_SCALEAXISANG 0	0	0
	}
}
*HELPEROBJECT {
	*NODE_NAME "Bip01 Ponytail1"
	*NODE_PARENT "Bip01 Head"
	*NODE_TM {
		*NODE_NAME "Bip01 Ponytail1"
		*TM_ROW0 2.2674e-005	-0.930526	-0.366224
		*TM_ROW1 3.3468e-005	0.366224	-0.930527
		*TM_ROW2 1	8.82148e-006	3.94527e-005
		*TM_ROW3 0.000139	-71.6693	29.4302
		*TM_POS 0.000139	-71.6693	29.4302
		*TM_ROTAXIS 0.490544	-0.720223	0.490557
		*TM_ROTANGLE 1.89321
		*TM_SCALE 1	1	1
		*TM_SCALEAXIS 0	0	0
		*TM_SCALEAXISANG 0	0	0
	}
}
*HELPEROBJECT {
	*NODE_NAME "Bip01 L Clavicle"
	*NODE_PARENT "Bip01 Neck"
	*NODE_TM {
		*NODE_NAME "Bip01 L Clavicle"
		*TM_ROW0 0.920961	0.301336	-0.247039
		*TM_ROW1 0.342021	-0.321393	0.883022
		*TM_ROW2 0.186689	-0.897721	-0.399054
		*TM_ROW3 16.6583	-38.1362	51.0791
		*TM_POS 16.6583	-38.1362	51.0791
		*TM_ROTAXIS -0.971356	-0.236589	0.022193
		*TM_ROTANGLE 1.98203
		*TM_SCALE 1	1	1
		*TM_SCALEAXIS 0	0	0
		*TM_SCALEAXISANG 0	0	0
	}
}
*HELPEROBJECT {
	*NODE_NAME "Bip01 L UpperArm"
	*NODE_PARENT "Bip01 L Clavicle"
	*NODE_TM {
		*NODE_NAME "Bip01 L UpperArm"
		*TM_ROW0 0.351789	0.853356	-0.384745
		*TM_ROW1 0.194978	0.335203	0.92175
		*TM_ROW2 0.915548	-0.399278	-0.0484653
		*TM_ROW3 26.5711	-34.8928	48.4201
		*TM_POS 26.5711	-34.8928	48.4201
		*TM_ROTAXIS -0.671574	-0.661033	-0.334701
		*TM_ROTANGLE 1.75253
		*TM_SCALE 1	1	1
		*TM_SCALEAXIS 0	0	0
		*TM_SCALEAXISANG 0	0	0
	}
}
*HELPEROBJECT {
	*NODE_NAME "Bip01 L Forearm"
	*NODE_PARENT "Bip01 L UpperArm"
	*NODE_TM {
		*NODE_NAME "Bip01 L Forearm"
		*TM_ROW0 -0.162049	-0.255901	-0.953024
		*TM_ROW1 0.368119	0.880393	-0.298992
		*TM_ROW2 0.915548	-0.399277	-0.0484655
		*TM_ROW3 37.2298	-9.03727	36.7629
		*TM_POS 37.2298	-9.03727	36.7629
		*TM_ROTAXIS -0.0508399	-0.94728	0.316349
		*TM_ROTANGLE 1.73662
		*TM_SCALE 1	1	1
		*TM_SCALEAXIS 0	0	0
		*TM_SCALEAXISANG 0	0	0
	}
}
*HELPEROBJECT {
	*NODE_NAME "Bip01 L Hand"
	*NODE_PARENT "Bip01 L Forearm"
	*NODE_TM {
		*NODE_NAME "Bip01 L Hand"
		*TM_ROW0 -0.317029	-0.616262	-0.720912
		*TM_ROW1 0.231118	0.687007	-0.688916
		*TM_ROW2 0.919825	-0.385022	-0.075372
		*TM_ROW3 33.0437	-15.6478	12.1438
		*TM_POS 33.0437	-15.6478	12.1438
		*TM_ROTAXIS 0.162382	-0.876707	0.452787
		*TM_ROTANGLE 1.93125
		*TM_SCALE 1	1	1
		*TM_SCALEAXIS 0	0	0
		*TM_SCALEAXISANG 0	0	0
	}
}
*HELPEROBJECT {
	*NODE_NAME "Bip01 L Finger0"
	*NODE_PARENT "Bip01 L Hand"
	*NODE_TM {
		*NODE_NAME "Bip01 L Finger0"
		*TM_ROW0 -0.386687	-0.921338	-0.0401095
		*TM_ROW1 0.0259035	0.0326247	-0.999132
		*TM_ROW2 0.921847	-0.387391	0.0112504
		*TM_ROW3 26.0394	-23.141	6.65972
		*TM_POS 26.0394	-23.141	6.65972
		*TM_ROTAXIS -0.412731	0.649015	-0.639087
		*TM_ROTANGLE 3.97628
		*TM_SCALE 1	1	1
		*TM_SCALEAXIS 0	0	0
		*TM_SCALEAXISANG 0	0	0
	}
}
*HELPEROBJECT {
	*NODE_NAME "Bip01 L Finger01"
	*NODE_PARENT "Bip01 L Finger0"
	*NODE_TM {
		*NODE_NAME "Bip01 L Finger01"
		*TM_ROW0 -0.386687	-0.921338	-0.0401095
		*TM_ROW1 0.0259035	0.0326247	-0.999132
		*TM_ROW2 0.921847	-0.387391	0.0112504
		*TM_ROW3 22.6535	-31.2085	6.30851
		*TM_POS 22.6535	-31.2085	6.30851
		*TM_ROTAXIS -0.412731	0.649015	-0.639087
		*TM_ROTANGLE 3.97628
		*TM_SCALE 1	1	1
		*TM_SCALEAXIS 0	0	0
		*TM_SCALEAXISANG 0	0	0
	}
}
*HELPEROBJECT {
	*NODE_NAME "Bip01 R Clavicle"
	*NODE_PARENT "Bip01 Neck"
	*NODE_TM {
		*NODE_NAME "Bip01 R Clavicle"
		*TM_ROW0 -0.920962	0.301333	-0.247039
		*TM_ROW1 -0.34202	-0.321395	0.883022
		*TM_ROW2 0.186686	0.897721	0.399054
		*TM_ROW3 -16.6581	-38.1363	51.0791
		*TM_POS -16.6581	-38.1363	51.0791
		*TM_ROTAXIS 0.018942	-0.558896	-0.829021
		*TM_ROTANGLE 2.74311
		*TM_SCALE 1	1	1
		*TM_SCALEAXIS 0	0	0
		*TM_SCALEAXISANG 0	0	0
	}
}
*HELPEROBJECT {
	*NODE_NAME "Bip01 R UpperArm"
	*NODE_PARENT "Bip01 R Clavicle"
	*NODE_TM {
		*NODE_NAME "Bip01 R UpperArm"
		*TM_ROW0 -0.324358	0.862793	-0.387788
		*TM_ROW1 -0.217409	0.330981	0.918251
		*TM_ROW2 0.920611	0.382151	0.0802225
		*TM_ROW3 -26.5709	-34.8928	48.4201
		*TM_POS -26.5709	-34.8928	48.4201
		*TM_ROTAXIS -0.301287	-0.735317	-0.607071
		*TM_ROTANGLE 2.04494
		*TM_SCALE 1	1	1
		*TM_SCALEAXIS 0	0	0
		*TM_SCALEAXISANG 0	0	0
	}
}
*HELPEROBJECT {
	*NODE_NAME "Bip01 R Forearm"
	*NODE_PARENT "Bip01 R UpperArm"
	*NODE_TM {
		*NODE_NAME "Bip01 R Forearm"
		*TM_ROW0 0.175456	-0.221301	-0.959292
		*TM_ROW1 -0.348841	0.89721	-0.270783
		*TM_ROW2 0.920611	0.382151	0.0802216
		*TM_ROW3 -36.3985	-8.75141	36.6706
		*TM_POS -36.3985	-8.75141	36.6706
		*TM_ROTAXIS 0.327425	-0.94271	-0.0639571
		*TM_ROTANGLE 1.49428
		*TM_SCALE 1	1	1
		*TM_SCALEAXIS 0	0	0
		*TM_SCALEAXISANG 0	0	0
	}
}
*HELPEROBJECT {
	*NODE_NAME "Bip01 R Hand"
	*NODE_PARENT "Bip01 R Forearm"
	*NODE_TM {
		*NODE_NAME "Bip01 R Hand"
		*TM_ROW0 0.32637	-0.640257	-0.695381
		*TM_ROW1 -0.215111	0.666052	-0.714214
		*TM_ROW2 0.92044	0.382682	0.079653
		*TM_ROW3 -31.8661	-14.4682	11.8897
		*TM_POS -31.8661	-14.4682	11.8897
		*TM_ROTAXIS 0.548804	-0.808435	0.212711
		*TM_ROTANGLE 1.53475
		*TM_SCALE 1	1	1
		*TM_SCALEAXIS 0	0	0
		*TM_SCALEAXISANG 0	0	0
	}
}
*HELPEROBJECT {
	*NODE_NAME "Bip01 R Finger0"
	*NODE_PARENT "Bip01 R Hand"
	*NODE_TM {
		*NODE_NAME "Bip01 R Finger0"
		*TM_ROW0 0.382284	-0.924035	-0.00418119
		*TM_ROW1 -0.00802145	0.0012063	-0.999967
		*TM_ROW2 0.92401	0.382305	-0.00695097
		*TM_ROW3 -24.8069	-22.165	6.77019
		*TM_POS -24.8069	-22.165	6.77019
		*TM_ROTAXIS 0.727381	-0.488434	0.482026
		*TM_ROTANGLE 1.88781
		*TM_SCALE 1	1	1
		*TM_SCALEAXIS 0	0	0
		*TM_SCALEAXISANG 0	0	0
	}
}
*HELPEROBJECT {
	*NODE_NAME "Bip01 R Finger01"
	*NODE_PARENT "Bip01 R Finger0"
	*NODE_TM {
		*NODE_NAME "Bip01 R Finger01"
		*TM_ROW0 0.382283	-0.924035	-0.00418054
		*TM_ROW1 -0.00802026	0.00120591	-0.999967
		*TM_ROW2 0.92401	0.382304	-0.00695008
		*TM_ROW3 -21.4595	-30.2561	6.73359
		*TM_POS -21.4595	-30.2561	6.73359
		*TM_ROTAXIS 0.727381	-0.488434	0.482027
		*TM_ROTANGLE 1.88781
		*TM_SCALE 1	1	1
		*TM_SCALEAXIS 0	0	0
		*TM_SCALEAXISANG 0	0	0
	}
}
*HELPEROBJECT {
	*NODE_NAME "Bip01 L Thigh"
	*NODE_PARENT "Bip01 Pelvis"
	*NODE_TM {
		*NODE_NAME "Bip01 L Thigh"
		*TM_ROW0 0.610684	0.210561	-0.763367
		*TM_ROW1 0.773863	-0.363123	0.51892
		*TM_ROW2 -0.167931	-0.907638	-0.384699
		*TM_ROW3 21.2788	28.004	56.3131
		*TM_POS 21.2788	28.004	56.3131
		*TM_ROTAXIS 0.867065	0.361907	-0.342376
		*TM_ROTANGLE 4.10762
		*TM_SCALE 1	1	1
		*TM_SCALEAXIS 0	0	0
		*TM_SCALEAXISANG 0	0	0
	}
}
*HELPEROBJECT {
	*NODE_NAME "Bip01 L Calf"
	*NODE_PARENT "Bip01 L Thigh"
	*NODE_TM {
		*NODE_NAME "Bip01 L Calf"
		*TM_ROW0 -0.00806055	0.391492	-0.920146
		*TM_ROW1 0.985766	-0.15142	-0.0730595
		*TM_ROW2 -0.167931	-0.907638	-0.384699
		*TM_ROW3 37.4962	33.5957	36.041
		*TM_POS 37.4962	33.5957	36.041
		*TM_ROTAXIS 0.656617	0.591817	-0.467554
		*TM_ROTANGLE 3.83027
		*TM_SCALE 1	1	1
		*TM_SCALEAXIS 0	0	0
		*TM_SCALEAXISANG 0	0	0
	}
}
*HELPEROBJECT {
	*NODE_NAME "Bip01 L Foot"
	*NODE_PARENT "Bip01 L Calf"
	*NODE_TM {
		*NODE_NAME "Bip01 L Foot"
		*TM_ROW0 -2.44295e-007	1.48021e-008	-1
		*TM_ROW1 0.766045	-0.642787	-8.12855e-008
		*TM_ROW2 -0.642787	-0.766045	-2.22464e-007
		*TM_ROW3 37.2822	43.9923	11.6054
		*TM_POS 37.2822	43.9923	11.6054
		*TM_ROTAXIS 0.671543	0.313146	-0.671543
		*TM_ROTANGLE 3.74854
		*TM_SCALE 1	1	1
		*TM_SCALEAXIS 0	0	0
		*TM_SCALEAXISANG 0	0	0
	}
}
*HELPEROBJECT {
	*NODE_NAME "Bip01 L Toe0"
	*NODE_PARENT "Bip01 L Foot"
	*NODE_TM {
		*NODE_NAME "Bip01 L Toe0"
		*TM_ROW0 0.766046	-0.642786	-5.14831e-008
		*TM_ROW1 6.59741e-008	3.76559e-008	1
		*TM_ROW2 -0.642786	-0.766045	-2.1487e-008
		*TM_ROW3 46.4789	36.2753	2.08382
		*TM_POS 46.4789	36.2753	2.08382
		*TM_ROTAXIS -0.889127	0.323615	0.323615
		*TM_ROTANGLE 1.68804
		*TM_SCALE 1	1	1
		*TM_SCALEAXIS 0	0	0
		*TM_SCALEAXISANG 0	0	0
	}
}
*HELPEROBJECT {
	*NODE_NAME "Bip01 R Thigh"
	*NODE_PARENT "Bip01 Pelvis"
	*NODE_TM {
		*NODE_NAME "Bip01 R Thigh"
		*TM_ROW0 -0.62834	0.194357	-0.753269
		*TM_ROW1 -0.759114	-0.364907	0.539063
		*TM_ROW2 -0.170102	0.910532	0.376825
		*TM_ROW3 -21.2788	28.004	56.3131
		*TM_POS -21.2788	28.004	56.3131
		*TM_ROTAXIS 0.315396	-0.495138	-0.809545
		*TM_ROTANGLE 2.5119
		*TM_SCALE 1	1	1
		*TM_SCALEAXIS 0	0	0
		*TM_SCALEAXISANG 0	0	0
	}
}
*HELPEROBJECT {
	*NODE_NAME "Bip01 R Calf"
	*NODE_PARENT "Bip01 R Thigh"
	*NODE_TM {
		*NODE_NAME "Bip01 R Calf"
		*TM_ROW0 0.175709	0.404295	-0.897592
		*TM_ROW1 -0.969635	-0.0864709	-0.228761
		*TM_ROW2 -0.170102	0.910532	0.376825
		*TM_ROW3 -37.9651	33.1654	36.3092
		*TM_POS -37.9651	33.1654	36.3092
		*TM_ROTAXIS 0.5911	-0.377444	-0.712837
		*TM_ROTANGLE 1.84104
		*TM_SCALE 1	1	1
		*TM_SCALEAXIS 0	0	0
		*TM_SCALEAXISANG 0	0	0
	}
}
*HELPEROBJECT {
	*NODE_NAME "Bip01 R Foot"
	*NODE_PARENT "Bip01 R Calf"
	*NODE_TM {
		*NODE_NAME "Bip01 R Foot"
		*TM_ROW0 1.12403e-006	-5.84909e-007	-1
		*TM_ROW1 -0.766043	-0.642789	-6.19338e-007
		*TM_ROW2 -0.642789	0.766043	-1.29479e-006
		*TM_ROW3 -33.2989	43.9019	12.4725
		*TM_POS -33.2989	43.9019	12.4725
		*TM_ROTAXIS 0.671544	-0.313145	-0.671543
		*TM_ROTANGLE 2.53465
		*TM_SCALE 1	1	1
		*TM_SCALEAXIS 0	0	0
		*TM_SCALEAXISANG 0	0	0
	}
}
*HELPEROBJECT {
	*NODE_NAME "Bip01 R Toe0"
	*NODE_PARENT "Bip01 R Foot"
	*NODE_TM {
		*NODE_NAME "Bip01 R Toe0"
		*TM_ROW0 -0.766043	-0.64279	-1.09617e-006
		*TM_ROW1 -9.89523e-007	-3.93462e-007	1
		*TM_ROW2 -0.64279	0.766042	-3.81116e-007
		*TM_ROW3 -42.4956	36.1849	2.9509
		*TM_POS -42.4956	36.1849	2.9509
		*TM_ROTAXIS 0.249245	-0.684791	-0.684791
		*TM_ROTANGLE 3.63013
		*TM_SCALE 1	1	1
		*TM_SCALEAXIS 0	0	0
		*TM_SCALEAXISANG 0	0	0
	}
}
*HELPEROBJECT {
	*NODE_NAME "Bip01 Tail"
	*NODE_PARENT "Bip01 Pelvis"
	*NODE_TM {
		*NODE_NAME "Bip01 Tail"
		*TM_ROW0 -1.40548e-006	0.668881	-0.74337
		*TM_ROW1 -3.96371e-006	0.74337	0.668881
		*TM_ROW2 1	3.96371e-006	1.63436e-006
		*TM_ROW3 -8.00019e-006	33.7165	72.6384
		*TM_POS -8.00019e-006	33.7165	72.6384
		*TM_ROTAXIS -0.337226	-0.878951	-0.33723
		*TM_ROTANGLE 1.69947
		*TM_SCALE 1	1	1
		*TM_SCALEAXIS 0	0	0
		*TM_SCALEAXISANG 0	0	0
	}
}
*HELPEROBJECT {
	*NODE_NAME "Bip01 Tail1"
	*NODE_PARENT "Bip01 Tail"
	*NODE_TM {
		*NODE_NAME "Bip01 Tail1"
		*TM_ROW0 -3.12162e-007	0.607595	-0.794247
		*TM_ROW1 -4.35114e-006	0.794247	0.607595
		*TM_ROW2 1	3.69549e-006	2.39985e-006
		*TM_ROW3 -2.50001e-005	45.8759	59.1033
		*TM_POS -2.50001e-005	45.8759	59.1033
		*TM_ROTAXIS -0.305416	-0.901909	-0.30542
		*TM_ROTANGLE 1.67385
		*TM_SCALE 1	1	1
		*TM_SCALEAXIS 0	0	0
		*TM_SCALEAXISANG 0	0	0
	}
}
*HELPEROBJECT {
	*NODE_NAME "Bip01 Tail2"
	*NODE_PARENT "Bip01 Tail1"
	*NODE_TM {
		*NODE_NAME "Bip01 Tail2"
		*TM_ROW0 -4.38476e-007	0.396361	-0.918095
		*TM_ROW1 -4.06802e-006	0.918095	0.396361
		*TM_ROW2 1	3.919e-006	1.21183e-006
		*TM_ROW3 -4.00005e-005	56.9182	44.6456
		*TM_POS -4.00005e-005	56.9182	44.6456
		*TM_ROTAXIS -0.198345	-0.959853	-0.198349
		*TM_ROTANGLE 1.61176
		*TM_SCALE 1	1	1
		*TM_SCALEAXIS 0	0	0
		*TM_SCALEAXISANG 0	0	0
	}
}
*HELPEROBJECT {
	*NODE_NAME "Bip01 Tail3"
	*NODE_PARENT "Bip01 Tail2"
	*NODE_TM {
		*NODE_NAME "Bip01 Tail3"
		*TM_ROW0 -5.32922e-007	0.371139	-0.928577
		*TM_ROW1 -4.03821e-006	0.928577	0.371139
		*TM_ROW2 1	3.96371e-006	1.0019e-006
		*TM_ROW3 -5.00004e-005	64.1169	27.9348
		*TM_POS -5.00004e-005	64.1169	27.9348
		*TM_ROTAXIS -0.185686	-0.964904	-0.18569
		*TM_ROTANGLE 1.60652
		*TM_SCALE 1	1	1
		*TM_SCALEAXIS 0	0	0
		*TM_SCALEAXISANG 0	0	0
	}
}
*HELPEROBJECT {
	*NODE_NAME "Dummy"
	*NODE_PARENT "Bip01 Ponytail1"
	*NODE_TM {
		*NODE_NAME "Dummy"
		*TM_ROW0 -1	-0	0
		*TM_ROW1 -0	-1	0
		*TM_ROW2 -0	-0	1
		*TM_ROW3 0.0001425	-73.3996	24.4841
		*TM_POS 0.0001425	-73.3996	24.4841
		*TM_ROTAXIS 0	0	-1
		*TM_ROTANGLE 3.14159
		*TM_SCALE 1	1	1
		*TM_SCALEAXIS 0	0	0
		*TM_SCALEAXISANG 0	0	0
	}
}
*HELPEROBJECT {
	*NODE_NAME "Dummy1"
	*NODE_PARENT "Bip01 L Finger01"
	*NODE_TM {
		*NODE_NAME "Dummy1"
		*TM_ROW0 -1	-0	0
		*TM_ROW1 -0	-1	0
		*TM_ROW2 -0	-0	1
		*TM_ROW3 20.9605	-35.2423	6.1329
		*TM_POS 20.9605	-35.2423	6.1329
		*TM_ROTAXIS 0	0	-1
		*TM_ROTANGLE 3.14159
		*TM_SCALE 1	1	1
		*TM_SCALEAXIS 0	0	0
		*TM_SCALEAXISANG 0	0	0
	}
}
*HELPEROBJECT {
	*NODE_NAME "Dummy2"
	*NODE_PARENT "Bip01 R Finger01"
	*NODE_TM {
		*NODE_NAME "Dummy2"
		*TM_ROW0 -1	-0	0
		*TM_ROW1 -0	-1	0
		*TM_ROW2 -0	-0	1
		*TM_ROW3 -19.7858	-34.3017	6.71528
		*TM_POS -19.7858	-34.3017	6.71528
		*TM_ROTAXIS 0	0	-1
		*TM_ROTANGLE 3.14159
		*TM_SCALE 1	1	1
		*TM_SCALEAXIS 0	0	0
		*TM_SCALEAXISANG 0	0	0
	}
}
*HELPEROBJECT {
	*NODE_NAME "Dummy3"
	*NODE_PARENT "Bip01 L Toe0"
	*NODE_TM {
		*NODE_NAME "Dummy3"
		*TM_ROW0 -1	-0	0
		*TM_ROW1 -0	-1	0
		*TM_ROW2 -0	-0	1
		*TM_ROW3 51.0773	32.4168	-2.677
		*TM_POS 51.0773	32.4168	-2.677
		*TM_ROTAXIS 0	0	-1
		*TM_ROTANGLE 3.14159
		*TM_SCALE 1	1	1
		*TM_SCALEAXIS 0	0	0
		*TM_SCALEAXISANG 0	0	0
	}
}
*HELPEROBJECT {
	*NODE_NAME "Dummy4"
	*NODE_PARENT "Bip01 R Toe0"
	*NODE_TM {
		*NODE_NAME "Dummy4"
		*TM_ROW0 -1	-0	0
		*TM_ROW1 -0	-1	0
		*TM_ROW2 -0	-0	1
		*TM_ROW3 -47.094	32.3264	-1.80992
		*TM_POS -47.094	32.3264	-1.80992
		*TM_ROTAXIS 0	0	-1
		*TM_ROTANGLE 3.14159
		*TM_SCALE 1	1	1
		*TM_SCALEAXIS 0	0	0
		*TM_SCALEAXISANG 0	0	0
	}
}
*HELPEROBJECT {
	*NODE_NAME "Dummy5"
	*NODE_PARENT "Bip01 Tail3"
	*NODE_TM {
		*NODE_NAME "Dummy5"
		*TM_ROW0 -1	-0	0
		*TM_ROW1 -0	-1	0
		*TM_ROW2 -0	-0	1
		*TM_ROW3 -5.50003e-005	67.7162	19.5793
		*TM_POS -5.50003e-005	67.7162	19.5793
		*TM_ROTAXIS 0	0	-1
		*TM_ROTANGLE 3.14159
		*TM_SCALE 1	1	1
		*TM_SCALEAXIS 0	0	0
		*TM_SCALEAXISANG 0	0	0
	}
}
*GEOMOBJECT {
	*NODE_NAME "zm_Skin"
	*NODE_PARENT "Bip01"
	*NODE_TM {
		*NODE_NAME "zm_Skin"
		*TM_ROW0 -1	-0	0
		*TM_ROW1 -0	-1	0
		*TM_ROW2 -0	-0	1
		*TM_ROW3 -0	-0	0
		*TM_POS -0	-0	0
		*TM_ROTAXIS 0	0	-1
		*TM_ROTANGLE 3.14159
		*TM_SCALE 1	1	1
		*TM_SCALEAXIS 0	0	0
		*TM_SCALEAXISANG 0	0	0
	}
	*MATERIAL_REF 0
	*MESH_SOFTSKIN {
		*TIMEVALUE 0
		*MESH_NUMVERTEX 540
		*MESH_NUMFACES 1032
		*MESH_VERTEX_LIST {
			*MESH_VERTEX 0	-22.6904	-70.3515	57.1701
			*MESH_VERTEX 1	-30.8134	34.2724	27.8234
			*MESH_VERTEX 2	39.1121	45.4055	24.7821
			*MESH_VERTEX 3	-8.89311	39.6944	70.3054
			*MESH_VERTEX 4	33.9257	-26.5954	51.8306
			*MESH_VERTEX 5	39.5244	-15.0847	4.02598
			*MESH_VERTEX 6	23.4459	-24.7135	32.9455
			*MESH_VERTEX 7	-33.8966	-26.5044	51.6997
			*MESH_VERTEX 8	-38.2087	-14.1297	3.64369
			*MESH_VERTEX 9	-23.4186	-24.7132	32.9564
			*MESH_VERTEX 10	4.36903	33.4698	107.425
			*MESH_VERTEX 11	1.035	17.1021	101.102
			*MESH_VERTEX 12	-3.389	0.687677	70.0638
			*MESH_VERTEX 13	-1.40439	6.46661	87.0474
			*MESH_VERTEX 14	2.00257	67.3425	63.5097
			*MESH_VERTEX 15	-1.48411	37.8156	81.8737
			*MESH_VERTEX 16	0.053358	54.8666	76.0337
			*MESH_VERTEX 17	2.00261	50.6122	90.896
			*MESH_VERTEX 18	-1.48411	16.1891	85.9839
			*MESH_VERTEX 19	0.05372	33.0049	92.4705
			*MESH_VERTEX 20	-0.004947	70.285	11.2014
			*MESH_VERTEX 21	8.88323	39.6944	70.3054
			*MESH_VERTEX 22	4.49502	-40.1919	94.8132
			*MESH_VERTEX 23	3.35262	-49.8769	72.2816
			*MESH_VERTEX 24	-3.37216	-46.6147	56.7786
			*MESH_VERTEX 25	-8.87659	-77.3507	49.8651
			*MESH_VERTEX 26	-17.4932	-66.4885	43.3644
			*MESH_VERTEX 27	-5.6813	-79.0103	21.5119
			*MESH_VERTEX 28	-29.5846	43.1623	14.0167
			*MESH_VERTEX 29	-42.8074	35.1498	33.3448
			*MESH_VERTEX 30	-11.3841	-68.3064	29.3972
			*MESH_VERTEX 31	-3.77651	-99.9161	35.4395
			*MESH_VERTEX 32	2.59996e-005	13.9102	95.2123
			*MESH_VERTEX 33	-8e-006	30.1771	28.6308
			*MESH_VERTEX 34	17.4833	-66.4884	43.3644
			*MESH_VERTEX 35	22.6805	-70.3514	57.1701
			*MESH_VERTEX 36	6.41063	-67.7146	47.2152
			*MESH_VERTEX 37	11.3742	-68.3063	29.3972
			*MESH_VERTEX 38	5.67137	-79.0104	21.512
			*MESH_VERTEX 39	-2.27169	8.05687	81.281
			*MESH_VERTEX 40	2.14819	2.42097	73.7981
			*MESH_VERTEX 41	-2.2717	28.5629	83.4984
			*MESH_VERTEX 42	2.14818	19.4358	81.3889
			*MESH_VERTEX 43	18.4191	25.0969	34.1882
			*MESH_VERTEX 44	32.6359	22.8386	46.6107
			*MESH_VERTEX 45	-3.8448	-4.9711	98.3106
			*MESH_VERTEX 46	6.62238	-17.3013	66.5059
			*MESH_VERTEX 47	0.487708	-10.4499	92.0848
			*MESH_VERTEX 48	-0.902127	23.9471	91.1203
			*MESH_VERTEX 49	-0.902126	47.0601	80.8217
			*MESH_VERTEX 50	2.65386	24.9356	105.274
			*MESH_VERTEX 51	0.958746	62.1527	70.6887
			*MESH_VERTEX 52	0.958793	42.022	93.0594
			*MESH_VERTEX 53	2.96929	11.4716	94.5027
			*MESH_VERTEX 54	-6.09941	10.7149	105.848
			*MESH_VERTEX 55	-5.04403	2.43196	103.058
			*MESH_VERTEX 56	-2.75592	-94.1713	26.953
			*MESH_VERTEX 57	6.63187	-85.2919	30.8009
			*MESH_VERTEX 58	7.7601	-76.6175	30.8777
			*MESH_VERTEX 59	6.92985	-33.3392	100.648
			*MESH_VERTEX 60	4.75885	-44.6591	87.7561
			*MESH_VERTEX 61	4.34648	-44.0923	58.0731
			*MESH_VERTEX 62	4.06729	-47.6032	80.1771
			*MESH_VERTEX 63	-0.349332	-99.1568	26.8802
			*MESH_VERTEX 64	3.76662	-99.9161	35.4395
			*MESH_VERTEX 65	3.4638	3.24928	70.0638
			*MESH_VERTEX 66	-4.55696	-30.5836	84.3843
			*MESH_VERTEX 67	-1.08734	-32.0102	66.5793
			*MESH_VERTEX 68	4.69815	-28.808	68.5423
			*MESH_VERTEX 69	0.430768	-18.5185	66.1559
			*MESH_VERTEX 70	-6.42834	-94.9046	35.0441
			*MESH_VERTEX 71	-0.00494	52.9843	62.008
			*MESH_VERTEX 72	43.0366	-10.0628	43.085
			*MESH_VERTEX 73	31.564	-0.52887	43.8759
			*MESH_VERTEX 74	30.4795	-13.6981	53.5672
			*MESH_VERTEX 75	-31.5739	-0.528986	43.8759
			*MESH_VERTEX 76	-42.4159	-9.75259	42.7994
			*MESH_VERTEX 77	-30.32	-13.6966	53.6115
			*MESH_VERTEX 78	-32.892	22.5506	46.9548
			*MESH_VERTEX 79	0.00048	-98.3272	30.1266
			*MESH_VERTEX 80	2.74548	-94.1714	26.953
			*MESH_VERTEX 81	33.4742	38.7361	3.30389
			*MESH_VERTEX 82	-0.005259	-97.7506	24.4063
			*MESH_VERTEX 83	-2.72683	19.3131	81.747
			*MESH_VERTEX 84	-2.72682	2.09679	73.9936
			*MESH_VERTEX 85	-1.38372	-50.3131	72.0482
			*MESH_VERTEX 86	-8.43953	-21.3244	99.0351
			*MESH_VERTEX 87	-0.553004	-28.4784	85.1134
			*MESH_VERTEX 88	2.0182	28.8999	81.5691
			*MESH_VERTEX 89	2.0182	9.55507	80.0196
			*MESH_VERTEX 90	32.2862	-7.26414	25.7018
			*MESH_VERTEX 91	35.6915	-17.8428	28.8941
			*MESH_VERTEX 92	5.43925	-91.3472	25.0879
			*MESH_VERTEX 93	-6.6421	-85.2917	30.8008
			*MESH_VERTEX 94	-5.44959	-91.3471	25.0879
			*MESH_VERTEX 95	-0.004941	41.5302	57.2381
			*MESH_VERTEX 96	-5.61804	-91.93	30.8426
			*MESH_VERTEX 97	-6.93269	-90.8125	35.1176
			*MESH_VERTEX 98	6.797	-87.8086	31.8075
			*MESH_VERTEX 99	6.41846	-94.9046	35.0441
			*MESH_VERTEX 100	5.60816	-91.93	30.8426
			*MESH_VERTEX 101	6.92281	-90.8124	35.1176
			*MESH_VERTEX 102	-31.2431	-6.61834	25.7419
			*MESH_VERTEX 103	-34.8449	-17.2722	28.4313
			*MESH_VERTEX 104	0.339456	-99.1568	26.8802
			*MESH_VERTEX 105	0.000176	-101.375	35.6377
			*MESH_VERTEX 106	-6.80688	-87.8086	31.8075
			*MESH_VERTEX 107	-7.6269	-86.5017	35.5449
			*MESH_VERTEX 108	7.61701	-86.5017	35.545
			*MESH_VERTEX 109	-38.2126	41.9949	33.5225
			*MESH_VERTEX 110	42.7303	35.2692	33.7332
			*MESH_VERTEX 111	15.7675	38.3495	39.9766
			*MESH_VERTEX 112	47.7416	32.8751	2.58507
			*MESH_VERTEX 113	38.4605	44.8247	3.65942
			*MESH_VERTEX 114	-33.0805	-26.2687	2.68989
			*MESH_VERTEX 115	-24.0235	-17.9132	2.68947
			*MESH_VERTEX 116	7.43135	-86.5244	42.0822
			*MESH_VERTEX 117	7.05642	-87.7663	45.396
			*MESH_VERTEX 118	-7.44123	-86.5244	42.0822
			*MESH_VERTEX 119	-7.0663	-87.7663	45.396
			*MESH_VERTEX 120	-43.7833	40.8322	3.58403
			*MESH_VERTEX 121	-36.5104	30.6367	3.50484
			*MESH_VERTEX 122	34.3544	-27.1594	2.59894
			*MESH_VERTEX 123	25.34	-18.7585	2.70174
			*MESH_VERTEX 124	-29.4929	38.6429	4.16561
			*MESH_VERTEX 125	-34.485	44.738	4.52131
			*MESH_VERTEX 126	24.1145	-10.5633	37.8164
			*MESH_VERTEX 127	-6.01144	-87.8332	29.1189
			*MESH_VERTEX 128	6.00116	-87.8334	29.1189
			*MESH_VERTEX 129	-23.6245	-10.5677	38.0018
			*MESH_VERTEX 130	1.65906	24.4567	90.1115
			*MESH_VERTEX 131	1.65906	46.802	79.7213
			*MESH_VERTEX 132	-19.0652	24.8512	34.1115
			*MESH_VERTEX 133	-16.4844	38.2401	39.6166
			*MESH_VERTEX 134	-43.7682	32.782	3.4542
			*MESH_VERTEX 135	-7.77014	-76.6173	30.8776
			*MESH_VERTEX 136	8.8667	-77.3506	49.8652
			*MESH_VERTEX 137	0.000127	-67.9215	55.1897
			*MESH_VERTEX 138	-6.42051	-67.7147	47.2152
			*MESH_VERTEX 139	5.3724	-95.0325	30.8089
			*MESH_VERTEX 140	5.53365	-97.3581	35.1012
			*MESH_VERTEX 141	-5.38229	-95.0325	30.8089
			*MESH_VERTEX 142	-5.54353	-97.3581	35.1011
			*MESH_VERTEX 143	47.754	40.9186	2.7176
			*MESH_VERTEX 144	36.526	34.683	12.0701
			*MESH_VERTEX 145	33.3812	43.4449	12.7092
			*MESH_VERTEX 146	1.76649	16.4406	85.8896
			*MESH_VERTEX 147	1.76648	37.9476	81.6398
			*MESH_VERTEX 148	40.4897	30.734	2.63791
			*MESH_VERTEX 149	-27.5303	21.8721	38.4396
			*MESH_VERTEX 150	4.19509	-92.6318	28.0643
			*MESH_VERTEX 151	-4.2055	-92.6317	28.0642
			*MESH_VERTEX 152	2.71206	-13.4489	83.7973
			*MESH_VERTEX 153	-11.6415	-6.36296	107.4
			*MESH_VERTEX 154	-6.35591	-20.4177	99.1578
			*MESH_VERTEX 155	31.175	40.6593	31.6495
			*MESH_VERTEX 156	2.60281	5.64185	87.727
			*MESH_VERTEX 157	3.28348	17.6959	100.583
			*MESH_VERTEX 158	-39.3056	-4.69359	25.5842
			*MESH_VERTEX 159	-0.004941	-93.7631	44.0308
			*MESH_VERTEX 160	2.92302	-101.514	40.3277
			*MESH_VERTEX 161	40.3785	-5.45922	25.5936
			*MESH_VERTEX 162	-2.9329	-101.514	40.3277
			*MESH_VERTEX 163	-0.004997	-78.5193	26.7511
			*MESH_VERTEX 164	0.000145	-78.0477	36.0242
			*MESH_VERTEX 165	-2.45268	20.0493	79.8859
			*MESH_VERTEX 166	-2.45267	3.85705	73.0412
			*MESH_VERTEX 167	31.7097	34.9561	26.461
			*MESH_VERTEX 168	27.0451	22.1911	38.2386
			*MESH_VERTEX 169	34.4198	-19.0299	14.3022
			*MESH_VERTEX 170	24.3675	-24.7372	2.50902
			*MESH_VERTEX 171	-33.3176	-17.8308	14.0344
			*MESH_VERTEX 172	-23.0805	-23.8997	2.70233
			*MESH_VERTEX 173	0.653958	-15.7365	84.4587
			*MESH_VERTEX 174	-26.6797	32.526	57.3951
			*MESH_VERTEX 175	-39.589	38.7432	43.0362
			*MESH_VERTEX 176	2.78002	64.1079	27.8103
			*MESH_VERTEX 177	-2.78991	64.1078	27.8103
			*MESH_VERTEX 178	-32.8546	34.5898	12.8757
			*MESH_VERTEX 179	-30.7674	39.8369	33.182
			*MESH_VERTEX 180	-32.0062	-11.5948	3.77409
			*MESH_VERTEX 181	-1.0002e-006	33.3418	86.7055
			*MESH_VERTEX 182	33.333	-12.5212	4.12642
			*MESH_VERTEX 183	6.46747	-15.2903	66.662
			*MESH_VERTEX 184	39.0229	39.1368	42.8074
			*MESH_VERTEX 185	20.1967	-38.6829	34.5956
			*MESH_VERTEX 186	0.000131	-59.8842	22.6497
			*MESH_VERTEX 187	-20.2066	-38.683	34.5956
			*MESH_VERTEX 188	-37.5209	44.3402	14.0228
			*MESH_VERTEX 189	6.68373	-85.6528	29.4743
			*MESH_VERTEX 190	-6.69396	-85.6526	29.4742
			*MESH_VERTEX 191	2.42233	20.172	79.5278
			*MESH_VERTEX 192	2.42233	4.18123	72.8457
			*MESH_VERTEX 193	-28.679	-8.68023	14.8091
			*MESH_VERTEX 194	-27.1444	-21.4457	9.8974
			*MESH_VERTEX 195	34.9153	29.7005	32.0828
			*MESH_VERTEX 196	26.6154	32.5917	57.3252
			*MESH_VERTEX 197	19.7652	40.5344	49.6515
			*MESH_VERTEX 198	-39.2953	35.9892	11.4644
			*MESH_VERTEX 199	42.0488	36.9309	26.1036
			*MESH_VERTEX 200	-35.1886	29.1993	32.5817
			*MESH_VERTEX 201	40.6848	-15.4007	11.6167
			*MESH_VERTEX 202	-39.5052	-14.1272	11.2178
			*MESH_VERTEX 203	29.8517	-9.75007	14.8317
			*MESH_VERTEX 204	28.3141	-22.5332	9.84883
			*MESH_VERTEX 205	-5.06647	-26.9667	93.041
			*MESH_VERTEX 206	8.55145	43.8331	51.2023
			*MESH_VERTEX 207	35.2401	-5.57022	40.884
			*MESH_VERTEX 208	-34.4687	-5.40368	40.9109
			*MESH_VERTEX 209	-8.53176	43.8386	51.1801
			*MESH_VERTEX 210	-15.3299	-74.5457	53.9414
			*MESH_VERTEX 211	-9.26446	-70.7039	47.0101
			*MESH_VERTEX 212	15.32	-74.5456	53.9414
			*MESH_VERTEX 213	9.25458	-70.7039	47.01
			*MESH_VERTEX 214	-0.997582	-48.9311	72.1788
			*MESH_VERTEX 215	1.80402	61.9392	70.4039
			*MESH_VERTEX 216	1.80404	42.0416	92.704
			*MESH_VERTEX 217	-1.67559	5.26924	87.6792
			*MESH_VERTEX 218	-1.29373	-30.0212	66.8665
			*MESH_VERTEX 219	-37.2256	-7.78964	13.5455
			*MESH_VERTEX 220	-1.40796	-14.267	83.5157
			*MESH_VERTEX 221	0.275875	-16.5076	66.312
			*MESH_VERTEX 222	4.90454	-30.797	68.2551
			*MESH_VERTEX 223	15.5225	41.3179	62.7408
			*MESH_VERTEX 224	-40.0744	-16.5978	35.2905
			*MESH_VERTEX 225	-10.19	-14.3672	104.148
			*MESH_VERTEX 226	40.794	-16.9437	35.5876
			*MESH_VERTEX 227	0.10061	28.9351	80.8964
			*MESH_VERTEX 228	0.10059	10.0145	79.5269
			*MESH_VERTEX 229	0.756136	55.5108	76.7813
			*MESH_VERTEX 230	-0.121852	38.1426	83.7148
			*MESH_VERTEX 231	0.756199	33.0179	93.4573
			*MESH_VERTEX 232	-0.121842	15.2562	87.6045
			*MESH_VERTEX 233	4.59999e-005	-8.99259	90.6632
			*MESH_VERTEX 234	6.57926	13.0986	92.3617
			*MESH_VERTEX 235	-6.58914	13.0985	92.3617
			*MESH_VERTEX 236	-20.2163	40.4955	49.4046
			*MESH_VERTEX 237	-15.5325	41.318	62.7405
			*MESH_VERTEX 238	-0.005218	-96.4842	22.0551
			*MESH_VERTEX 239	-0.178267	1.36884	79.3843
			*MESH_VERTEX 240	23.0363	-43.4034	44.2686
			*MESH_VERTEX 241	38.4293	-8.99108	13.6749
			*MESH_VERTEX 242	31.4302	22.4933	57.4864
			*MESH_VERTEX 243	-2.95146	2.70728	70.0638
			*MESH_VERTEX 244	7.22419	-49.5105	59.2243
			*MESH_VERTEX 245	15.7752	-5.90267	74.4554
			*MESH_VERTEX 246	18.5414	-39.9087	59.4109
			*MESH_VERTEX 247	19.7635	-22.8137	68.239
			*MESH_VERTEX 248	-23.0455	-43.4031	44.2644
			*MESH_VERTEX 249	-7.23407	-49.5105	59.2243
			*MESH_VERTEX 250	-15.7851	-5.90274	74.4554
			*MESH_VERTEX 251	-18.5513	-39.9088	59.4109
			*MESH_VERTEX 252	-19.7734	-22.8138	68.239
			*MESH_VERTEX 253	4.79999e-005	13.9202	21.3662
			*MESH_VERTEX 254	3.02626	1.22968	70.0637
			*MESH_VERTEX 255	-31.3164	22.3591	57.7958
			*MESH_VERTEX 256	-2.75519	-44.7633	57.7844
			*MESH_VERTEX 257	-40.8001	36.9611	25.8325
			*MESH_VERTEX 258	-44.0431	-11.7747	24.3164
			*MESH_VERTEX 259	45.0323	-12.6484	24.7015
			*MESH_VERTEX 260	-1.72746	-4.10353	97.9445
			*MESH_VERTEX 261	3.72951	-45.9436	57.0673
			*MESH_VERTEX 262	-18.809	-5.55727	26.8878
			*MESH_VERTEX 263	18.7991	-5.55712	26.8878
			*MESH_VERTEX 264	-4.53551	-29.2896	83.9488
			*MESH_VERTEX 265	-6.22602	-8.8215	88.2955
			*MESH_VERTEX 266	6.21613	-8.82147	88.2955
			*MESH_VERTEX 267	-0.574456	-29.7724	85.5489
			*MESH_VERTEX 268	44.2279	43.5012	6.28331
			*MESH_VERTEX 269	1.08672	10.1804	95.4928
			*MESH_VERTEX 270	-1.4067	-15.5194	84.0505
			*MESH_VERTEX 271	2.23673	-45.4952	87.8365
			*MESH_VERTEX 272	1.89601	-49.2762	80.2591
			*MESH_VERTEX 273	0.101034	-50.0951	63.9979
			*MESH_VERTEX 274	-37.1184	45.256	25.2202
			*MESH_VERTEX 275	-39.9698	32.0474	42.2688
			*MESH_VERTEX 276	-0.169975	-32.6827	76.4331
			*MESH_VERTEX 277	-5.35336	-89.4874	22.6663
			*MESH_VERTEX 278	5.3431	-89.4876	22.6664
			*MESH_VERTEX 279	-1.07819	-11.1741	92.2776
			*MESH_VERTEX 280	29.0049	-27.603	2.86108
			*MESH_VERTEX 281	-27.7391	-26.73	3.06141
			*MESH_VERTEX 282	-36.0657	-21.7894	7.51863
			*MESH_VERTEX 283	3.17631	17.3041	101.144
			*MESH_VERTEX 284	2.24648	-18.3787	75.6207
			*MESH_VERTEX 285	38.5986	42.3529	33.1463
			*MESH_VERTEX 286	37.2748	-22.8507	7.61877
			*MESH_VERTEX 287	33.8985	33.7865	19.1801
			*MESH_VERTEX 288	6.01516	49.501	58.8836
			*MESH_VERTEX 289	-6.02504	49.501	58.8836
			*MESH_VERTEX 290	-0.004943	53.252	43.1758
			*MESH_VERTEX 291	43.2675	36.0838	10.5928
			*MESH_VERTEX 292	2.10445	-15.0447	75.0661
			*MESH_VERTEX 293	-0.987848	-9.52181	91.0519
			*MESH_VERTEX 294	-0.004978	38.5649	44.1864
			*MESH_VERTEX 295	-6.43363	-25.9599	91.7882
			*MESH_VERTEX 296	-0.326668	-29.3139	76.117
			*MESH_VERTEX 297	0.000178	-102.572	39.8907
			*MESH_VERTEX 298	-31.8176	33.402	20.2252
			*MESH_VERTEX 299	1.59122	38.1216	82.9452
			*MESH_VERTEX 300	1.59123	15.7348	87.0014
			*MESH_VERTEX 301	-3.78273	-4.52632	97.7841
			*MESH_VERTEX 302	-5.54289	-40.3978	69.8985
			*MESH_VERTEX 303	5.53302	-40.3977	69.8985
			*MESH_VERTEX 304	9.59995e-005	-50.4386	70.639
			*MESH_VERTEX 305	25.6789	-1.03427	58.7133
			*MESH_VERTEX 306	1.14216	17.4939	100.54
			*MESH_VERTEX 307	3.82311	-47.2974	64.903
			*MESH_VERTEX 308	-39.0415	37.5861	16.5421
			*MESH_VERTEX 309	39.4397	32.454	41.963
			*MESH_VERTEX 310	-3.93573	-91.3774	43.5895
			*MESH_VERTEX 311	3.92585	-91.3774	43.5895
			*MESH_VERTEX 312	0.121911	4.89926	72.4672
			*MESH_VERTEX 313	0.121916	20.4787	78.7763
			*MESH_VERTEX 314	-8.03979	-23.2861	73.6239
			*MESH_VERTEX 315	8.02991	-23.2862	73.6239
			*MESH_VERTEX 316	10.6204	-62.5871	27.6064
			*MESH_VERTEX 317	-10.6303	-62.5871	27.6063
			*MESH_VERTEX 318	0.000108999	-40.3313	20.1238
			*MESH_VERTEX 319	11.0879	-43.1384	28.5391
			*MESH_VERTEX 320	-40.257	43.4144	7.14982
			*MESH_VERTEX 321	-41.1969	43.492	3.53911
			*MESH_VERTEX 322	45.1685	43.5771	2.6747
			*MESH_VERTEX 323	-11.0978	-43.1384	28.5391
			*MESH_VERTEX 324	38.1657	-22.3909	2.81689
			*MESH_VERTEX 325	-36.8688	-21.477	2.68955
			*MESH_VERTEX 326	14.3787	-69.3627	54.1908
			*MESH_VERTEX 327	-14.3886	-69.3628	54.1908
			*MESH_VERTEX 328	-8.34051	-20.8353	98.5557
			*MESH_VERTEX 329	-2.5764	-30.825	85.1843
			*MESH_VERTEX 330	-6.45493	-20.9068	99.6372
			*MESH_VERTEX 331	-0.426425	19.0063	82.4985
			*MESH_VERTEX 332	-0.426392	1.37875	74.3721
			*MESH_VERTEX 333	-0.400146	-0.0511179	70.0637
			*MESH_VERTEX 334	2.87401	6.83924	87.0952
			*MESH_VERTEX 335	0.537998	4.64037	78.5714
			*MESH_VERTEX 336	1.45669	11.7089	94.1385
			*MESH_VERTEX 337	3.73875	-48.4949	72.4121
			*MESH_VERTEX 338	1.11815	-46.7306	65.0279
			*MESH_VERTEX 339	2.0118	-32.3981	67.2737
			*MESH_VERTEX 340	2.38746	-44.8831	87.6179
			*MESH_VERTEX 341	0.000405	-81.2667	19.7169
			*MESH_VERTEX 342	0.328049	4.85687	88.0191
			*MESH_VERTEX 343	3.29422	-14.8935	66.565
			*MESH_VERTEX 344	-1.78953	-4.54831	98.471
			*MESH_VERTEX 345	8.53614	32.7904	32.1321
			*MESH_VERTEX 346	1.59901	-28.4201	67.848
			*MESH_VERTEX 347	3.60402	-18.9154	66.2529
			*MESH_VERTEX 348	-5.77934	28.8559	84.0673
			*MESH_VERTEX 349	-25.6887	-1.03439	58.7133
			*MESH_VERTEX 350	5.76946	28.8559	84.0673
			*MESH_VERTEX 351	16.9776	-24.7771	27.8901
			*MESH_VERTEX 352	-16.9875	-24.7772	27.8901
			*MESH_VERTEX 353	8.69995e-005	-23.7907	22.423
			*MESH_VERTEX 354	6.49995e-005	-3.94362	19.3621
			*MESH_VERTEX 355	0.47494	3.98808	70.0638
			*MESH_VERTEX 356	-33.5262	33.4982	7.63942
			*MESH_VERTEX 357	9.09314	12.5147	87.1172
			*MESH_VERTEX 358	17.9963	30.5588	69.8394
			*MESH_VERTEX 359	-9.10302	12.5147	87.1172
			*MESH_VERTEX 360	-18.0061	30.5587	69.8394
			*MESH_VERTEX 361	37.5049	33.5955	6.77191
			*MESH_VERTEX 362	1.10413	-43.5021	58.4316
			*MESH_VERTEX 363	41.4085	44.3078	13.4422
			*MESH_VERTEX 364	7.38987	-84.4532	24.9623
			*MESH_VERTEX 365	-7.40002	-84.453	24.9622
			*MESH_VERTEX 366	4.60809	-45.2712	87.9747
			*MESH_VERTEX 367	-0.129804	-47.2048	56.42
			*MESH_VERTEX 368	-0.354025	28.5277	84.1711
			*MESH_VERTEX 369	-0.354069	7.59746	81.7737
			*MESH_VERTEX 370	0.25602	47.3067	81.192
			*MESH_VERTEX 371	1.60605	55.3559	76.4484
			*MESH_VERTEX 372	0.255912	23.8979	91.5626
			*MESH_VERTEX 373	1.60605	33.1131	93.1027
			*MESH_VERTEX 374	4.78861	-17.0377	75.6432
			*MESH_VERTEX 375	-4.90142	-25.2139	91.9636
			*MESH_VERTEX 376	18.0983	-65.7625	44.8915
			*MESH_VERTEX 377	-18.1082	-65.7626	44.8915
			*MESH_VERTEX 378	-32.5205	-24.5725	31.7488
			*MESH_VERTEX 379	-26.9906	-36.2554	43.0061
			*MESH_VERTEX 380	20.2177	-48.9692	42.986
			*MESH_VERTEX 381	-20.2276	-48.9693	42.986
			*MESH_VERTEX 382	33.1951	-24.7657	31.8384
			*MESH_VERTEX 383	27.0644	-36.3027	43.0239
			*MESH_VERTEX 384	-8.5097	32.7835	32.1202
			*MESH_VERTEX 385	-9.421	-78.8292	25.4625
			*MESH_VERTEX 386	9.41101	-78.8295	25.4626
			*MESH_VERTEX 387	-10.686	-79.7019	43.8508
			*MESH_VERTEX 388	-14.9988	-67.3091	39.1605
			*MESH_VERTEX 389	-9.68479	-82.651	34.6667
			*MESH_VERTEX 390	10.6762	-79.7019	43.8508
			*MESH_VERTEX 391	14.9889	-67.3091	39.1605
			*MESH_VERTEX 392	9.67491	-82.6509	34.6667
			*MESH_VERTEX 393	0.000161	-88.4401	47.8982
			*MESH_VERTEX 394	-33.2561	16.4581	45.0734
			*MESH_VERTEX 395	-18.8223	15.65	30.6028
			*MESH_VERTEX 396	0.228913	37.7946	81.1041
			*MESH_VERTEX 397	0.228822	16.6678	85.3809
			*MESH_VERTEX 398	42.5105	37.5003	16.2304
			*MESH_VERTEX 399	8.29996e-005	-40.191	73.258
			*MESH_VERTEX 400	6.74835	-24.4133	78.3958
			*MESH_VERTEX 401	-6.75824	-24.4133	78.3958
			*MESH_VERTEX 402	5.59997e-005	-22.0795	81.2426
			*MESH_VERTEX 403	11.1999	-73.3427	46.7135
			*MESH_VERTEX 404	-11.2097	-73.3427	46.7135
			*MESH_VERTEX 405	-10.1199	-14.1837	103.863
			*MESH_VERTEX 406	-2.60392	-49.5283	64.1229
			*MESH_VERTEX 407	1.77233	42.1029	93.0402
			*MESH_VERTEX 408	1.77231	62.2023	70.6221
			*MESH_VERTEX 409	33.036	16.777	44.6395
			*MESH_VERTEX 410	0.791383	-50.786	72.0996
			*MESH_VERTEX 411	8.95877	-40.5271	63.8468
			*MESH_VERTEX 412	5.65513	-49.9486	64.1671
			*MESH_VERTEX 413	-8.96865	-40.5271	63.8468
			*MESH_VERTEX 414	-5.66501	-49.9486	64.1671
			*MESH_VERTEX 415	-4.99728	2.5891	102.751
			*MESH_VERTEX 416	1.56365	-48.022	72.3607
			*MESH_VERTEX 417	2.69786	25.0617	104.954
			*MESH_VERTEX 418	-33.1102	33.0108	3.49413
			*MESH_VERTEX 419	37.091	33.1072	2.62944
			*MESH_VERTEX 420	18.8124	15.6501	30.6028
			*MESH_VERTEX 421	3.72524	25.0419	105.298
			*MESH_VERTEX 422	-9.19932	-14.1538	104.453
			*MESH_VERTEX 423	3.76923	25.168	104.978
			*MESH_VERTEX 424	-9.12917	-13.9703	104.167
			*MESH_VERTEX 425	0.250251	-48.9382	80.1042
			*MESH_VERTEX 426	-4.01757	2.6483	103.142
			*MESH_VERTEX 427	-3.97084	2.80543	102.835
			*MESH_VERTEX 428	0.990506	41.9607	92.7232
			*MESH_VERTEX 429	0.990465	61.8896	70.4705
			*MESH_VERTEX 430	-0.42586	10.4177	95.1286
			*MESH_VERTEX 431	16.5214	15.2661	78.9519
			*MESH_VERTEX 432	2.42153	-47.2652	80.0221
			*MESH_VERTEX 433	-2.67247	1.9591	79.1657
			*MESH_VERTEX 434	4.55563	-39.9321	94.6404
			*MESH_VERTEX 435	-16.5313	15.266	78.9519
			*MESH_VERTEX 436	-15.2986	-68.9553	50.5797
			*MESH_VERTEX 437	15.2887	-68.9552	50.5797
			*MESH_VERTEX 438	-6.51615	-26.8363	92.3269
			*MESH_VERTEX 439	-2.59885	-11.0721	91.8576
			*MESH_VERTEX 440	3.0322	4.0501	78.79
			*MESH_VERTEX 441	0.000149	-79.0661	50.7878
			*MESH_VERTEX 442	0.870419	7.25162	86.7553
			*MESH_VERTEX 443	-3.53425	-26.2207	93.2164
			*MESH_VERTEX 444	3.31455	-48.9797	64.3879
			*MESH_VERTEX 445	-2.70219	-32.345	75.6408
			*MESH_VERTEX 446	0.532865	-9.62379	91.472
			*MESH_VERTEX 447	-3.45172	-25.3444	92.6777
			*MESH_VERTEX 448	-0.366668	-18.0527	75.3208
			*MESH_VERTEX 449	-7.91139	27.9375	78.2204
			*MESH_VERTEX 450	7.90151	27.9376	78.2204
			*MESH_VERTEX 451	31.5195	42.581	23.5197
			*MESH_VERTEX 452	2.28396	-31.336	77.0673
			*MESH_VERTEX 453	-2.09537	-47.8461	64.6379
			*MESH_VERTEX 454	-29.6252	41.9288	25.1569
			*MESH_VERTEX 455	-2.53351	-28.237	84.3134
			*MESH_VERTEX 456	4.7176	-15.3707	75.3659
			*MESH_VERTEX 457	0.651414	-13.2318	83.3891
			*MESH_VERTEX 458	2.20559	-29.6516	76.9093
			*MESH_VERTEX 459	2.71333	-14.7012	84.3322
			*MESH_VERTEX 460	0.513014	-47.9327	79.9857
			*MESH_VERTEX 461	9.99861e-007	32.9638	93.1412
			*MESH_VERTEX 462	-3.2e-005	55.2662	76.5739
			*MESH_VERTEX 463	5.68184	-40.0764	94.8871
			*MESH_VERTEX 464	0.903111	33.1001	92.1159
			*MESH_VERTEX 465	1.67953	33.1542	92.432
			*MESH_VERTEX 466	0.903073	54.7116	75.7009
			*MESH_VERTEX 467	1.67952	54.9563	75.9082
			*MESH_VERTEX 468	5.74243	-39.8166	94.7143
			*MESH_VERTEX 469	3.80453	-48.6087	80.2955
			*MESH_VERTEX 470	-1.65935	15.4833	87.0957
			*MESH_VERTEX 471	-1.65937	37.9896	83.179
			*MESH_VERTEX 472	-2.55368	-10.246	91.2447
			*MESH_VERTEX 473	2.78428	10.7073	95.1798
			*MESH_VERTEX 474	-2.78055	-30.6606	75.4828
			*MESH_VERTEX 475	-7.29868	-20.382	98.6171
			*MESH_VERTEX 476	-7.49676	-21.3601	99.5758
			*MESH_VERTEX 477	-0.001689	45.8194	73.7476
			*MESH_VERTEX 478	-0.437684	-16.3857	75.0435
			*MESH_VERTEX 479	-4.78462	-97.2283	40.4335
			*MESH_VERTEX 480	4.77473	-97.2283	40.4335
			*MESH_VERTEX 481	-0.241035	11.182	94.4514
			*MESH_VERTEX 482	-2.72405	-4.09254	97.6011
			*MESH_VERTEX 483	2.05208	17.0072	101.404
			*MESH_VERTEX 484	2.26637	17.7908	100.281
			*MESH_VERTEX 485	-2.8482	-4.9821	98.654
			*MESH_VERTEX 486	2.67407	2.41435	79.1964
