*3DSMAX_ASCIIEXPORT	110
*COMMENT "[ GothicSourcer v3.10 ] - August 2006"
*SCENE {
	*SCENE_FILENAME "STG_AMBIENT_A01.MAX"
	*SCENE_FIRSTFRAME 0
	*SCENE_LASTFRAME 0
	*SCENE_FRAMESPEED 25
	*SCENE_TICKSPERFRAME 192
	*SCENE_BACKGROUND_STATIC 0	0	0
	*SCENE_AMBIENT_STATIC 0.2	0.2	0.2
}
*HELPEROBJECT {
	*NODE_NAME "Bip01"
	*NODE_TM {
		*NODE_NAME "Bip01"
		*TM_ROW0 1.26759e-006	-1	0
		*TM_ROW1 1	1.26759e-006	0
		*TM_ROW2 -0	-0	1
		*TM_ROW3 -4e-006	4e-006	101.916
		*TM_POS -4e-006	4e-006	101.916
		*TM_ROTAXIS 0	0	1
		*TM_ROTANGLE 1.5708
		*TM_SCALE 1	1	1
		*TM_SCALEAXIS 0	0	0
		*TM_SCALEAXISANG 0	0	0
	}
	*TM_ANIMATION {
		*NODE_NAME  "Bip01"
		*CONTROL_POS_TRACK {
			*CONTROL_POS_SAMPLE 0	0.000363042	0.176396	101.916
		}
		*CONTROL_ROT_TRACK {
			*CONTROL_ROT_SAMPLE 0	0	0	1	1.57087
		}
		*CONTROL_SCALE_TRACK {
			*CONTROL_SCALE_SAMPLE	0	1	1	1	0	0	0	0
		}
	}
}
*HELPEROBJECT {
	*NODE_NAME "Bip01 Pelvis"
	*NODE_PARENT "Bip01"
	*NODE_TM {
		*NODE_NAME "Bip01 Pelvis"
		*TM_ROW0 -1.19209e-006	-1.64892e-007	1
		*TM_ROW1 2.99332e-006	-1	-1.64887e-007
		*TM_ROW2 1	2.99332e-006	1.66893e-006
		*TM_ROW3 6e-006	-0.498081	101.916
		*TM_POS 6e-006	-0.498081	101.916
		*TM_ROTAXIS -0.707106	-1e-006	-0.707107
		*TM_ROTANGLE 3.14159
		*TM_SCALE 1	1	1
		*TM_SCALEAXIS 0	0	0
		*TM_SCALEAXISANG 0	0	0
	}
	*TM_ANIMATION {
		*NODE_NAME  "Bip01 Pelvis"
		*CONTROL_POS_TRACK {
			*CONTROL_POS_SAMPLE 0	-4.77878e-005	-0.496906	101.916
		}
		*CONTROL_ROT_TRACK {
			*CONTROL_ROT_SAMPLE 0	-0.707081	2.50926e-005	-0.707133	3.14165
		}
		*CONTROL_SCALE_TRACK {
			*CONTROL_SCALE_SAMPLE	0	1	1	1	0	0	0	0
		}
	}
}
*HELPEROBJECT {
	*NODE_NAME "Bip01 Spine"
	*NODE_PARENT "Bip01 Pelvis"
	*NODE_TM {
		*NODE_NAME "Bip01 Spine"
		*TM_ROW0 3.6775e-008	-0.0269724	0.999636
		*TM_ROW1 -1.46963e-006	-0.999636	-0.0269724
		*TM_ROW2 1	-1.46963e-006	3.67749e-008
		*TM_ROW3 6e-006	-0.408945	104.317
		*TM_POS 6e-006	-0.408945	104.317
		*TM_ROTAXIS 0.707075	-0.009538	0.707075
		*TM_ROTANGLE 3.12252
		*TM_SCALE 1	1	1
		*TM_SCALEAXIS 0	0	0
		*TM_SCALEAXISANG 0	0	0
	}
	*TM_ANIMATION {
		*NODE_NAME  "Bip01 Spine"
		*CONTROL_POS_TRACK {
			*CONTROL_POS_SAMPLE 0	-0.00058728	-0.40701	104.316
		}
		*CONTROL_ROT_TRACK {
			*CONTROL_ROT_SAMPLE 0	-0.707049	0.00954174	-0.707101	3.16068
		}
		*CONTROL_SCALE_TRACK {
			*CONTROL_SCALE_SAMPLE	0	1	1	1	0	0	0	0
		}
	}
}
*HELPEROBJECT {
	*NODE_NAME "Bip01 Spine1"
	*NODE_PARENT "Bip01 Spine"
	*NODE_TM {
		*NODE_NAME "Bip01 Spine1"
		*TM_ROW0 1.85885e-008	-0.00952406	0.999955
		*TM_ROW1 -1.91294e-006	-0.999955	-0.00952406
		*TM_ROW2 1	-1.91294e-006	1.85884e-008
		*TM_ROW3 6e-006	-0.663831	114.14
		*TM_POS 6e-006	-0.663831	114.14
		*TM_ROTAXIS 0.707103	-0.003368	0.707103
		*TM_ROTANGLE 3.13486
		*TM_SCALE 1	1	1
		*TM_SCALEAXIS 0	0	0
		*TM_SCALEAXISANG 0	0	0
	}
	*TM_ANIMATION {
		*NODE_NAME  "Bip01 Spine1"
		*CONTROL_POS_TRACK {
			*CONTROL_POS_SAMPLE 0	-0.00167098	-0.66166	114.138
		}
		*CONTROL_ROT_TRACK {
			*CONTROL_ROT_SAMPLE 0	-0.707077	0.00337864	-0.707129	3.14835
		}
		*CONTROL_SCALE_TRACK {
			*CONTROL_SCALE_SAMPLE	0	1	1	1	0	0	0	0
		}
	}
}
*HELPEROBJECT {
	*NODE_NAME "Bip01 Spine2"
	*NODE_PARENT "Bip01 Spine1"
	*NODE_TM {
		*NODE_NAME "Bip01 Spine2"
		*TM_ROW0 3.88694e-008	-0.000796398	1
		*TM_ROW1 -1.21718e-006	-1	-0.000796398
		*TM_ROW2 1	-1.21718e-006	3.88693e-008
		*TM_ROW3 6e-006	-0.761755	126.93
		*TM_POS 6e-006	-0.761755	126.93
		*TM_ROTAXIS 0.707107	-0.000282	0.707107
		*TM_ROTANGLE 3.14103
		*TM_SCALE 1	1	1
		*TM_SCALEAXIS 0	0	0
		*TM_SCALEAXISANG 0	0	0
	}
	*TM_ANIMATION {
		*NODE_NAME  "Bip01 Spine2"
		*CONTROL_POS_TRACK {
			*CONTROL_POS_SAMPLE 0	-0.00297294	-0.759851	126.926
		}
		*CONTROL_ROT_TRACK {
			*CONTROL_ROT_SAMPLE 0	-0.707081	0.000297183	-0.707133	3.14219
		}
		*CONTROL_SCALE_TRACK {
			*CONTROL_SCALE_SAMPLE	0	1	1	1	0	0	0	0
		}
	}
}
*HELPEROBJECT {
	*NODE_NAME "Bip01 Neck"
	*NODE_PARENT "Bip01 Spine2"
	*NODE_TM {
		*NODE_NAME "Bip01 Neck"
		*TM_ROW0 1.85885e-008	-0.00952406	0.999955
		*TM_ROW1 -1.91294e-006	-0.999955	-0.00952406
		*TM_ROW2 1	-1.91294e-006	1.85884e-008
		*TM_ROW3 6.00001e-006	-0.780213	156.914
		*TM_POS 6.00001e-006	-0.780213	156.914
		*TM_ROTAXIS 0.707103	-0.003368	0.707103
		*TM_ROTANGLE 3.13486
		*TM_SCALE 1	1	1
		*TM_SCALEAXIS 0	0	0
		*TM_SCALEAXISANG 0	0	0
	}
	*TM_ANIMATION {
		*NODE_NAME  "Bip01 Neck"
		*CONTROL_POS_TRACK {
			*CONTROL_POS_SAMPLE 0	-0.00553774	-0.779687	156.909
		}
		*CONTROL_ROT_TRACK {
			*CONTROL_ROT_SAMPLE 0	-0.707077	0.00337864	-0.707129	3.14835
		}
		*CONTROL_SCALE_TRACK {
			*CONTROL_SCALE_SAMPLE	0	1	1	1	0	0	0	0
		}
	}
}
*HELPEROBJECT {
	*NODE_NAME "Bip01 Head"
	*NODE_PARENT "Bip01 Neck"
	*NODE_TM {
		*NODE_NAME "Bip01 Head"
		*TM_ROW0 4.70243e-008	-0.0784586	0.996918
		*TM_ROW1 -1.72108e-006	-0.996917	-0.0784586
		*TM_ROW2 1	-1.72108e-006	4.70243e-008
		*TM_ROW3 6.00001e-006	-0.845349	163.753
		*TM_POS 6.00001e-006	-0.845349	163.753
		*TM_ROTAXIS 0.706834	-0.027772	0.706834
		*TM_ROTANGLE 3.08607
		*TM_SCALE 1	1	1
		*TM_SCALEAXIS 0	0	0
		*TM_SCALEAXISANG 0	0	0
	}
	*TM_ANIMATION {
		*NODE_NAME  "Bip01 Head"
		*CONTROL_POS_TRACK {
			*CONTROL_POS_SAMPLE 0	-0.00640274	-0.844687	163.747
		}
		*CONTROL_ROT_TRACK {
			*CONTROL_ROT_SAMPLE 0	-0.706808	0.0277667	-0.70686	3.19712
		}
		*CONTROL_SCALE_TRACK {
			*CONTROL_SCALE_SAMPLE	0	1	1	1	0	0	0	0
		}
	}
}
*HELPEROBJECT {
	*NODE_NAME "Bip01 L Clavicle"
	*NODE_PARENT "Bip01 Neck"
	*NODE_TM {
		*NODE_NAME "Bip01 L Clavicle"
		*TM_ROW0 0.999353	-0.00872026	0.0349
		*TM_ROW1 0.00872555	0.999962	9.20152e-007
		*TM_ROW2 -0.0348987	0.000303603	0.999391
		*TM_ROW3 7.96399	1.69039	151.548
		*TM_POS 7.96399	1.69039	151.548
		*TM_ROTAXIS 0.00420705	0.970146	0.242483
		*TM_ROTANGLE 0.0359812
		*TM_SCALE 1	1	1
		*TM_SCALEAXIS 0	0	0
		*TM_SCALEAXISANG 0	0	0
	}
	*TM_ANIMATION {
		*NODE_NAME  "Bip01 L Clavicle"
		*CONTROL_POS_TRACK {
			*CONTROL_POS_SAMPLE 0	7.9583	1.69256	151.543
		}
		*CONTROL_ROT_TRACK {
			*CONTROL_ROT_SAMPLE 0	0.10352	0.936556	0.334882	0.0373213
		}
		*CONTROL_SCALE_TRACK {
			*CONTROL_SCALE_SAMPLE	0	1	1	1	0	0	0	0
		}
	}
}
*HELPEROBJECT {
	*NODE_NAME "Bip01 L UpperArm"
	*NODE_PARENT "Bip01 L Clavicle"
	*NODE_TM {
		*NODE_NAME "Bip01 L UpperArm"
		*TM_ROW0 0.28187	-0.0804004	-0.956078
		*TM_ROW1 0.055586	0.996178	-0.0673846
		*TM_ROW2 0.957841	-0.0341509	0.285262
		*TM_ROW3 21.2814	1.57419	152.014
		*TM_POS 21.2814	1.57419	152.014
		*TM_ROTAXIS 0.017318	-0.997336	0.070862
		*TM_ROTANGLE 1.28528
		*TM_SCALE 1	1	1
		*TM_SCALEAXIS 0	0	0
		*TM_SCALEAXISANG 0	0	0
	}
	*TM_ANIMATION {
		*NODE_NAME  "Bip01 L UpperArm"
		*CONTROL_POS_TRACK {
			*CONTROL_POS_SAMPLE 0	21.2748	1.52658	152.009
		}
		*CONTROL_ROT_TRACK {
			*CONTROL_ROT_SAMPLE 0	0.017811	-0.997007	0.0752268	1.28554
		}
		*CONTROL_SCALE_TRACK {
			*CONTROL_SCALE_SAMPLE	0	1	1	1	0	0	0	0
		}
	}
}
*HELPEROBJECT {
	*NODE_NAME "Bip01 L Forearm"
	*NODE_PARENT "Bip01 L UpperArm"
	*NODE_TM {
		*NODE_NAME "Bip01 L Forearm"
		*TM_ROW0 0.284149	-0.0340116	-0.958177
		*TM_ROW1 0.0424249	0.998838	-0.0228737
		*TM_ROW2 0.957841	-0.034151	0.285262
		*TM_ROW3 29.1473	-0.669482	125.333
		*TM_POS 29.1473	-0.669482	125.333
		*TM_ROTAXIS -0.005881	-0.999188	0.039861
		*TM_ROTANGLE 1.2827
		*TM_SCALE 1	1	1
		*TM_SCALEAXIS 0	0	0
		*TM_SCALEAXISANG 0	0	0
	}
	*TM_ANIMATION {
		*NODE_NAME  "Bip01 L Forearm"
		*CONTROL_POS_TRACK {
			*CONTROL_POS_SAMPLE 0	29.1336	-0.844312	125.338
		}
		*CONTROL_ROT_TRACK {
			*CONTROL_ROT_SAMPLE 0	-0.00536613	-0.999005	0.0442656	1.28276
		}
		*CONTROL_SCALE_TRACK {
			*CONTROL_SCALE_SAMPLE	0	1	1	1	0	0	0	0
		}
	}
}
*HELPEROBJECT {
	*NODE_NAME "Bip01 L Hand"
	*NODE_PARENT "Bip01 L Forearm"
	*NODE_TM {
		*NODE_NAME "Bip01 L Hand"
		*TM_ROW0 0.0719867	0.00941309	-0.997361
		*TM_ROW1 -0.996089	0.0520512	-0.0714035
		*TM_ROW2 0.0512415	0.9986	0.0131235
		*TM_ROW3 37.0513	-1.61556	98.6801
		*TM_POS 37.0513	-1.61556	98.6801
		*TM_ROTAXIS 0.593029	-0.581168	-0.55728
		*TM_ROTANGLE 2.01686
		*TM_SCALE 1	1	1
		*TM_SCALEAXIS 0	0	0
		*TM_SCALEAXISANG 0	0	0
	}
	*TM_ANIMATION {
		*NODE_NAME  "Bip01 L Hand"
		*CONTROL_POS_TRACK {
			*CONTROL_POS_SAMPLE 0	37.0355	-1.91848	98.6891
		}
		*CONTROL_ROT_TRACK {
			*CONTROL_ROT_SAMPLE 0	0.593096	-0.583312	-0.554963	2.01682
		}
		*CONTROL_SCALE_TRACK {
			*CONTROL_SCALE_SAMPLE	0	1	1	1	0	0	0	0
		}
	}
}
*HELPEROBJECT {
	*NODE_NAME "Bip01 L Finger0"
	*NODE_PARENT "Bip01 L Hand"
	*NODE_TM {
		*NODE_NAME "Bip01 L Finger0"
		*TM_ROW0 0.0719861	0.00941288	-0.997361
		*TM_ROW1 -0.996129	0.0512571	-0.0714134
		*TM_ROW2 0.0504495	0.998641	0.0130663
		*TM_ROW3 37.9778	-1.49442	85.8442
		*TM_POS 37.9778	-1.49442	85.8442
		*TM_ROTAXIS 0.593191	-0.58086	-0.557428
		*TM_ROTANGLE 2.01733
		*TM_SCALE 1	1	1
		*TM_SCALEAXIS 0	0	0
		*TM_SCALEAXISANG 0	0	0
	}
	*TM_ANIMATION {
		*NODE_NAME  "Bip01 L Finger0"
		*CONTROL_POS_TRACK {
			*CONTROL_POS_SAMPLE 0	37.9641	-1.84844	85.8541
		}
		*CONTROL_ROT_TRACK {
			*CONTROL_ROT_SAMPLE 0	0.593253	-0.583014	-0.555108	2.01727
		}
		*CONTROL_SCALE_TRACK {
			*CONTROL_SCALE_SAMPLE	0	1	1	1	0	0	0	0
		}
	}
}
*HELPEROBJECT {
	*NODE_NAME "Bip01 R Clavicle"
	*NODE_PARENT "Bip01 Neck"
	*NODE_TM {
		*NODE_NAME "Bip01 R Clavicle"
		*TM_ROW0 -0.999353	-0.00872261	0.0348995
		*TM_ROW1 -0.00872792	0.999962	3.46523e-007
		*TM_ROW2 -0.0348982	-0.000304255	-0.999391
		*TM_ROW3 -7.96398	1.69037	151.548
		*TM_POS -7.96398	1.69037	151.548
		*TM_ROTAXIS -0.004364	0.99999	-7.60011e-005
		*TM_ROTANGLE 3.10669
		*TM_SCALE 1	1	1
		*TM_SCALEAXIS 0	0	0
		*TM_SCALEAXISANG 0	0	0
	}
	*TM_ANIMATION {
		*NODE_NAME  "Bip01 R Clavicle"
		*CONTROL_POS_TRACK {
			*CONTROL_POS_SAMPLE 0	-7.96932	1.69252	151.542
		}
		*CONTROL_ROT_TRACK {
			*CONTROL_ROT_SAMPLE 0	-0.00625238	0.999979	-0.00193255	3.10678
		}
		*CONTROL_SCALE_TRACK {
			*CONTROL_SCALE_SAMPLE	0	1	1	1	0	0	0	0
		}
	}
}
*HELPEROBJECT {
	*NODE_NAME "Bip01 R UpperArm"
	*NODE_PARENT "Bip01 R Clavicle"
	*NODE_TM {
		*NODE_NAME "Bip01 R UpperArm"
		*TM_ROW0 -0.28187	-0.0804006	-0.956078
		*TM_ROW1 -0.055588	0.996178	-0.0673843
		*TM_ROW2 0.957841	0.0341528	-0.285262
		*TM_ROW3 -21.2814	1.57413	152.014
		*TM_POS -21.2814	1.57413	152.014
		*TM_ROTAXIS 0.052973	-0.998512	0.012945
		*TM_ROTANGLE 1.8603
		*TM_SCALE 1	1	1
		*TM_SCALEAXIS 0	0	0
		*TM_SCALEAXISANG 0	0	0
	}
	*TM_ANIMATION {
		*NODE_NAME  "Bip01 R UpperArm"
		*CONTROL_POS_TRACK {
			*CONTROL_POS_SAMPLE 0	-21.2859	1.52648	152.007
		}
		*CONTROL_ROT_TRACK {
			*CONTROL_ROT_SAMPLE 0	0.0562446	-0.998328	0.0133186	1.86038
		}
		*CONTROL_SCALE_TRACK {
			*CONTROL_SCALE_SAMPLE	0	1	1	1	0	0	0	0
		}
	}
}
*HELPEROBJECT {
	*NODE_NAME "Bip01 R Forearm"
	*NODE_PARENT "Bip01 R UpperArm"
	*NODE_TM {
		*NODE_NAME "Bip01 R Forearm"
		*TM_ROW0 -0.284149	-0.0340124	-0.958177
		*TM_ROW1 -0.0424275	0.998838	-0.0228738
		*TM_ROW2 0.957841	0.0341535	-0.285262
		*TM_ROW3 -29.1473	-0.669562	125.333
		*TM_POS -29.1473	-0.669562	125.333
		*TM_ROTAXIS 0.02975	-0.999548	-0.00438999
		*TM_ROTANGLE 1.8601
		*TM_SCALE 1	1	1
		*TM_SCALEAXIS 0	0	0
		*TM_SCALEAXISANG 0	0	0
	}
	*TM_ANIMATION {
		*NODE_NAME  "Bip01 R Forearm"
		*CONTROL_POS_TRACK {
			*CONTROL_POS_SAMPLE 0	-29.1415	-0.844479	125.334
		}
		*CONTROL_ROT_TRACK {
			*CONTROL_ROT_SAMPLE 0	0.0330391	-0.999446	-0.00400426	1.86017
		}
		*CONTROL_SCALE_TRACK {
			*CONTROL_SCALE_SAMPLE	0	1	1	1	0	0	0	0
		}
	}
}
*HELPEROBJECT {
	*NODE_NAME "Bip01 R Hand"
	*NODE_PARENT "Bip01 R Forearm"
	*NODE_TM {
		*NODE_NAME "Bip01 R Hand"
		*TM_ROW0 -0.0710953	-0.0080177	-0.997437
		*TM_ROW1 0.996087	0.052055	-0.0714177
		*TM_ROW2 0.0524941	-0.998612	0.0042855
		*TM_ROW3 -37.0513	-1.61566	98.6801
		*TM_POS -37.0513	-1.61566	98.6801
		*TM_ROTAXIS 0.537988	0.609204	-0.582614
		*TM_ROTANGLE 4.18025
		*TM_SCALE 1	1	1
		*TM_SCALEAXIS 0	0	0
		*TM_SCALEAXISANG 0	0	0
	}
	*TM_ANIMATION {
		*NODE_NAME  "Bip01 R Hand"
		*CONTROL_POS_TRACK {
			*CONTROL_POS_SAMPLE 0	-37.0401	-1.91871	98.6848
		}
		*CONTROL_ROT_TRACK {
			*CONTROL_ROT_SAMPLE 0	0.536413	0.609932	-0.583305	4.18449
		}
		*CONTROL_SCALE_TRACK {
			*CONTROL_SCALE_SAMPLE	0	1	1	1	0	0	0	0
		}
	}
}
*HELPEROBJECT {
	*NODE_NAME "Bip01 R Finger0"
	*NODE_PARENT "Bip01 R Hand"
	*NODE_TM {
		*NODE_NAME "Bip01 R Finger0"
		*TM_ROW0 -0.0710949	-0.00801731	-0.997437
		*TM_ROW1 0.996129	0.0512589	-0.0714138
		*TM_ROW2 0.0517001	-0.998653	0.00434199
		*TM_ROW3 -37.9663	-1.71885	85.8432
		*TM_POS -37.9663	-1.71885	85.8432
		*TM_ROTAXIS 0.53815	0.608897	-0.582785
		*TM_ROTANGLE 4.17982
		*TM_SCALE 1	1	1
		*TM_SCALEAXIS 0	0	0
		*TM_SCALEAXISANG 0	0	0
	}
	*TM_ANIMATION {
		*NODE_NAME  "Bip01 R Finger0"
		*CONTROL_POS_TRACK {
			*CONTROL_POS_SAMPLE 0	-37.9548	-2.07171	85.8496
		}
		*CONTROL_ROT_TRACK {
			*CONTROL_ROT_SAMPLE 0	0.53657	0.609635	-0.58347	4.18407
		}
		*CONTROL_SCALE_TRACK {
			*CONTROL_SCALE_SAMPLE	0	1	1	1	0	0	0	0
		}
	}
}
*HELPEROBJECT {
	*NODE_NAME "Bip01 L Thigh"
	*NODE_PARENT "Bip01 Spine"
	*NODE_TM {
		*NODE_NAME "Bip01 L Thigh"
		*TM_ROW0 0.113172	-0.0247898	-0.993266
		*TM_ROW1 0.0177437	-0.999479	0.0269666
		*TM_ROW2 -0.993417	-0.020676	-0.112673
		*TM_ROW3 9.01022	-0.498073	101.916
		*TM_POS 9.01022	-0.498073	101.916
		*TM_ROTAXIS 0.745971	-0.002362	-0.665974
		*TM_ROTANGLE 3.17353
		*TM_SCALE 1	1	1
		*TM_SCALEAXIS 0	0	0
		*TM_SCALEAXISANG 0	0	0
	}
	*TM_ANIMATION {
		*NODE_NAME  "Bip01 L Thigh"
		*CONTROL_POS_TRACK {
			*CONTROL_POS_SAMPLE 0	9.00908	-0.495859	101.914
		}
		*CONTROL_ROT_TRACK {
			*CONTROL_ROT_SAMPLE 0	0.746314	-0.00234795	-0.66559	3.17348
		}
		*CONTROL_SCALE_TRACK {
			*CONTROL_SCALE_SAMPLE	0	1	1	1	0	0	0	0
		}
	}
}
*HELPEROBJECT {
	*NODE_NAME "Bip01 L Calf"
	*NODE_PARENT "Bip01 L Thigh"
	*NODE_TM {
		*NODE_NAME "Bip01 L Calf"
		*TM_ROW0 0.111692	0.0437182	-0.992781
		*TM_ROW1 0.0254524	-0.99883	-0.0411211
		*TM_ROW2 -0.993417	-0.0206758	-0.112674
		*TM_ROW3 13.463	-1.47342	62.8362
		*TM_POS 13.463	-1.47342	62.8362
		*TM_ROTAXIS 0.745537	0.023196	-0.666061
		*TM_ROTANGLE 3.12788
		*TM_SCALE 1	1	1
		*TM_SCALEAXIS 0	0	0
		*TM_SCALEAXISANG 0	0	0
	}
	*TM_ANIMATION {
		*NODE_NAME  "Bip01 L Calf"
		*CONTROL_POS_TRACK {
			*CONTROL_POS_SAMPLE 0	13.5024	-1.46831	62.8389
		}
		*CONTROL_ROT_TRACK {
			*CONTROL_ROT_SAMPLE 0	0.745879	0.023216	-0.665677	3.12787
		}
		*CONTROL_SCALE_TRACK {
			*CONTROL_SCALE_SAMPLE	0	1	1	1	0	0	0	0
		}
	}
}
*HELPEROBJECT {
	*NODE_NAME "Bip01 L Foot"
	*NODE_PARENT "Bip01 L Calf"
	*NODE_TM {
		*NODE_NAME "Bip01 L Foot"
		*TM_ROW0 0.01507	0.0128354	-0.999804
		*TM_ROW1 0.00126726	-0.999917	-0.0128177
		*TM_ROW2 -0.999885	-0.00107384	-0.0150851
		*TM_ROW3 18.9468	0.673055	14.093
		*TM_POS 18.9468	0.673055	14.093
		*TM_ROTAXIS 0.712409	0.004949	-0.701747
		*TM_ROTANGLE 3.13335
		*TM_SCALE 1	1	1
		*TM_SCALEAXIS 0	0	0
		*TM_SCALEAXISANG 0	0	0
	}
	*TM_ANIMATION {
		*NODE_NAME  "Bip01 L Foot"
		*CONTROL_POS_TRACK {
			*CONTROL_POS_SAMPLE 0	19.0365	0.680832	14.1031
		}
		*CONTROL_ROT_TRACK {
			*CONTROL_ROT_SAMPLE 0	0.581332	-0.571255	-0.579415	2.07836
		}
		*CONTROL_SCALE_TRACK {
			*CONTROL_SCALE_SAMPLE	0	1	1	1	0	0	0	0
		}
	}
}
*HELPEROBJECT {
	*NODE_NAME "Bip01 L Toe0"
	*NODE_PARENT "Bip01 L Foot"
	*NODE_TM {
		*NODE_NAME "Bip01 L Toe0"
		*TM_ROW0 0.00126728	-0.999917	-0.0128179
		*TM_ROW1 -0.0150702	-0.0128354	0.999804
		*TM_ROW2 -0.999886	-0.00107387	-0.0150852
		*TM_ROW3 19.1658	-21.8068	1.17849
		*TM_POS 19.1658	-21.8068	1.17849
		*TM_ROTAXIS 0.583131	-0.575085	-0.573791
		*TM_ROTANGLE 4.17333
		*TM_SCALE 1	1	1
		*TM_SCALEAXIS 0	0	0
		*TM_SCALEAXISANG 0	0	0
	}
	*TM_ANIMATION {
		*NODE_NAME  "Bip01 L Toe0"
		*CONTROL_POS_TRACK {
			*CONTROL_POS_SAMPLE 0	-3.40014	0.817927	1.11305
		}
		*CONTROL_ROT_TRACK {
			*CONTROL_ROT_SAMPLE 0	0.00616683	-0.702533	-0.711625	3.13097
		}
		*CONTROL_SCALE_TRACK {
			*CONTROL_SCALE_SAMPLE	0	1	1	1	0	0	0	0
		}
	}
}
*GEOMOBJECT {
	*NODE_NAME "zm_Rock_L"
	*NODE_PARENT "Bip01 L Thigh"
	*NODE_TM {
		*NODE_NAME "zm_Rock_L"
		*TM_ROW0 1	-2.31417e-009	1.72858e-008
		*TM_ROW1 -1.46764e-008	3.14198e-007	1
		*TM_ROW2 2.806e-009	-1	3.18798e-007
		*TM_ROW3 0.467372	-3.45098e-006	89.9862
		*TM_POS 0.467372	-3.45098e-006	89.9862
		*TM_ROTAXIS -1	7.23991e-009	-6.18111e-009
		*TM_ROTANGLE 1.5708
		*TM_SCALE 1	1	1
		*TM_SCALEAXIS 0	0	0
		*TM_SCALEAXISANG 0	0	0
	}
}
*HELPEROBJECT {
	*NODE_NAME "Bip01 R Thigh"
	*NODE_PARENT "Bip01 Spine"
	*NODE_TM {
		*NODE_NAME "Bip01 R Thigh"
		*TM_ROW0 -0.132623	0.0245557	-0.990862
		*TM_ROW1 -0.083368	-0.996427	-0.0135351
		*TM_ROW2 -0.987654	0.0808111	0.134197
		*TM_ROW3 -9.01021	-0.498098	101.916
		*TM_POS -9.01021	-0.498098	101.916
		*TM_ROTAXIS 0.657996	-0.022374	-0.752689
		*TM_ROTANGLE 3.06984
		*TM_SCALE 1	1	1
		*TM_SCALEAXIS 0	0	0
		*TM_SCALEAXISANG 0	0	0
	}
	*TM_ANIMATION {
		*NODE_NAME  "Bip01 R Thigh"
		*CONTROL_POS_TRACK {
			*CONTROL_POS_SAMPLE 0	-9.01063	-0.495903	101.913
		}
		*CONTROL_ROT_TRACK {
			*CONTROL_ROT_SAMPLE 0	0.657856	-0.0227159	-0.752801	3.07072
		}
		*CONTROL_SCALE_TRACK {
			*CONTROL_SCALE_SAMPLE	0	1	1	1	0	0	0	0
		}
	}
}
*HELPEROBJECT {
	*NODE_NAME "Bip01 R Calf"
	*NODE_PARENT "Bip01 R Thigh"
	*NODE_TM {
		*NODE_NAME "Bip01 R Calf"
		*TM_ROW0 -0.132677	0.0239135	-0.990871
		*TM_ROW1 -0.0832828	-0.996442	-0.0128964
		*TM_ROW2 -0.987654	0.0808114	0.134197
		*TM_ROW3 -14.2283	0.46802	62.9308
		*TM_POS -14.2283	0.46802	62.9308
		*TM_ROTAXIS 0.657983	-0.022586	-0.752694
		*TM_ROTANGLE 3.07032
		*TM_SCALE 1	1	1
		*TM_SCALEAXIS 0	0	0
		*TM_SCALEAXISANG 0	0	0
	}
	*TM_ANIMATION {
		*NODE_NAME  "Bip01 R Calf"
		*CONTROL_POS_TRACK {
			*CONTROL_POS_SAMPLE 0	-14.2441	0.427502	62.9286
		}
		*CONTROL_ROT_TRACK {
			*CONTROL_ROT_SAMPLE 0	0.657882	-0.0222947	-0.752791	3.06975
		}
		*CONTROL_SCALE_TRACK {
			*CONTROL_SCALE_SAMPLE	0	1	1	1	0	0	0	0
		}
	}
}
*HELPEROBJECT {
	*NODE_NAME "Bip01 R Foot"
	*NODE_PARENT "Bip01 R Calf"
	*NODE_TM {
		*NODE_NAME "Bip01 R Foot"
		*TM_ROW0 -0.032714	0.00180316	-0.999463
		*TM_ROW1 -0.0154721	-0.999879	-0.00129748
		*TM_ROW2 -0.999345	0.0154213	0.0327381
		*TM_ROW3 -20.7424	1.64215	14.2814
		*TM_POS -20.7424	1.64215	14.2814
		*TM_ROTAXIS 0.695431	-0.004914	-0.718576
		*TM_ROTANGLE 3.12957
		*TM_SCALE 1	1	1
		*TM_SCALEAXIS 0	0	0
		*TM_SCALEAXISANG 0	0	0
	}
	*TM_ANIMATION {
		*NODE_NAME  "Bip01 R Foot"
		*CONTROL_POS_TRACK {
			*CONTROL_POS_SAMPLE 0	-20.7696	1.64239	14.2833
		}
		*CONTROL_ROT_TRACK {
			*CONTROL_ROT_SAMPLE 0	0.567902	0.57802	-0.585987	4.15981
		}
		*CONTROL_SCALE_TRACK {
			*CONTROL_SCALE_SAMPLE	0	1	1	1	0	0	0	0
		}
	}
}
*HELPEROBJECT {
	*NODE_NAME "Bip01 R Toe0"
	*NODE_PARENT "Bip01 R Foot"
	*NODE_TM {
		*NODE_NAME "Bip01 R Toe0"
		*TM_ROW0 -0.0154722	-0.99988	-0.00129798
		*TM_ROW1 0.0327154	-0.00180359	0.999463
		*TM_ROW2 -0.999345	0.0154215	0.0327395
		*TM_ROW3 -21.5058	-20.9762	1.63201
		*TM_POS -21.5058	-20.9762	1.63201
		*TM_ROTAXIS -0.565253	0.573298	0.593143
		*TM_ROTANGLE 2.08549
		*TM_SCALE 1	1	1
		*TM_SCALEAXIS 0	0	0
		*TM_SCALEAXISANG 0	0	0
	}
	*TM_ANIMATION {
		*NODE_NAME  "Bip01 R Toe0"
		*CONTROL_POS_TRACK {
			*CONTROL_POS_SAMPLE 0	1.44107	1.31627	0.913771
		}
		*CONTROL_ROT_TRACK {
			*CONTROL_ROT_SAMPLE 0	-0.999666	-0.00886256	0.0242878	1.57266
		}
		*CONTROL_SCALE_TRACK {
			*CONTROL_SCALE_SAMPLE	0	1	1	1	0	0	0	0
		}
	}
}
*GEOMOBJECT {
	*NODE_NAME "zm_Rock_R"
	*NODE_PARENT "Bip01 R Thigh"
	*NODE_TM {
		*NODE_NAME "zm_Rock_R"
		*TM_ROW0 1	3.2745e-009	3.11303e-009
		*TM_ROW1 1.13839e-008	3.10419e-007	1
		*TM_ROW2 -9.00969e-009	-1	3.16382e-007
		*TM_ROW3 0.467376	-3.79619e-006	89.9861
		*TM_POS 0.467376	-3.79619e-006	89.9861
		*TM_ROTAXIS -1	6.06136e-009	4.05469e-009
		*TM_ROTANGLE 1.5708
		*TM_SCALE 1	1	1
		*TM_SCALEAXIS 0	0	0
		*TM_SCALEAXISANG 0	0	0
	}
}
