*3DSMAX_ASCIIEXPORT	110
*COMMENT "[ GothicSourcer v3.10 ] - August 2006"
*SCENE {
	*SCENE_FILENAME "KEILER_BODY.MAX"
	*SCENE_FIRSTFRAME 0
	*SCENE_LASTFRAME 100
	*SCENE_FRAMESPEED 25
	*SCENE_TICKSPERFRAME 192
	*SCENE_BACKGROUND_STATIC 0	0	0
	*SCENE_AMBIENT_STATIC 0.2	0.2	0.2
}
*MATERIAL_LIST {
	*MATERIAL_COUNT 1
	*MATERIAL 0 {
		*MATERIAL_NAME "WARG"
		*MATERIAL_CLASS "Standard"
		*MATERIAL_AMBIENT 0.14902	0.12549	0.105882
		*MATERIAL_DIFFUSE 0.14902	0.12549	0.105882
		*MATERIAL_SPECULAR 0.9	0.9	0.9
		*MATERIAL_SHINE 0.1
		*MATERIAL_SHINESTRENGTH 0
		*MATERIAL_TRANSPARENCY 0
		*MATERIAL_WIRESIZE 1
		*MATERIAL_SHADING Blinn
		*MATERIAL_XP_FALLOFF 0
		*MATERIAL_SELFILLUM 0
		*MATERIAL_FALLOFF In
		*MATERIAL_XP_TYPE Filter
		*MAP_DIFFUSE {
			*MAP_NAME "Map #1"
			*MAP_CLASS "Bitmap"
			*MAP_SUBNO 1
			*MAP_AMOUNT 1
			*BITMAP "KEILER.TGA"
			*MAP_TYPE Screen
			*UVW_U_OFFSET 0
			*UVW_V_OFFSET 0
			*UVW_U_TILING 1
			*UVW_V_TILING 1
			*UVW_ANGLE 0
			*UVW_BLUR 1
			*UVW_BLUR_OFFSET 0
			*UVW_NOUSE_AMT 1
			*UVW_NOISE_SIZE 1
			*UVW_NOISE_LEVEL 1
			*UVW_NOISE_PHASE 0
			*BITMAP_FILTER Pyramidal
		}
	}
}
*HELPEROBJECT {
	*NODE_NAME "Bip01"
	*NODE_TM {
		*NODE_NAME "Bip01"
		*TM_ROW0 1.26759e-006	-1	0
		*TM_ROW1 1	1.26759e-006	0
		*TM_ROW2 -0	-0	1
		*TM_ROW3 0	-12.2508	56.3131
		*TM_POS 0	-12.2508	56.3131
		*TM_ROTAXIS 0	0	1
		*TM_ROTANGLE 1.5708
		*TM_SCALE 1	1	1
		*TM_SCALEAXIS 0	0	0
		*TM_SCALEAXISANG 0	0	0
	}
}
*HELPEROBJECT {
	*NODE_NAME "Bip01 Pelvis"
	*NODE_PARENT "Bip01"
	*NODE_TM {
		*NODE_NAME "Bip01 Pelvis"
		*TM_ROW0 -1.19209e-006	-1.64892e-007	1
		*TM_ROW1 2.99332e-006	-1	-1.64887e-007
		*TM_ROW2 1	2.99332e-006	1.66893e-006
		*TM_ROW3 -1.58855e-015	-12.2911	56.3131
		*TM_POS -1.58855e-015	-12.2911	56.3131
		*TM_ROTAXIS -0.707106	-1e-006	-0.707107
		*TM_ROTANGLE 3.14159
		*TM_SCALE 1	1	1
		*TM_SCALEAXIS 0	0	0
		*TM_SCALEAXISANG 0	0	0
	}
}
*HELPEROBJECT {
	*NODE_NAME "Bip01 Spine"
	*NODE_PARENT "Bip01 Pelvis"
	*NODE_TM {
		*NODE_NAME "Bip01 Spine"
		*TM_ROW0 2.01157e-006	-0.999418	0.0341041
		*TM_ROW1 -3.27826e-006	-0.0341042	-0.999418
		*TM_ROW2 1	1.93715e-006	-3.35285e-006
		*TM_ROW3 -7.99999e-006	-18.8701	58.8428
		*TM_POS -7.99999e-006	-18.8701	58.8428
		*TM_ROTAXIS 0.583805	-0.564222	0.583802
		*TM_ROTANGLE 2.1142
		*TM_SCALE 1	1	1
		*TM_SCALEAXIS 0	0	0
		*TM_SCALEAXISANG 0	0	0
	}
}
*HELPEROBJECT {
	*NODE_NAME "Bip01 Spine1"
	*NODE_PARENT "Bip01 Spine"
	*NODE_TM {
		*NODE_NAME "Bip01 Spine1"
		*TM_ROW0 2.01157e-006	-0.999418	0.0341041
		*TM_ROW1 -3.27826e-006	-0.0341042	-0.999418
		*TM_ROW2 1	1.93715e-006	-3.35285e-006
		*TM_ROW3 1.4e-005	-34.926	59.4091
		*TM_POS 1.4e-005	-34.926	59.4091
		*TM_ROTAXIS 0.583805	-0.564222	0.583802
		*TM_ROTANGLE 2.1142
		*TM_SCALE 1	1	1
		*TM_SCALEAXIS 0	0	0
		*TM_SCALEAXISANG 0	0	0
	}
}
*HELPEROBJECT {
	*NODE_NAME "Bip01 Spine2"
	*NODE_PARENT "Bip01 Spine1"
	*NODE_TM {
		*NODE_NAME "Bip01 Spine2"
		*TM_ROW0 1.31467e-006	-0.978313	0.207133
		*TM_ROW1 -2.44379e-006	-0.207133	-0.978313
		*TM_ROW2 1	6.85453e-007	-2.55963e-006
		*TM_ROW3 4.6e-005	-58.0445	60.2117
		*TM_POS 4.6e-005	-58.0445	60.2117
		*TM_ROTAXIS 0.613507	-0.497212	0.613505
		*TM_ROTANGLE 2.21876
		*TM_SCALE 1	1	1
		*TM_SCALEAXIS 0	0	0
		*TM_SCALEAXISANG 0	0	0
	}
}
*HELPEROBJECT {
	*NODE_NAME "Bip01 Neck"
	*NODE_PARENT "Bip01 Spine2"
	*NODE_TM {
		*NODE_NAME "Bip01 Neck"
		*TM_ROW0 8.31827e-007	-0.908037	-0.41889
		*TM_ROW1 -3.48687e-006	0.41889	-0.908037
		*TM_ROW2 1	2.20537e-006	-2.80405e-006
		*TM_ROW3 6.99999e-005	-75.183	63.8529
		*TM_POS 6.99999e-005	-75.183	63.8529
		*TM_ROTAXIS 0.47449	-0.741432	0.474487
		*TM_ROTANGLE 1.8656
		*TM_SCALE 1	1	1
		*TM_SCALEAXIS 0	0	0
		*TM_SCALEAXISANG 0	0	0
	}
}
*HELPEROBJECT {
	*NODE_NAME "Bip01 Neck1"
	*NODE_PARENT "Bip01 Neck"
	*NODE_TM {
		*NODE_NAME "Bip01 Neck1"
		*TM_ROW0 1.17875e-006	-0.895064	-0.445938
		*TM_ROW1 -3.33786e-006	0.445938	-0.895064
		*TM_ROW2 1	2.44379e-006	-2.39753e-006
		*TM_ROW3 9.39999e-005	-92.7068	55.7802
		*TM_POS 9.39999e-005	-92.7068	55.7802
		*TM_ROTAXIS 0.465763	-0.752418	0.46576
		*TM_ROTANGLE 1.8515
		*TM_SCALE 1	1	1
		*TM_SCALEAXIS 0	0	0
		*TM_SCALEAXISANG 0	0	0
	}
}
*HELPEROBJECT {
	*NODE_NAME "Bip01 Neck2"
	*NODE_PARENT "Bip01 Neck1"
	*NODE_TM {
		*NODE_NAME "Bip01 Neck2"
		*TM_ROW0 8.85892e-007	-0.881285	-0.472585
		*TM_ROW1 -3.42727e-006	0.472585	-0.881285
		*TM_ROW2 1	2.35438e-006	-2.54137e-006
		*TM_ROW3 0.000109	-104.155	50.0847
		*TM_POS 0.000109	-104.155	50.0847
		*TM_ROTAXIS 0.456814	-0.763312	0.456811
		*TM_ROTANGLE 1.83766
		*TM_SCALE 1	1	1
		*TM_SCALEAXIS 0	0	0
		*TM_SCALEAXISANG 0	0	0
	}
}
*HELPEROBJECT {
	*NODE_NAME "Bip01 Head"
	*NODE_PARENT "Bip01 Neck2"
	*NODE_TM {
		*NODE_NAME "Bip01 Head"
		*TM_ROW0 1.59702e-006	-0.984808	-0.173646
		*TM_ROW1 -3.39746e-006	0.173646	-0.984808
		*TM_ROW2 1	2.11596e-006	-3.02234e-006
		*TM_ROW3 0.00012	-112.153	45.7955
		*TM_POS 0.00012	-112.153	45.7955
		*TM_ROTAXIS 0.540718	-0.6444	0.540715
		*TM_ROTANGLE 1.99674
		*TM_SCALE 1	1	1
		*TM_SCALEAXIS 0	0	0
		*TM_SCALEAXISANG 0	0	0
	}
}
*HELPEROBJECT {
	*NODE_NAME "Bip01 Ponytail1"
	*NODE_PARENT "Bip01 Head"
	*NODE_TM {
		*NODE_NAME "Bip01 Ponytail1"
		*TM_ROW0 7.77087e-006	-0.923999	-0.382396
		*TM_ROW1 2.44081e-005	0.382396	-0.923999
		*TM_ROW2 1	-2.26498e-006	2.55629e-005
		*TM_ROW3 0.00013	-115.096	36.0759
		*TM_POS 0.00013	-115.096	36.0759
		*TM_ROTAXIS 0.485735	-0.726711	0.485749
		*TM_ROTANGLE 1.88471
		*TM_SCALE 1	1	1
		*TM_SCALEAXIS 0	0	0
		*TM_SCALEAXISANG 0	0	0
	}
}
*HELPEROBJECT {
	*NODE_NAME "Bip01 L Clavicle"
	*NODE_PARENT "Bip01 Neck"
	*NODE_TM {
		*NODE_NAME "Bip01 L Clavicle"
		*TM_ROW0 0.978556	0.0741632	-0.192165
		*TM_ROW1 0.173648	0.204754	0.963288
		*TM_ROW2 0.110787	-0.976	0.187485
		*TM_ROW3 10.3833	-77.7432	56.3145
		*TM_POS 10.3833	-77.7432	56.3145
		*TM_ROTAXIS -0.98675	-0.154148	0.05062
		*TM_ROTANGLE 1.38432
		*TM_SCALE 1	1	1
		*TM_SCALEAXIS 0	0	0
		*TM_SCALEAXISANG 0	0	0
	}
}
*HELPEROBJECT {
	*NODE_NAME "Bip01 L UpperArm"
	*NODE_PARENT "Bip01 L Clavicle"
	*NODE_TM {
		*NODE_NAME "Bip01 L UpperArm"
		*TM_ROW0 -0.0391838	0.187524	-0.981478
		*TM_ROW1 -0.0150739	0.98201	0.188227
		*TM_ROW2 0.999118	0.0221701	-0.0356521
		*TM_ROW3 25.0882	-76.6288	53.4268
		*TM_POS 25.0882	-76.6288	53.4268
		*TM_ROTAXIS -0.083118	-0.991367	-0.101408
		*TM_ROTANGLE 1.61723
		*TM_SCALE 1	1	1
		*TM_SCALEAXIS 0	0	0
		*TM_SCALEAXISANG 0	0	0
	}
}
*HELPEROBJECT {
	*NODE_NAME "Bip01 L Forearm"
	*NODE_PARENT "Bip01 L UpperArm"
	*NODE_TM {
		*NODE_NAME "Bip01 L Forearm"
		*TM_ROW0 -0.0270028	-0.310886	-0.950064
		*TM_ROW1 -0.0321473	0.950189	-0.310013
		*TM_ROW2 0.999118	0.0221708	-0.0356519
		*TM_ROW3 24.1399	-72.0902	29.6724
		*TM_POS 24.1399	-72.0902	29.6724
		*TM_ROTAXIS 0.166355	-0.976136	0.13959
		*TM_ROTANGLE 1.62706
		*TM_SCALE 1	1	1
		*TM_SCALEAXIS 0	0	0
		*TM_SCALEAXISANG 0	0	0
	}
}
*HELPEROBJECT {
	*NODE_NAME "Bip01 L Hand"
	*NODE_PARENT "Bip01 L Forearm"
	*NODE_TM {
		*NODE_NAME "Bip01 L Hand"
		*TM_ROW0 0.0134362	-0.382319	-0.923933
		*TM_ROW1 -0.999657	-0.0259275	-0.00380854
		*TM_ROW2 -0.0224993	0.923667	-0.382536
		*TM_ROW3 23.12	-83.8321	-6.21084
		*TM_POS 23.12	-83.8321	-6.21084
		*TM_ROTAXIS 0.647162	-0.628991	-0.430758
		*TM_ROTANGLE 2.34272
		*TM_SCALE 1	1	1
		*TM_SCALEAXIS 0	0	0
		*TM_SCALEAXISANG 0	0	0
	}
}
*HELPEROBJECT {
	*NODE_NAME "Bip01 L Finger0"
	*NODE_PARENT "Bip01 L Hand"
	*NODE_TM {
		*NODE_NAME "Bip01 L Finger0"
		*TM_ROW0 0.0268761	-0.995019	-0.0959979
		*TM_ROW1 -0.999638	-0.026663	-0.00350441
		*TM_ROW2 0.000927358	0.0960574	-0.995376
		*TM_ROW3 23.2422	-86.7369	-15.4922
		*TM_POS 23.2422	-86.7369	-15.4922
		*TM_ROTAXIS 0.716135	-0.697171	-0.033229
		*TM_ROTANGLE 3.07202
		*TM_SCALE 1	1	1
		*TM_SCALEAXIS 0	0	0
		*TM_SCALEAXISANG 0	0	0
	}
}
*HELPEROBJECT {
	*NODE_NAME "Bip01 R Clavicle"
	*NODE_PARENT "Bip01 Neck"
	*NODE_TM {
		*NODE_NAME "Bip01 R Clavicle"
		*TM_ROW0 -0.978557	0.0741613	-0.192165
		*TM_ROW1 -0.173649	0.204754	0.963288
		*TM_ROW2 0.110785	0.976	-0.187485
		*TM_ROW3 -10.3831	-77.7433	56.3145
		*TM_POS -10.3831	-77.7433	56.3145
		*TM_ROTAXIS -0.032464	0.773622	0.632815
		*TM_ROTANGLE 3.33867
		*TM_SCALE 1	1	1
		*TM_SCALEAXIS 0	0	0
		*TM_SCALEAXISANG 0	0	0
	}
}
*HELPEROBJECT {
	*NODE_NAME "Bip01 R UpperArm"
	*NODE_PARENT "Bip01 R Clavicle"
	*NODE_TM {
		*NODE_NAME "Bip01 R UpperArm"
		*TM_ROW0 0.0663222	0.190683	-0.979409
		*TM_ROW1 0.0216158	0.981065	0.192469
		*TM_ROW2 0.997564	-0.0339357	0.0609447
		*TM_ROW3 -25.0881	-76.6288	53.4268
		*TM_POS -25.0881	-76.6288	53.4268
		*TM_ROTAXIS -0.113369	-0.98994	-0.084658
		*TM_ROTANGLE 1.5166
		*TM_SCALE 1	1	1
		*TM_SCALEAXIS 0	0	0
		*TM_SCALEAXISANG 0	0	0
	}
}
*HELPEROBJECT {
	*NODE_NAME "Bip01 R Forearm"
	*NODE_PARENT "Bip01 R UpperArm"
	*NODE_TM {
		*NODE_NAME "Bip01 R Forearm"
		*TM_ROW0 0.0435789	-0.379004	-0.924369
		*TM_ROW1 0.0544677	0.924773	-0.376602
		*TM_ROW2 0.997564	-0.0339365	0.0609441
		*TM_ROW3 -23.4829	-72.0138	29.7225
		*TM_POS -23.4829	-72.0138	29.7225
		*TM_ROTAXIS 0.171351	-0.961069	0.216759
		*TM_ROTANGLE 1.55615
		*TM_SCALE 1	1	1
		*TM_SCALEAXIS 0	0	0
		*TM_SCALEAXISANG 0	0	0
	}
}
*HELPEROBJECT {
	*NODE_NAME "Bip01 R Hand"
	*NODE_PARENT "Bip01 R Forearm"
	*NODE_TM {
		*NODE_NAME "Bip01 R Hand"
		*TM_ROW0 -0.00466072	-0.333309	-0.942806
		*TM_ROW1 0.99957	-0.0288656	0.00526353
		*TM_ROW2 -0.0289691	-0.942376	0.333301
		*TM_ROW3 -21.837	-86.3285	-5.19025
		*TM_POS -21.837	-86.3285	-5.19025
		*TM_ROTAXIS -0.505835	-0.487792	0.71147
		*TM_ROTANGLE 1.92849
		*TM_SCALE 1	1	1
		*TM_SCALEAXIS 0	0	0
		*TM_SCALEAXISANG 0	0	0
	}
}
*HELPEROBJECT {
	*NODE_NAME "Bip01 R Finger0"
	*NODE_PARENT "Bip01 R Hand"
	*NODE_TM {
		*NODE_NAME "Bip01 R Finger0"
		*TM_ROW0 -0.028469	-0.988527	-0.148337
		*TM_ROW1 0.999546	-0.0296159	0.005528
		*TM_ROW2 -0.00985768	-0.148112	0.988922
		*TM_ROW3 -21.8686	-88.7423	-14.6119
		*TM_POS -21.8686	-88.7423	-14.6119
		*TM_ROTAXIS -0.0768661	-0.069281	0.994631
		*TM_ROTANGLE 1.60538
		*TM_SCALE 1	1	1
		*TM_SCALEAXIS 0	0	0
		*TM_SCALEAXISANG 0	0	0
	}
}
*HELPEROBJECT {
	*NODE_NAME "Bip01 L Thigh"
	*NODE_PARENT "Bip01 Spine"
	*NODE_TM {
		*NODE_NAME "Bip01 L Thigh"
		*TM_ROW0 0.0444505	0.135236	-0.989816
		*TM_ROW1 -0.0219101	-0.990425	-0.136303
		*TM_ROW2 -0.998771	0.0277457	-0.0410615
		*TM_ROW3 14.4607	-12.291	56.3131
		*TM_POS 14.4607	-12.291	56.3131
		*TM_ROTAXIS 0.721576	0.039391	-0.691214
		*TM_ROTANGLE 3.02767
		*TM_SCALE 1	1	1
		*TM_SCALEAXIS 0	0	0
		*TM_SCALEAXISANG 0	0	0
	}
}
*HELPEROBJECT {
	*NODE_NAME "Bip01 L Calf"
	*NODE_PARENT "Bip01 L Thigh"
	*NODE_TM {
		*NODE_NAME "Bip01 L Calf"
		*TM_ROW0 0.0457442	0.834888	-0.548515
		*TM_ROW1 0.019064	-0.54972	-0.835132
		*TM_ROW2 -0.998771	0.0277456	-0.0410628
		*TM_ROW3 15.8543	-8.05118	25.2809
		*TM_POS 15.8543	-8.05118	25.2809
		*TM_ROTAXIS 0.67944	0.354537	-0.64239
		*TM_ROTANGLE 2.4536
		*TM_SCALE 1	1	1
		*TM_SCALEAXIS 0	0	0
		*TM_SCALEAXISANG 0	0	0
	}
}
*HELPEROBJECT {
	*NODE_NAME "Bip01 L HorseLink"
	*NODE_PARENT "Bip01 L Calf"
	*NODE_TM {
		*NODE_NAME "Bip01 L HorseLink"
		*TM_ROW0 0.0456683	0.193503	-0.980036
		*TM_ROW1 -0.0192453	-0.980707	-0.194532
		*TM_ROW2 -0.998771	0.027745	-0.0410631
		*TM_ROW3 17.1624	15.8243	9.59493
		*TM_POS 17.1624	15.8243	9.59493
		*TM_ROTAXIS 0.721087	0.060778	-0.690174
		*TM_ROTANGLE 2.98685
		*TM_SCALE 1	1	1
		*TM_SCALEAXIS 0	0	0
		*TM_SCALEAXISANG 0	0	0
	}
}
*HELPEROBJECT {
	*NODE_NAME "Bip01 L Foot"
	*NODE_PARENT "Bip01 L HorseLink"
	*NODE_TM {
		*NODE_NAME "Bip01 L Foot"
		*TM_ROW0 1.34965e-007	-3.24656e-006	-1
		*TM_ROW1 3.30414e-006	-1	3.28242e-006
		*TM_ROW2 -1	-3.30736e-006	1.20635e-007
		*TM_ROW3 18.1877	20.1687	-12.408
		*TM_POS 18.1877	20.1687	-12.408
		*TM_ROTAXIS 0.707107	2.03567e-008	-0.707107
		*TM_ROTANGLE 3.1416
		*TM_SCALE 1	1	1
		*TM_SCALEAXIS 0	0	0
		*TM_SCALEAXISANG 0	0	0
	}
}
*HELPEROBJECT {
	*NODE_NAME "Bip01 L Toe0"
	*NODE_PARENT "Bip01 L Foot"
	*NODE_TM {
		*NODE_NAME "Bip01 L Toe0"
		*TM_ROW0 2.86635e-006	-1	2.83351e-006
		*TM_ROW1 -5.22384e-007	2.80878e-006	1
		*TM_ROW2 -1	-2.85845e-006	-5.5371e-007
		*TM_ROW3 18.1878	2.85562	-21.802
		*TM_POS 18.1878	2.85562	-21.802
		*TM_ROTAXIS -0.577351	0.577351	0.577349
		*TM_ROTANGLE 2.09439
		*TM_SCALE 1	1	1
		*TM_SCALEAXIS 0	0	0
		*TM_SCALEAXISANG 0	0	0
	}
}
*HELPEROBJECT {
	*NODE_NAME "Bip01 R Thigh"
	*NODE_PARENT "Bip01 Spine"
	*NODE_TM {
		*NODE_NAME "Bip01 R Thigh"
		*TM_ROW0 -0.0647921	0.251351	-0.965725
		*TM_ROW1 0.0162316	-0.967365	-0.252867
		*TM_ROW2 -0.997767	-0.032059	0.0585978
		*TM_ROW3 -14.4607	-12.2911	56.3131
		*TM_POS -14.4607	-12.2911	56.3131
		*TM_ROTAXIS 0.68122	0.0988531	-0.725374
		*TM_ROTANGLE 2.97881
		*TM_SCALE 1	1	1
		*TM_SCALEAXIS 0	0	0
		*TM_SCALEAXISANG 0	0	0
	}
}
*HELPEROBJECT {
	*NODE_NAME "Bip01 R Calf"
	*NODE_PARENT "Bip01 R Thigh"
	*NODE_TM {
		*NODE_NAME "Bip01 R Calf"
		*TM_ROW0 -0.0606155	0.803112	-0.592737
		*TM_ROW1 -0.0280573	-0.594966	-0.803261
		*TM_ROW2 -0.997767	-0.0320594	0.0585973
		*TM_ROW3 -16.492	-4.41085	26.0362
		*TM_POS -16.492	-4.41085	26.0362
		*TM_ROTAXIS 0.640527	0.3364	-0.690333
		*TM_ROTANGLE 2.49558
		*TM_SCALE 1	1	1
		*TM_SCALEAXIS 0	0	0
		*TM_SCALEAXISANG 0	0	0
	}
}
*HELPEROBJECT {
	*NODE_NAME "Bip01 R HorseLink"
	*NODE_PARENT "Bip01 R Calf"
	*NODE_TM {
		*NODE_NAME "Bip01 R HorseLink"
		*TM_ROW0 -0.0637027	0.192958	-0.979137
		*TM_ROW1 0.0200836	-0.980683	-0.194569
		*TM_ROW2 -0.997767	-0.0320592	0.058597
		*TM_ROW3 -18.2254	18.5559	9.0856
		*TM_POS -18.2254	18.5559	9.0856
		*TM_ROTAXIS 0.682827	0.078278	-0.726375
		*TM_ROTANGLE 3.02231
		*TM_SCALE 1	1	1
		*TM_SCALEAXIS 0	0	0
		*TM_SCALEAXISANG 0	0	0
	}
}
*HELPEROBJECT {
	*NODE_NAME "Bip01 R Foot"
	*NODE_PARENT "Bip01 R HorseLink"
	*NODE_TM {
		*NODE_NAME "Bip01 R Foot"
		*TM_ROW0 1.21366e-007	-2.73482e-006	-1
		*TM_ROW1 2.63294e-006	-1	2.66362e-006
		*TM_ROW2 -1	-2.64639e-006	1.13224e-007
		*TM_ROW3 -19.6557	22.888	-12.8971
		*TM_POS -19.6557	22.888	-12.8971
		*TM_ROTAXIS 0.707107	-3.6021e-008	-0.707107
		*TM_ROTANGLE 3.1416
		*TM_SCALE 1	1	1
		*TM_SCALEAXIS 0	0	0
		*TM_SCALEAXISANG 0	0	0
	}
}
*HELPEROBJECT {
	*NODE_NAME "Bip01 R Toe0"
	*NODE_PARENT "Bip01 R Foot"
	*NODE_TM {
		*NODE_NAME "Bip01 R Toe0"
		*TM_ROW0 2.8695e-006	-1	2.88906e-006
		*TM_ROW1 -5.08789e-007	2.97138e-006	1
		*TM_ROW2 -1	-2.87183e-006	-5.61117e-007
		*TM_ROW3 -19.6556	5.575	-22.2912
		*TM_POS -19.6556	5.575	-22.2912
		*TM_ROTAXIS -0.577351	0.577351	0.577349
		*TM_ROTANGLE 2.09439
		*TM_SCALE 1	1	1
		*TM_SCALEAXIS 0	0	0
		*TM_SCALEAXISANG 0	0	0
	}
}
*HELPEROBJECT {
	*NODE_NAME "Bip01 Tail"
	*NODE_PARENT "Bip01 Spine"
	*NODE_TM {
		*NODE_NAME "Bip01 Tail"
		*TM_ROW0 -6.96332e-007	0.700669	-0.713487
		*TM_ROW1 -3.12924e-006	0.713487	0.700669
		*TM_ROW2 1	2.80142e-006	1.73256e-006
		*TM_ROW3 -9.00001e-006	-3.55329	63.1788
		*TM_POS -9.00001e-006	-3.55329	63.1788
		*TM_ROTAXIS -0.353984	-0.865672	-0.353987
		*TM_ROTANGLE 1.71455
		*TM_SCALE 1	1	1
		*TM_SCALEAXIS 0	0	0
		*TM_SCALEAXISANG 0	0	0
	}
}
*HELPEROBJECT {
	*NODE_NAME "Bip01 Tail1"
	*NODE_PARENT "Bip01 Tail"
	*NODE_TM {
		*NODE_NAME "Bip01 Tail1"
		*TM_ROW0 -3.36701e-007	0.332419	-0.943132
		*TM_ROW1 -4.06802e-006	0.943132	0.332419
		*TM_ROW2 1	3.96371e-006	1.03421e-006
		*TM_ROW3 -3.2e-005	12.8458	46.4576
		*TM_POS -3.2e-005	12.8458	46.4576
		*TM_ROTAXIS -0.166275	-0.971959	-0.166279
		*TM_ROTANGLE 1.59923
		*TM_SCALE 1	1	1
		*TM_SCALEAXIS 0	0	0
		*TM_SCALEAXISANG 0	0	0
	}
}
*HELPEROBJECT {
	*NODE_NAME "Bip01 Tail2"
	*NODE_PARENT "Bip01 Tail1"
	*NODE_TM {
		*NODE_NAME "Bip01 Tail2"
		*TM_ROW0 -5.77203e-007	0.145234	-0.989397
		*TM_ROW1 -3.97116e-006	0.989397	0.145234
		*TM_ROW2 1	4.01586e-006	5.80508e-009
		*TM_ROW3 -4.1e-005	19.9962	26.1304
		*TM_POS -4.1e-005	19.9962	26.1304
		*TM_ROTAXIS -0.072616	-0.994713	-0.07262
		*TM_ROTANGLE 1.5761
		*TM_SCALE 1	1	1
		*TM_SCALEAXIS 0	0	0
		*TM_SCALEAXISANG 0	0	0
	}
}
*HELPEROBJECT {
	*NODE_NAME "Bip01 Tail3"
	*NODE_PARENT "Bip01 Tail2"
	*NODE_TM {
		*NODE_NAME "Bip01 Tail3"
		*TM_ROW0 -5.73346e-008	0.363022	-0.931781
		*TM_ROW1 -4.11272e-006	0.931781	0.363022
		*TM_ROW2 1	3.8892e-006	1.44768e-006
		*TM_ROW3 -4.5e-005	22.4723	9.1507
		*TM_POS -4.5e-005	22.4723	9.1507
		*TM_ROTAXIS -0.181615	-0.966453	-0.181619
		*TM_ROTANGLE 1.60491
		*TM_SCALE 1	1	1
		*TM_SCALEAXIS 0	0	0
		*TM_SCALEAXISANG 0	0	0
	}
}
*HELPEROBJECT {
	*NODE_NAME "Bip01 Tail4"
	*NODE_PARENT "Bip01 Tail3"
	*NODE_TM {
		*NODE_NAME "Bip01 Tail4"
		*TM_ROW0 -1.21083e-006	0.876483	-0.481433
		*TM_ROW1 -3.18885e-006	0.481433	0.876483
		*TM_ROW2 1	2.6226e-006	2.24624e-006
		*TM_ROW3 -5.5e-005	30.0293	-10.2858
		*TM_POS -5.5e-005	30.0293	-10.2858
		*TM_ROTAXIS -0.453758	-0.766945	-0.453761
		*TM_ROTANGLE 1.83308
		*TM_SCALE 1	1	1
		*TM_SCALEAXIS 0	0	0
		*TM_SCALEAXISANG 0	0	0
	}
}
*HELPEROBJECT {
	*NODE_NAME "Dummy"
	*NODE_PARENT "Bip01 Ponytail1"
	*NODE_TM {
		*NODE_NAME "Dummy"
		*TM_ROW0 -1	-0	0
		*TM_ROW1 -0	-1	0
		*TM_ROW2 -0	-0	1
		*TM_ROW3 0.000135	-116.567	31.2161
		*TM_POS 0.000135	-116.567	31.2161
		*TM_ROTAXIS 0	0	-1
		*TM_ROTANGLE 3.14159
		*TM_SCALE 1	1	1
		*TM_SCALEAXIS 0	0	0
		*TM_SCALEAXISANG 0	0	0
	}
}
*HELPEROBJECT {
	*NODE_NAME "Dummy1"
	*NODE_PARENT "Bip01 L Finger0"
	*NODE_TM {
		*NODE_NAME "Dummy1"
		*TM_ROW0 -1	-0	0
		*TM_ROW1 -0	-1	0
		*TM_ROW2 -0	-0	1
		*TM_ROW3 23.3034	-88.1893	-20.1328
		*TM_POS 23.3034	-88.1893	-20.1328
		*TM_ROTAXIS 0	0	-1
		*TM_ROTANGLE 3.14159
		*TM_SCALE 1	1	1
		*TM_SCALEAXIS 0	0	0
		*TM_SCALEAXISANG 0	0	0
	}
}
*HELPEROBJECT {
	*NODE_NAME "Dummy2"
	*NODE_PARENT "Bip01 R Finger0"
	*NODE_TM {
		*NODE_NAME "Dummy2"
		*TM_ROW0 -1	-0	0
		*TM_ROW1 -0	-1	0
		*TM_ROW2 -0	-0	1
		*TM_ROW3 -21.8844	-89.9492	-19.3228
		*TM_POS -21.8844	-89.9492	-19.3228
		*TM_ROTAXIS 0	0	-1
		*TM_ROTANGLE 3.14159
		*TM_SCALE 1	1	1
		*TM_SCALEAXIS 0	0	0
		*TM_SCALEAXISANG 0	0	0
	}
}
*HELPEROBJECT {
	*NODE_NAME "Dummy3"
	*NODE_PARENT "Bip01 L Toe0"
	*NODE_TM {
		*NODE_NAME "Dummy3"
		*TM_ROW0 -1	-0	0
		*TM_ROW1 -0	-1	0
		*TM_ROW2 -0	-0	1
		*TM_ROW3 18.1878	-5.80091	-26.499
		*TM_POS 18.1878	-5.80091	-26.499
		*TM_ROTAXIS 0	0	-1
		*TM_ROTANGLE 3.14159
		*TM_SCALE 1	1	1
		*TM_SCALEAXIS 0	0	0
		*TM_SCALEAXISANG 0	0	0
	}
}
*HELPEROBJECT {
	*NODE_NAME "Dummy4"
	*NODE_PARENT "Bip01 R Toe0"
	*NODE_TM {
		*NODE_NAME "Dummy4"
		*TM_ROW0 -1	-0	0
		*TM_ROW1 -0	-1	0
		*TM_ROW2 -0	-0	1
		*TM_ROW3 -19.6556	-3.08152	-26.9882
		*TM_POS -19.6556	-3.08152	-26.9882
		*TM_ROTAXIS 0	0	-1
		*TM_ROTANGLE 3.14159
		*TM_SCALE 1	1	1
		*TM_SCALEAXIS 0	0	0
		*TM_SCALEAXISANG 0	0	0
	}
}
*HELPEROBJECT {
	*NODE_NAME "Dummy5"
	*NODE_PARENT "Bip01 Tail4"
	*NODE_TM {
		*NODE_NAME "Dummy5"
		*TM_ROW0 -1	-0	0
		*TM_ROW1 -0	-1	0
		*TM_ROW2 -0	-0	1
		*TM_ROW3 -6e-005	33.8078	-20.004
		*TM_POS -6e-005	33.8078	-20.004
		*TM_ROTAXIS 0	0	-1
		*TM_ROTANGLE 3.14159
		*TM_SCALE 1	1	1
		*TM_SCALEAXIS 0	0	0
		*TM_SCALEAXISANG 0	0	0
	}
}
*GEOMOBJECT {
	*NODE_NAME "zm_Skin"
	*NODE_PARENT "Bip01"
	*NODE_TM {
		*NODE_NAME "zm_Skin"
		*TM_ROW0 -1	-0	0
		*TM_ROW1 -0	-1	0
		*TM_ROW2 -0	-0	1
		*TM_ROW3 -0	-0	0
		*TM_POS -0	-0	0
		*TM_ROTAXIS 0	0	-1
		*TM_ROTANGLE 3.14159
		*TM_SCALE 1	1	1
		*TM_SCALEAXIS 0	0	0
		*TM_SCALEAXISANG 0	0	0
	}
	*MATERIAL_REF 0
	*MESH_SOFTSKIN {
		*TIMEVALUE 0
		*MESH_NUMVERTEX 351
		*MESH_NUMFACES 692
		*MESH_VERTEX_LIST {
			*MESH_VERTEX 0	-12.0122	26.3308	-22.6788
			*MESH_VERTEX 1	-29.1882	-93.6862	49.1152
			*MESH_VERTEX 2	32.1339	-147.574	69.6723
			*MESH_VERTEX 3	-14.7094	4.40577	54.3148
			*MESH_VERTEX 4	29.1062	-93.6831	49.1023
			*MESH_VERTEX 5	-28.495	-81.7335	-21.4677
			*MESH_VERTEX 6	-21.8981	-64.5014	40.8171
			*MESH_VERTEX 7	-12.9653	18.9225	7.26897
			*MESH_VERTEX 8	-24.9006	-19.3298	60.5434
			*MESH_VERTEX 9	-26.6973	-89.6344	70.6996
			*MESH_VERTEX 10	-0.034801	20.8133	15.6231
			*MESH_VERTEX 11	-0.102069	4.137	69.2598
			*MESH_VERTEX 12	33.595	-150.477	91.3756
			*MESH_VERTEX 13	32.1203	-131.737	57.2354
			*MESH_VERTEX 14	-21.1081	-109.475	52.2523
			*MESH_VERTEX 15	-33.6647	-150.477	91.3756
			*MESH_VERTEX 16	-32.2036	-147.574	69.6723
			*MESH_VERTEX 17	-29.861	-142.651	53.1059
			*MESH_VERTEX 18	16.5015	-129.917	52.0786
			*MESH_VERTEX 19	-23.2131	-95.9072	-23.6379
			*MESH_VERTEX 20	20.1142	-80.05	-22.651
			*MESH_VERTEX 21	24.5882	-94.3691	-24.1152
			*MESH_VERTEX 22	-0.004392	3.28692	51.2225
			*MESH_VERTEX 23	10.9141	-122.666	86.0554
			*MESH_VERTEX 24	19.6888	-84.0469	43.5232
			*MESH_VERTEX 25	14.0719	2.47829	31.2917
			*MESH_VERTEX 26	10.8082	23.6223	-22.1795
			*MESH_VERTEX 27	20.8236	-8.435	26.6237
			*MESH_VERTEX 28	23.6651	-115.31	73.3187
			*MESH_VERTEX 29	21.0384	-109.475	52.2523
			*MESH_VERTEX 30	16.5733	-107.94	65.0753
			*MESH_VERTEX 31	-16.1486	14.2125	-23.0276
			*MESH_VERTEX 32	14.3641	10.7163	5.34004
			*MESH_VERTEX 33	14.604	11.4878	-22.5413
			*MESH_VERTEX 34	-23.7334	-115.31	73.3187
			*MESH_VERTEX 35	-13.5409	-114.378	66.2345
			*MESH_VERTEX 36	-32.19	-131.737	57.2354
			*MESH_VERTEX 37	-15.4615	-22.5708	36.264
			*MESH_VERTEX 38	14.5408	19.3462	11.758
			*MESH_VERTEX 39	-0.037219	22.9291	25.7789
			*MESH_VERTEX 40	-16.8934	-119.218	53.6523
			*MESH_VERTEX 41	-11.7785	-130.3	37.0828
			*MESH_VERTEX 42	-0.034767	-132.061	20.2282
			*MESH_VERTEX 43	-10.9163	-122.785	86.1196
			*MESH_VERTEX 44	10.0934	-23.997	37.3983
			*MESH_VERTEX 45	24.7378	-19.3034	60.7918
			*MESH_VERTEX 46	-0.034859	-145.29	43.1163
			*MESH_VERTEX 47	22.2659	-35.2888	33.914
			*MESH_VERTEX 48	23.5324	-27.0387	49.0356
			*MESH_VERTEX 49	-15.5423	13.3807	4.87261
			*MESH_VERTEX 50	-0.536833	-30.5069	17.8673
			*MESH_VERTEX 51	11.7088	-130.3	37.0828
			*MESH_VERTEX 52	7.51646	-134.772	36.9405
			*MESH_VERTEX 53	-7.58617	-134.772	36.9405
			*MESH_VERTEX 54	12.2106	-121.142	37.9974
			*MESH_VERTEX 55	-12.2803	-121.142	37.9974
			*MESH_VERTEX 56	-0.034842	-138.799	29.4285
			*MESH_VERTEX 57	-6.18599	-99.1506	97.7422
			*MESH_VERTEX 58	-0.03485	-142.491	37.211
			*MESH_VERTEX 59	22.0689	-64.5373	40.7486
			*MESH_VERTEX 60	29.8922	-80.1149	-22.6353
			*MESH_VERTEX 61	14.2091	-3.81791	73.0843
			*MESH_VERTEX 62	-18.7172	-81.6989	-21.378
			*MESH_VERTEX 63	-20.4813	26.8684	-22.7022
			*MESH_VERTEX 64	18.9279	24.1492	-22.2139
			*MESH_VERTEX 65	-7.32552	-7.63838	27.5896
			*MESH_VERTEX 66	-6.08525	1.86811	51.9009
			*MESH_VERTEX 67	-14.6595	5.86516	32.6391
			*MESH_VERTEX 68	-19.7102	-84.058	43.5654
			*MESH_VERTEX 69	-21.1619	-94.1115	29.5332
			*MESH_VERTEX 70	-2.02714	-123.165	77.2052
			*MESH_VERTEX 71	13.4736	-114.378	66.2345
			*MESH_VERTEX 72	13.7001	-132.697	45.2653
			*MESH_VERTEX 73	29.7912	-142.651	53.1059
			*MESH_VERTEX 74	37.9637	-139.463	60.4613
			*MESH_VERTEX 75	-38.0334	-139.463	60.4613
			*MESH_VERTEX 76	-19.7948	19.1764	8.37432
			*MESH_VERTEX 77	14.92	4.32896	53.1361
			*MESH_VERTEX 78	6.19614	1.73202	50.9628
			*MESH_VERTEX 79	-0.073623	-11.3583	83.7335
			*MESH_VERTEX 80	-14.3411	-4.13266	73.0255
			*MESH_VERTEX 81	8.15927	-133.459	30.2602
			*MESH_VERTEX 82	5.97318	-135.213	30.497
			*MESH_VERTEX 83	-8.22898	-133.459	30.2602
			*MESH_VERTEX 84	-6.04289	-135.213	30.497
			*MESH_VERTEX 85	-17.8757	-73.7699	19.0949
			*MESH_VERTEX 86	18.6883	-73.0178	18.8115
			*MESH_VERTEX 87	6.65597	-11.0539	27.2967
			*MESH_VERTEX 88	-23.9501	-92.4816	49.8408
			*MESH_VERTEX 89	-22.3377	-35.2817	33.9052
			*MESH_VERTEX 90	-23.9141	-26.5371	48.2309
			*MESH_VERTEX 91	-10.6685	-21.6293	36.0107
			*MESH_VERTEX 92	-13.7699	-132.697	45.2653
			*MESH_VERTEX 93	28.7288	-57.8975	49.0088
			*MESH_VERTEX 94	-16.6419	-107.94	65.0753
			*MESH_VERTEX 95	20.1786	-91.6702	86.7042
			*MESH_VERTEX 96	19.6856	-82.9417	-13.8976
			*MESH_VERTEX 97	18.8513	-90.549	-24.0821
			*MESH_VERTEX 98	-16.5712	-129.917	52.0786
			*MESH_VERTEX 99	-18.5668	-85.0863	-12.7602
			*MESH_VERTEX 100	-17.4668	-92.1124	-23.3445
			*MESH_VERTEX 101	-20.6307	-124.9	51.8236
			*MESH_VERTEX 102	-15.455	-129.576	49.9448
			*MESH_VERTEX 103	14.6082	-81.6341	21.4152
			*MESH_VERTEX 104	-4.84451	-104.081	15.1499
			*MESH_VERTEX 105	16.0913	-124.278	48.2784
			*MESH_VERTEX 106	15.3853	-129.576	49.9448
			*MESH_VERTEX 107	21.0922	-94.1115	29.5332
			*MESH_VERTEX 108	-28.6226	-57.8525	49.0294
			*MESH_VERTEX 109	-24.2707	-82.2364	20.6816
			*MESH_VERTEX 110	-29.1096	-91.2731	-23.4761
			*MESH_VERTEX 111	-23.0586	-80.0968	-13.5083
			*MESH_VERTEX 112	24.8097	-81.7557	19.8833
			*MESH_VERTEX 113	36.035	-138.874	64.7044
			*MESH_VERTEX 114	-36.1047	-138.874	64.7044
			*MESH_VERTEX 115	-16.161	-124.278	48.2784
			*MESH_VERTEX 116	-14.7809	-122.89	42.3095
			*MESH_VERTEX 117	-27.2266	-126.481	46.4831
			*MESH_VERTEX 118	18.6466	16.4691	8.8735
			*MESH_VERTEX 119	29.2661	-82.7922	-13.7717
			*MESH_VERTEX 120	30.4973	-89.7483	-24.1342
			*MESH_VERTEX 121	24.4985	-78.0448	-14.9024
			*MESH_VERTEX 122	-0.034515	-127.498	62.3491
			*MESH_VERTEX 123	-0.03507	-145.702	53.2575
			*MESH_VERTEX 124	9.85202	-141.393	44.0397
			*MESH_VERTEX 125	-9.92173	-141.393	44.0397
			*MESH_VERTEX 126	27.1569	-126.481	46.4831
			*MESH_VERTEX 127	29.4546	-57.2453	69.0872
			*MESH_VERTEX 128	23.8803	-92.4817	49.8418
			*MESH_VERTEX 129	26.6275	-89.6344	70.6996
			*MESH_VERTEX 130	19.2022	-98.9629	76.6728
			*MESH_VERTEX 131	-1.78722	12.5432	44.2532
			*MESH_VERTEX 132	-4.94854	5.21128	60.961
			*MESH_VERTEX 133	-11.5838	18.4979	-23.0073
			*MESH_VERTEX 134	-16.3492	27.8773	-14.6297
			*MESH_VERTEX 135	-29.5243	-57.2453	69.0872
			*MESH_VERTEX 136	6.29999e-005	-69.0812	97.1061
			*MESH_VERTEX 137	-16.7718	-73.2287	89.0736
			*MESH_VERTEX 138	-19.2719	-98.9629	76.6728
			*MESH_VERTEX 139	-2.60765	-128.065	88.5319
			*MESH_VERTEX 140	14.7112	-122.89	42.3095
			*MESH_VERTEX 141	8.06746	-128.794	53.4767
			*MESH_VERTEX 142	1.71756	12.5432	44.2532
			*MESH_VERTEX 143	4.9141	5.37248	60.5794
			*MESH_VERTEX 144	11.8004	16.1992	7.88055
			*MESH_VERTEX 145	-23.4154	-131.984	53.698
			*MESH_VERTEX 146	23.3457	-131.984	53.698
			*MESH_VERTEX 147	-14.3567	-81.9367	22.1283
			*MESH_VERTEX 148	-12.5871	-116.236	29.3319
			*MESH_VERTEX 149	-0.034608	-119.464	21.9924
			*MESH_VERTEX 150	-16.5431	-33.574	78.8276
			*MESH_VERTEX 151	-8.13717	-128.794	53.4767
			*MESH_VERTEX 152	20.561	-124.9	51.8236
			*MESH_VERTEX 153	-24.9054	-14.8528	48.1895
			*MESH_VERTEX 154	30.1469	-133.693	46.6991
			*MESH_VERTEX 155	-30.2166	-133.693	46.6991
			*MESH_VERTEX 156	17.2925	-104.57	33.4752
			*MESH_VERTEX 157	14.9141	-24.7702	37.5764
			*MESH_VERTEX 158	24.593	-16.0345	48.3747
			*MESH_VERTEX 159	14.7844	25.168	-14.0953
			*MESH_VERTEX 160	16.7021	-73.2287	89.0736
			*MESH_VERTEX 161	16.2033	-56.5702	80.5138
			*MESH_VERTEX 162	16.4182	-33.3655	81.7652
			*MESH_VERTEX 163	29.3716	-75.4121	19.7647
			*MESH_VERTEX 164	33.2209	-80.3739	50.2602
			*MESH_VERTEX 165	-12.8355	22.0038	-12.2452
			*MESH_VERTEX 166	-28.6031	-75.9375	19.9723
			*MESH_VERTEX 167	-33.2705	-80.2783	50.0616
			*MESH_VERTEX 168	-0.569544	-93.567	13.6745
			*MESH_VERTEX 169	11.1187	19.3007	-11.6592
			*MESH_VERTEX 170	10.4053	15.7678	-22.5229
			*MESH_VERTEX 171	14.9148	15.7211	-11.1422
			*MESH_VERTEX 172	-20.2457	-91.6702	86.7042
			*MESH_VERTEX 173	-16.4461	18.4443	-11.6496
			*MESH_VERTEX 174	-0.0147113	1.75157	46.2855
			*MESH_VERTEX 175	5.33646	-7.88589	47.5472
			*MESH_VERTEX 176	8.51412	-19.6226	36.1887
			*MESH_VERTEX 177	-8.6069	-136.406	35.8665
			*MESH_VERTEX 178	8.53719	-136.406	35.8665
			*MESH_VERTEX 179	-5.46452	-7.65793	47.6521
			*MESH_VERTEX 180	-15.6587	22.151	11.1069
			*MESH_VERTEX 181	9.72824	-127.438	60.1579
			*MESH_VERTEX 182	-9.79795	-127.438	60.1579
			*MESH_VERTEX 183	-0.168738	-124.714	70.5088
			*MESH_VERTEX 184	-28.2956	-90.4916	-15.1671
			*MESH_VERTEX 185	-23.0066	-91.3848	-10.1743
			*MESH_VERTEX 186	-27.7801	-84.882	-12.7139
			*MESH_VERTEX 187	-9.06443	-17.1288	35.3432
			*MESH_VERTEX 188	22.8417	-52.5743	33.2794
			*MESH_VERTEX 189	-0.034848	-114.889	40.7378
			*MESH_VERTEX 190	-20.2448	-104.645	44.3802
			*MESH_VERTEX 191	24.3242	-88.9996	-11.0016
			*MESH_VERTEX 192	29.5991	-88.5601	-16.0103
			*MESH_VERTEX 193	-0.034943	-138.833	52.3535
			*MESH_VERTEX 194	8.23025	-135.658	51.107
			*MESH_VERTEX 195	-8.29997	-135.658	51.107
			*MESH_VERTEX 196	16.8237	-119.217	53.6523
			*MESH_VERTEX 197	13.6893	-122.96	39.1159
			*MESH_VERTEX 198	-13.759	-122.96	39.1159
			*MESH_VERTEX 199	18.3697	21.3306	-11.765
			*MESH_VERTEX 200	18.9539	17.1512	-22.5598
			*MESH_VERTEX 201	20.1751	-104.645	44.3802
			*MESH_VERTEX 202	13.2488	-14.8571	22.9288
			*MESH_VERTEX 203	-20.6473	19.8685	-23.0486
			*MESH_VERTEX 204	-24.3974	-66.4788	21.5682
			*MESH_VERTEX 205	-18.758	-85.8448	-1.71606
			*MESH_VERTEX 206	21.2651	-114.327	65.2054
			*MESH_VERTEX 207	18.2149	-112.014	65.8079
			*MESH_VERTEX 208	-21.3339	-114.327	65.2054
			*MESH_VERTEX 209	-18.2834	-112.014	65.8079
			*MESH_VERTEX 210	-21.4612	-134.685	47.8714
			*MESH_VERTEX 211	-29.1036	-142.426	57.4888
			*MESH_VERTEX 212	-31.6702	-140.66	63.5408
			*MESH_VERTEX 213	21.3915	-134.685	47.8714
			*MESH_VERTEX 214	29.0339	-142.426	57.4888
			*MESH_VERTEX 215	31.6005	-140.66	63.5408
			*MESH_VERTEX 216	-22.715	-52.5755	33.1878
			*MESH_VERTEX 217	-19.6388	24.0546	-12.2475
			*MESH_VERTEX 218	-19.7582	19.0036	-15.0095
			*MESH_VERTEX 219	25.2616	-66.0473	21.9796
			*MESH_VERTEX 220	20.0529	-83.4682	-2.78916
			*MESH_VERTEX 221	-18.5378	-90.0337	-15.2656
			*MESH_VERTEX 222	32.6326	-148.202	66.3293
			*MESH_VERTEX 223	-32.7023	-148.202	66.3293
			*MESH_VERTEX 224	37.6732	-146.751	75.8711
			*MESH_VERTEX 225	-37.7429	-146.751	75.8711
			*MESH_VERTEX 226	18.2064	16.2847	-14.5211
			*MESH_VERTEX 227	-21.5026	-4.86655	27.4676
			*MESH_VERTEX 228	-25.6752	-136.323	45.8455
			*MESH_VERTEX 229	25.6055	-136.323	45.8456
			*MESH_VERTEX 230	-7.38652	-125.836	22.1423
			*MESH_VERTEX 231	12.5174	-116.236	29.3319
			*MESH_VERTEX 232	7.31681	-125.836	22.1423
			*MESH_VERTEX 233	-13.9973	-11.0833	23.2988
			*MESH_VERTEX 234	-11.0536	3.91459	18.5394
			*MESH_VERTEX 235	19.8444	-88.0824	-16.2359
			*MESH_VERTEX 236	7.40708	-142.697	47.6013
			*MESH_VERTEX 237	-7.47679	-142.697	47.6013
			*MESH_VERTEX 238	-0.010817	-28.193	89.0733
			*MESH_VERTEX 239	-9.33211	-137.824	40.083
			*MESH_VERTEX 240	-11.5505	-131.72	39.3002
			*MESH_VERTEX 241	-13.6854	-127.517	38.82
			*MESH_VERTEX 242	-18.1102	-127.822	38.874
			*MESH_VERTEX 243	9.2624	-137.824	40.083
			*MESH_VERTEX 244	11.4808	-131.72	39.3002
			*MESH_VERTEX 245	13.6157	-127.517	38.82
			*MESH_VERTEX 246	18.0405	-127.822	38.874
			*MESH_VERTEX 247	24.9644	-139.461	50.0327
			*MESH_VERTEX 248	-25.0341	-139.461	50.0327
			*MESH_VERTEX 249	-34.0218	-131.063	51.9403
			*MESH_VERTEX 250	33.9521	-131.063	51.9403
			*MESH_VERTEX 251	10.1716	0.519371	18.258
			*MESH_VERTEX 252	-27.753	-85.2801	-2.12125
			*MESH_VERTEX 253	8.99966	0.0878654	37.8415
			*MESH_VERTEX 254	-28.2737	-75.7582	72.2135
			*MESH_VERTEX 255	28.204	-75.7583	72.2135
			*MESH_VERTEX 256	-27.5257	-88.2057	39.6202
			*MESH_VERTEX 257	-9.32965	2.24743	39.4393
			*MESH_VERTEX 258	34.2866	-141.266	55.0973
			*MESH_VERTEX 259	-34.3563	-141.266	55.0973
			*MESH_VERTEX 260	27.6553	-88.3433	39.7884
			*MESH_VERTEX 261	-12.951	-122.256	54.4787
			*MESH_VERTEX 262	12.8813	-122.256	54.4787
			*MESH_VERTEX 263	23.9001	-75.4926	81.5203
			*MESH_VERTEX 264	24.263	-74.9541	-5.9143
			*MESH_VERTEX 265	33.6959	-146.446	75.5863
			*MESH_VERTEX 266	-33.7657	-146.446	75.5863
			*MESH_VERTEX 267	-0.26848	-9.535	33.3722
			*MESH_VERTEX 268	-17.3611	-104.57	33.4752
			*MESH_VERTEX 269	8.20157	-131.967	30.9439
			*MESH_VERTEX 270	7.05384	-134.252	32.5024
			*MESH_VERTEX 271	-8.27129	-131.967	30.9439
			*MESH_VERTEX 272	-7.12356	-134.252	32.5024
			*MESH_VERTEX 273	27.8354	-50.6171	52.323
			*MESH_VERTEX 274	-15.6347	-113.153	67.7885
			*MESH_VERTEX 275	15.567	-113.153	67.7885
			*MESH_VERTEX 276	-27.8759	-50.6123	52.3273
			*MESH_VERTEX 277	-36.5204	-146.036	78.1855
			*MESH_VERTEX 278	36.4507	-146.036	78.1855
			*MESH_VERTEX 279	22.6056	-97.7285	48.9857
			*MESH_VERTEX 280	-22.6753	-97.7285	48.9857
			*MESH_VERTEX 281	2.83206	7.66688	56.3897
			*MESH_VERTEX 282	-2.87772	7.64016	56.3506
			*MESH_VERTEX 283	-0.044912	10.4123	43.3751
			*MESH_VERTEX 284	-0.042068	17.0897	25.5289
			*MESH_VERTEX 285	2.7586	18.8005	21.7581
			*MESH_VERTEX 286	3.09322	19.5986	25.9715
			*MESH_VERTEX 287	-2.82815	18.8003	21.7581
			*MESH_VERTEX 288	-3.16285	19.5985	25.9715
			*MESH_VERTEX 289	10.9676	16.4138	-14.6155
			*MESH_VERTEX 290	-12.5198	19.1379	-15.1026
			*MESH_VERTEX 291	-22.95	-77.4875	-5.40649
			*MESH_VERTEX 292	-0.039333	8.79653	59.0003
			*MESH_VERTEX 293	24.5375	-130.142	41.9156
			*MESH_VERTEX 294	-24.6072	-130.142	41.9156
			*MESH_VERTEX 295	28.0571	-61.9694	40.0259
			*MESH_VERTEX 296	-27.7437	-134.93	57.1401
			*MESH_VERTEX 297	15.3197	-6.41272	16.7026
			*MESH_VERTEX 298	27.6757	-134.973	57.1518
			*MESH_VERTEX 299	-16.3572	-19.2857	73.3036
			*MESH_VERTEX 300	-23.9698	-75.4926	81.5202
			*MESH_VERTEX 301	-16.273	-56.5702	80.5138
			*MESH_VERTEX 302	-27.7529	-61.8743	40.0058
			*MESH_VERTEX 303	7.29999e-005	-78.2181	14.1137
			*MESH_VERTEX 304	-1.84287	15.9597	36.1349
			*MESH_VERTEX 305	1.77322	15.9598	36.1349
			*MESH_VERTEX 306	-26.7186	-35.981	61.4349
			*MESH_VERTEX 307	19.2863	-123.671	42.7984
			*MESH_VERTEX 308	-19.3561	-123.671	42.7984
			*MESH_VERTEX 309	28.9169	-82.9761	-2.98503
			*MESH_VERTEX 310	19.8726	0.0104671	22.285
			*MESH_VERTEX 311	14.6185	4.36715	27.0754
			*MESH_VERTEX 312	-21.6651	-133.951	42.2251
			*MESH_VERTEX 313	21.5954	-133.951	42.2251
			*MESH_VERTEX 314	-16.175	-3.08451	17.4465
			*MESH_VERTEX 315	-20.6868	3.58839	22.7464
			*MESH_VERTEX 316	-15.3881	8.25901	27.2633
			*MESH_VERTEX 317	26.169	-127.589	52.6192
			*MESH_VERTEX 318	-26.2387	-127.589	52.6192
			*MESH_VERTEX 319	2.73699	-144.677	52.1787
			*MESH_VERTEX 320	-2.80671	-144.677	52.1787
			*MESH_VERTEX 321	12.1648	-117.123	34.1905
			*MESH_VERTEX 322	-12.2346	-117.123	34.1905
			*MESH_VERTEX 323	35.4171	-147.654	70.0116
			*MESH_VERTEX 324	-35.4868	-147.654	70.0116
			*MESH_VERTEX 325	17.2532	-133.207	45.934
			*MESH_VERTEX 326	-17.3229	-133.207	45.934
			*MESH_VERTEX 327	-0.034963	17.9354	21.2197
			*MESH_VERTEX 328	26.6375	-35.8842	61.7795
			*MESH_VERTEX 329	3.8e-005	-53.431	92.4005
			*MESH_VERTEX 330	-0.063978	-52.3189	14.857
			*MESH_VERTEX 331	16.9508	-132.292	40.0507
			*MESH_VERTEX 332	-17.0205	-132.292	40.0507
			*MESH_VERTEX 333	9.99458	-126.43	29.8035
			*MESH_VERTEX 334	-10.0643	-126.43	29.8035
			*MESH_VERTEX 335	-0.034856	-138.162	27.6611
			*MESH_VERTEX 336	-0.034996	22.9261	21.6431
			*MESH_VERTEX 337	16.2016	-19.1316	76.9691
			*MESH_VERTEX 338	-0.035188	14.1769	45.1477
			*MESH_VERTEX 339	-0.035012	13.8432	35.5292
			*MESH_VERTEX 340	-23.3509	-89.3426	-1.29539
			*MESH_VERTEX 341	-0.034863	17.5893	36.5602
			*MESH_VERTEX 342	18.3326	-130.194	51.351
			*MESH_VERTEX 343	-18.4023	-130.194	51.351
			*MESH_VERTEX 344	6.24408	-138.36	37.4983
			*MESH_VERTEX 345	-6.31379	-138.36	37.4983
			*MESH_VERTEX 346	5.02123	-133.411	27.6955
			*MESH_VERTEX 347	-5.09095	-133.411	27.6955
			*MESH_VERTEX 348	19.276	-125.128	49.3921
			*MESH_VERTEX 349	-19.3457	-125.128	49.3921
			*MESH_VERTEX 350	24.4587	-87.021	-2.45627
		}
		*MESH_FACE_LIST {
			*MESH_FACE    0:    A:    231 B:    321 C:    333 AB:    1 BC:    1 CA:    1	 *MESH_SMOOTHING 1 	*MESH_MTLID 0
			*MESH_FACE    1:    A:    301 B:    329 C:    238 AB:    1 BC:    1 CA:    1	 *MESH_SMOOTHING 1 	*MESH_MTLID 0
			*MESH_FACE    2:    A:    234 B:    7 C:    316 AB:    1 BC:    1 CA:    1	 *MESH_SMOOTHING 1 	*MESH_MTLID 0
			*MESH_FACE    3:    A:    49 B:    314 C:    315 AB:    1 BC:    1 CA:    1	 *MESH_SMOOTHING 1 	*MESH_MTLID 0
			*MESH_FACE    4:    A:    127 B:    263 C:    255 AB:    1 BC:    1 CA:    1	 *MESH_SMOOTHING 1 	*MESH_MTLID 0
			*MESH_FACE    5:    A:    279 B:    201 C:    156 AB:    1 BC:    1 CA:    1	 *MESH_SMOOTHING 1 	*MESH_MTLID 0
			*MESH_FACE    6:    A:    204 B:    252 C:    166 AB:    1 BC:    1 CA:    1	 *MESH_SMOOTHING 1 	*MESH_MTLID 0
			*MESH_FACE    7:    A:    276 B:    135 C:    306 AB:    1 BC:    1 CA:    1	 *MESH_SMOOTHING 1 	*MESH_MTLID 0
			*MESH_FACE    8:    A:    205 B:    85 C:    109 AB:    1 BC:    1 CA:    1	 *MESH_SMOOTHING 1 	*MESH_MTLID 0
			*MESH_FACE    9:    A:    94 B:    70 C:    138 AB:    1 BC:    1 CA:    1	 *MESH_SMOOTHING 1 	*MESH_MTLID 0
			*MESH_FACE    10:    A:    180 B:    316 C:    7 AB:    1 BC:    1 CA:    1	 *MESH_SMOOTHING 1 	*MESH_MTLID 0
			*MESH_FACE    11:    A:    315 B:    76 C:    49 AB:    1 BC:    1 CA:    1	 *MESH_SMOOTHING 1 	*MESH_MTLID 0
			*MESH_FACE    12:    A:    299 B:    306 C:    150 AB:    1 BC:    1 CA:    1	 *MESH_SMOOTHING 1 	*MESH_MTLID 0
			*MESH_FACE    13:    A:    316 B:    76 C:    315 AB:    1 BC:    1 CA:    1	 *MESH_SMOOTHING 1 	*MESH_MTLID 0
			*MESH_FACE    14:    A:    9 B:    1 C:    88 AB:    1 BC:    1 CA:    1	 *MESH_SMOOTHING 1 	*MESH_MTLID 0
			*MESH_FACE    15:    A:    167 B:    254 C:    108 AB:    1 BC:    1 CA:    1	 *MESH_SMOOTHING 1 	*MESH_MTLID 0
			*MESH_FACE    16:    A:    305 B:    339 C:    284 AB:    1 BC:    1 CA:    1	 *MESH_SMOOTHING 1 	*MESH_MTLID 0
			*MESH_FACE    17:    A:    304 B:    284 C:    339 AB:    1 BC:    1 CA:    1	 *MESH_SMOOTHING 1 	*MESH_MTLID 0
			*MESH_FACE    18:    A:    79 B:    299 C:    150 AB:    1 BC:    1 CA:    1	 *MESH_SMOOTHING 1 	*MESH_MTLID 0
			*MESH_FACE    19:    A:    337 B:    45 C:    61 AB:    1 BC:    1 CA:    1	 *MESH_SMOOTHING 1 	*MESH_MTLID 0
			*MESH_FACE    20:    A:    265 B:    2 C:    12 AB:    1 BC:    1 CA:    1	 *MESH_SMOOTHING 1 	*MESH_MTLID 0
			*MESH_FACE    21:    A:    323 B:    224 C:    12 AB:    1 BC:    1 CA:    1	 *MESH_SMOOTHING 1 	*MESH_MTLID 0
			*MESH_FACE    22:    A:    280 B:    14 C:    138 AB:    1 BC:    1 CA:    1	 *MESH_SMOOTHING 1 	*MESH_MTLID 0
			*MESH_FACE    23:    A:    330 B:    303 C:    216 AB:    1 BC:    1 CA:    1	 *MESH_SMOOTHING 1 	*MESH_MTLID 0
			*MESH_FACE    24:    A:    16 B:    15 C:    223 AB:    1 BC:    1 CA:    1	 *MESH_SMOOTHING 1 	*MESH_MTLID 0
			*MESH_FACE    25:    A:    211 B:    16 C:    223 AB:    1 BC:    1 CA:    1	 *MESH_SMOOTHING 1 	*MESH_MTLID 0
			*MESH_FACE    26:    A:    266 B:    15 C:    16 AB:    1 BC:    1 CA:    1	 *MESH_SMOOTHING 1 	*MESH_MTLID 0
			*MESH_FACE    27:    A:    36 B:    212 C:    296 AB:    1 BC:    1 CA:    1	 *MESH_SMOOTHING 1 	*MESH_MTLID 0
			*MESH_FACE    28:    A:    13 B:    298 C:    215 AB:    1 BC:    1 CA:    1	 *MESH_SMOOTHING 1 	*MESH_MTLID 0
			*MESH_FACE    29:    A:    229 B:    154 C:    258 AB:    1 BC:    1 CA:    1	 *MESH_SMOOTHING 1 	*MESH_MTLID 0
			*MESH_FACE    30:    A:    252 B:    204 C:    291 AB:    1 BC:    1 CA:    1	 *MESH_SMOOTHING 1 	*MESH_MTLID 0
			*MESH_FACE    31:    A:    291 B:    204 C:    205 AB:    1 BC:    1 CA:    1	 *MESH_SMOOTHING 1 	*MESH_MTLID 0
			*MESH_FACE    32:    A:    350 B:    309 C:    112 AB:    1 BC:    1 CA:    1	 *MESH_SMOOTHING 1 	*MESH_MTLID 0
			*MESH_FACE    33:    A:    112 B:    220 C:    350 AB:    1 BC:    1 CA:    1	 *MESH_SMOOTHING 1 	*MESH_MTLID 0
			*MESH_FACE    34:    A:    132 B:    66 C:    3 AB:    1 BC:    1 CA:    1	 *MESH_SMOOTHING 1 	*MESH_MTLID 0
			*MESH_FACE    35:    A:    132 B:    80 C:    11 AB:    1 BC:    1 CA:    1	 *MESH_SMOOTHING 1 	*MESH_MTLID 0
			*MESH_FACE    36:    A:    194 B:    122 C:    193 AB:    1 BC:    1 CA:    1	 *MESH_SMOOTHING 1 	*MESH_MTLID 0
			*MESH_FACE    37:    A:    279 B:    29 C:    201 AB:    1 BC:    1 CA:    1	 *MESH_SMOOTHING 1 	*MESH_MTLID 0
			*MESH_FACE    38:    A:    129 B:    130 C:    279 AB:    1 BC:    1 CA:    1	 *MESH_SMOOTHING 1 	*MESH_MTLID 0
			*MESH_FACE    39:    A:    220 B:    112 C:    86 AB:    1 BC:    1 CA:    1	 *MESH_SMOOTHING 1 	*MESH_MTLID 0
			*MESH_FACE    40:    A:    127 B:    255 C:    93 AB:    1 BC:    1 CA:    1	 *MESH_SMOOTHING 1 	*MESH_MTLID 0
			*MESH_FACE    41:    A:    219 B:    163 C:    309 AB:    1 BC:    1 CA:    1	 *MESH_SMOOTHING 1 	*MESH_MTLID 0
			*MESH_FACE    42:    A:    78 B:    77 C:    253 AB:    1 BC:    1 CA:    1	 *MESH_SMOOTHING 1 	*MESH_MTLID 0
			*MESH_FACE    43:    A:    330 B:    188 C:    303 AB:    1 BC:    1 CA:    1	 *MESH_SMOOTHING 1 	*MESH_MTLID 0
